# Color table file tokuda_colormap.txt
# 256 values
0 color 0 0 143
1 color 0 0 147
2 color 0 0 151
3 color 0 0 155
4 color 0 0 159
5 color 0 0 163
6 color 0 0 167
7 color 0 0 171
8 color 0 0 175
9 color 0 0 179
10 color 0 0 183
11 color 0 0 187
12 color 0 0 191
13 color 0 0 195
14 color 0 0 199
15 color 0 0 203
16 color 0 0 207
17 color 0 0 211
18 color 0 0 215
19 color 0 0 219
20 color 0 0 223
21 color 0 0 227
22 color 0 0 231
23 color 0 0 235
24 color 0 0 239
25 color 0 0 244
26 color 0 0 248
27 color 0 0 252
28 color 0 0 255
29 color 0 3 255
30 color 0 7 255
31 color 0 11 255
32 color 0 16 255
33 color 0 20 255
34 color 0 24 255
35 color 0 28 255
36 color 0 32 255
37 color 0 36 255
38 color 0 40 255
39 color 0 44 255
40 color 0 48 255
41 color 0 52 255
42 color 0 56 255
43 color 0 60 255
44 color 0 64 255
45 color 0 68 255
46 color 0 72 255
47 color 0 76 255
48 color 0 80 255
49 color 0 84 255
50 color 0 88 255
51 color 0 92 255
52 color 0 96 255
53 color 0 100 255
54 color 0 104 255
55 color 0 108 255
56 color 0 112 255
57 color 0 116 255
58 color 0 119 255
59 color 0 123 255
60 color 0 127 255
61 color 0 131 255
62 color 0 135 255
63 color 0 139 255
64 color 0 143 255
65 color 0 147 255
66 color 0 151 255
67 color 0 155 255
68 color 0 159 255
69 color 0 163 255
70 color 0 167 255
71 color 0 171 255
72 color 0 175 255
73 color 0 179 255
74 color 0 183 255
75 color 0 187 255
76 color 0 191 255
77 color 0 195 255
78 color 0 199 255
79 color 0 203 255
80 color 0 207 255
81 color 0 211 255
82 color 0 215 255
83 color 0 219 255
84 color 0 223 255
85 color 0 227 255
86 color 0 231 255
87 color 0 235 255
88 color 0 239 255
89 color 0 244 255
90 color 0 248 255
91 color 0 252 255
92 color 0 255 255
93 color 3 255 252
94 color 7 255 248
95 color 11 255 244
96 color 16 255 239
97 color 20 255 235
98 color 24 255 231
99 color 28 255 227
100 color 32 255 223
101 color 36 255 219
102 color 40 255 215
103 color 44 255 211
104 color 48 255 207
105 color 52 255 203
106 color 56 255 199
107 color 60 255 195
108 color 64 255 191
109 color 68 255 187
110 color 72 255 183
111 color 76 255 179
112 color 80 255 175
113 color 84 255 171
114 color 88 255 167
115 color 92 255 163
116 color 96 255 159
117 color 100 255 155
118 color 104 255 151
119 color 108 255 147
120 color 112 255 143
121 color 116 255 139
122 color 119 255 135
123 color 123 255 131
124 color 127 255 127
125 color 131 255 123
126 color 135 255 119
127 color 139 255 116
128 color 143 255 112
129 color 147 255 108
130 color 151 255 104
131 color 155 255 100
132 color 159 255 96
133 color 163 255 92
134 color 167 255 88
135 color 171 255 84
136 color 175 255 80
137 color 179 255 76
138 color 183 255 72
139 color 187 255 68
140 color 191 255 64
141 color 195 255 60
142 color 199 255 56
143 color 203 255 52
144 color 207 255 48
145 color 211 255 44
146 color 215 255 40
147 color 219 255 36
148 color 223 255 32
149 color 227 255 28
150 color 231 255 24
151 color 235 255 20
152 color 239 255 16
153 color 244 255 11
154 color 248 255 7
155 color 252 255 3
156 color 255 255 0
157 color 255 252 0
158 color 255 248 0
159 color 255 244 0
160 color 255 239 0
161 color 255 235 0
162 color 255 231 0
163 color 255 227 0
164 color 255 223 0
165 color 255 219 0
166 color 255 215 0
167 color 255 211 0
168 color 255 207 0
169 color 255 203 0
170 color 255 199 0
171 color 255 195 0
172 color 255 191 0
173 color 255 187 0
174 color 255 183 0
175 color 255 179 0
176 color 255 175 0
177 color 255 171 0
178 color 255 167 0
179 color 255 163 0
180 color 255 159 0
181 color 255 155 0
182 color 255 151 0
183 color 255 147 0
184 color 255 143 0
185 color 255 139 0
186 color 255 135 0
187 color 255 131 0
188 color 255 127 0
189 color 255 123 0
190 color 255 119 0
191 color 255 116 0
192 color 255 112 0
193 color 255 108 0
194 color 255 104 0
195 color 255 100 0
196 color 255 96 0
197 color 255 92 0
198 color 255 88 0
199 color 255 84 0
200 color 255 80 0
201 color 255 76 0
202 color 255 72 0
203 color 255 68 0
204 color 255 64 0
205 color 255 60 0
206 color 255 56 0
207 color 255 52 0
208 color 255 48 0
209 color 255 44 0
210 color 255 40 0
211 color 255 36 0
212 color 255 32 0
213 color 255 28 0
214 color 255 24 0
215 color 255 20 0
216 color 255 16 0
217 color 255 11 0
218 color 255 7 0
219 color 255 3 0
220 color 255 0 0
221 color 252 0 0
222 color 248 0 0
223 color 244 0 0
224 color 239 0 0
225 color 235 0 0
226 color 231 0 0
227 color 227 0 0
228 color 223 0 0
229 color 219 0 0
230 color 215 0 0
231 color 211 0 0
232 color 207 0 0
233 color 203 0 0
234 color 199 0 0
235 color 195 0 0
236 color 191 0 0
237 color 187 0 0
238 color 183 0 0
239 color 179 0 0
240 color 175 0 0
241 color 171 0 0
242 color 167 0 0
243 color 163 0 0
244 color 159 0 0
245 color 155 0 0
246 color 151 0 0
247 color 147 0 0
248 color 143 0 0
249 color 139 0 0
250 color 135 0 0
251 color 131 0 0
252 color 127 0 0
253 color 123 0 0
254 color 119 0 0
255 color 116 0 0
