0.000000 0.000000 0.000000 0.000000
300.000000 0.999917 0.010713 -0.007142
300.000000 0.000000 0.999975 -0.007017
300.000000 0.000000 0.000000 1.000000
300.000000 0.000000 0.000000 1.000000
300.000000 0.000000 0.999975 -0.007017
300.000000 0.999917 0.010713 -0.007142
550.000000 0.704577 -0.709610 -0.005033
550.000000 0.710884 -0.007617 -0.703268
550.000000 0.710884 0.007617 0.703268
550.000000 0.704577 0.709610 -0.005033
550.000000 0.000000 0.714589 0.699545
550.000000 0.000000 0.714589 -0.699545
550.000000 0.000000 0.714589 -0.699545
550.000000 0.000000 0.714589 0.699545
550.000000 0.704577 0.709610 -0.005033
550.000000 0.710884 0.007617 0.703268
550.000000 0.710884 -0.007617 -0.703268
550.000000 0.704577 -0.709610 -0.005033
850.000000 0.578023 -0.582152 -0.571830
850.000000 0.578023 -0.582152 0.571830
850.000000 0.578023 0.582152 -0.571830
850.000000 0.578023 0.582152 0.571830
850.000000 0.578023 0.582152 0.571830
850.000000 0.578023 0.582152 -0.571830
850.000000 0.578023 -0.582152 0.571830
850.000000 0.578023 -0.582152 -0.571830
1100.000000 0.999984 0.004468 -0.003575
1150.000000 0.000000 0.999990 -0.004437
1100.000000 0.000000 0.000000 1.000000
1100.000000 0.000000 0.000000 1.000000
1150.000000 0.000000 0.999990 -0.004437
1100.000000 0.999984 0.004468 -0.003575
1400.000000 0.892982 -0.450082 -0.003192
1400.000000 0.896175 -0.004004 -0.443683
1400.000000 0.896175 0.004004 0.443683
1400.000000 0.892982 0.450082 -0.003192
1400.000000 0.445937 -0.895059 -0.003185
1400.000000 0.449132 -0.004812 -0.893452
1400.000000 0.449132 0.004812 0.893452
1400.000000 0.445937 0.895059 -0.003185
1400.000000 0.000000 0.896802 0.442433
1400.000000 0.000000 0.896802 -0.442433
1400.000000 0.000000 0.452926 0.891548
1400.000000 0.000000 0.452926 -0.891548
1400.000000 0.000000 0.452926 -0.891548
1400.000000 0.000000 0.452926 0.891548
1400.000000 0.000000 0.896802 -0.442433
1400.000000 0.000000 0.896802 0.442433
1400.000000 0.445937 0.895059 -0.003185
1400.000000 0.449132 0.004812 0.893452
1400.000000 0.449132 -0.004812 -0.893452
1400.000000 0.445937 -0.895059 -0.003185
1400.000000 0.892982 0.450082 -0.003192
1400.000000 0.896175 0.004004 0.443683
1400.000000 0.896175 -0.004004 -0.443683
1400.000000 0.892982 -0.450082 -0.003192
1700.000000 0.816729 -0.411649 -0.404350
1700.000000 0.816729 -0.411649 0.404350
1700.000000 0.816729 0.411649 -0.404350
1700.000000 0.816729 0.411649 0.404350
1700.000000 0.408000 -0.818914 -0.403628
1700.000000 0.408000 -0.818914 0.403628
1650.000000 0.409218 -0.412141 -0.814052
1650.000000 0.409218 -0.412141 0.814052
1650.000000 0.409218 0.412141 -0.814052
1650.000000 0.409218 0.412141 0.814052
1700.000000 0.408000 0.818914 -0.403628
1700.000000 0.408000 0.818914 0.403628
1700.000000 0.408000 0.818914 0.403628
1700.000000 0.408000 0.818914 -0.403628
1650.000000 0.409218 0.412141 0.814052
1650.000000 0.409218 0.412141 -0.814052
1650.000000 0.409218 -0.412141 0.814052
1650.000000 0.409218 -0.412141 -0.814052
1700.000000 0.408000 -0.818914 0.403628
1700.000000 0.408000 -0.818914 -0.403628
1700.000000 0.816729 0.411649 0.404350
1700.000000 0.816729 0.411649 -0.404350
1700.000000 0.816729 -0.411649 0.404350
1700.000000 0.816729 -0.411649 -0.404350
2250.000000 0.705842 -0.708365 -0.002523
2250.000000 0.709001 -0.003168 -0.705200
2250.000000 0.709001 0.003168 0.705200
2250.000000 0.705842 0.708365 -0.002523
2250.000000 0.000000 0.710251 0.703949
2250.000000 0.000000 0.710251 -0.703949
2250.000000 0.000000 0.710251 -0.703949
2250.000000 0.000000 0.710251 0.703949
2250.000000 0.705842 0.708365 -0.002523
2250.000000 0.709001 0.003168 0.705200
2250.000000 0.709001 -0.003168 -0.705200
2250.000000 0.705842 -0.708365 -0.002523
2500.000000 0.999991 0.003181 -0.002783
2500.000000 0.666330 -0.668712 -0.329890
2500.000000 0.666330 -0.668712 0.329890
2500.000000 0.667655 -0.336513 -0.664075
2500.000000 0.667655 -0.336513 0.664075
2500.000000 0.667655 0.336513 -0.664075
2500.000000 0.667655 0.336513 0.664075
2500.000000 0.666330 0.668712 -0.329890
2500.000000 0.666330 0.668712 0.329890
2500.000000 0.333595 -0.669573 -0.663616
2500.000000 0.333595 -0.669573 0.663616
2500.000000 0.333595 0.669573 -0.663616
2500.000000 0.333595 0.669573 0.663616
2550.000000 0.000000 0.999996 -0.002769
2500.000000 0.000000 0.000000 1.000000
2500.000000 0.000000 0.000000 1.000000
2550.000000 0.000000 0.999996 -0.002769
2500.000000 0.333595 0.669573 0.663616
2500.000000 0.333595 0.669573 -0.663616
2500.000000 0.333595 -0.669573 0.663616
2500.000000 0.333595 -0.669573 -0.663616
2500.000000 0.666330 0.668712 0.329890
2500.000000 0.666330 0.668712 -0.329890
2500.000000 0.667655 0.336513 0.664075
2500.000000 0.667655 0.336513 -0.664075
2500.000000 0.667655 -0.336513 0.664075
2500.000000 0.667655 -0.336513 -0.664075
2500.000000 0.666330 -0.668712 0.329890
2500.000000 0.666330 -0.668712 -0.329890
2500.000000 0.999991 0.003181 -0.002783
2800.000000 0.947810 -0.318826 -0.002638
2800.000000 0.949506 -0.003020 -0.313733
2800.000000 0.949506 0.003020 0.313733
2800.000000 0.947810 0.318826 -0.002638
2800.000000 0.315888 -0.948794 -0.002256
2800.000000 0.317587 -0.003403 -0.948223
2800.000000 0.317587 0.003403 0.948223
2800.000000 0.315888 0.948794 -0.002256
2800.000000 0.000000 0.949767 0.312957
2800.000000 0.000000 0.949767 -0.312957
2800.000000 0.000000 0.320612 0.947211
2800.000000 0.000000 0.320612 -0.947211
2800.000000 0.000000 0.320612 -0.947211
2800.000000 0.000000 0.320612 0.947211
2800.000000 0.000000 0.949767 -0.312957
2800.000000 0.000000 0.949767 0.312957
2800.000000 0.315888 0.948794 -0.002256
2800.000000 0.317587 0.003403 0.948223
2800.000000 0.317587 -0.003403 -0.948223
2800.000000 0.315888 -0.948794 -0.002256
2800.000000 0.947810 0.318826 -0.002638
2800.000000 0.949506 0.003020 0.313733
2800.000000 0.949506 -0.003020 -0.313733
2800.000000 0.947810 -0.318826 -0.002638
3100.000000 0.904495 -0.304255 -0.298861
3100.000000 0.904495 -0.304255 0.298861
3100.000000 0.904495 0.304255 -0.298861
3100.000000 0.904495 0.304255 0.298861
3100.000000 0.301510 -0.905606 -0.298279
3100.000000 0.301510 -0.905606 0.298279
3050.000000 0.302492 -0.304652 -0.903153
3050.000000 0.302492 -0.304652 0.903153
3050.000000 0.302492 0.304652 -0.903153
3050.000000 0.302492 0.304652 0.903153
3100.000000 0.301510 0.905606 -0.298279
3100.000000 0.301510 0.905606 0.298279
3100.000000 0.301510 0.905606 0.298279
3100.000000 0.301510 0.905606 -0.298279
3050.000000 0.302492 0.304652 0.903153
3050.000000 0.302492 0.304652 -0.903153
3050.000000 0.302492 -0.304652 0.903153
3050.000000 0.302492 -0.304652 -0.903153
3100.000000 0.301510 -0.905606 0.298279
3100.000000 0.301510 -0.905606 -0.298279
3100.000000 0.904495 0.304255 0.298861
3100.000000 0.904495 0.304255 -0.298861
3100.000000 0.904495 -0.304255 0.298861
3100.000000 0.904495 -0.304255 -0.298861
3350.000000 0.577691 -0.579756 -0.574593
3350.000000 0.577691 -0.579756 0.574593
3350.000000 0.577691 0.579756 -0.574593
3350.000000 0.577691 0.579756 0.574593
3350.000000 0.577691 0.579756 0.574593
3350.000000 0.577691 0.579756 -0.574593
3350.000000 0.577691 -0.579756 0.574593
3350.000000 0.577691 -0.579756 -0.574593
3650.000000 0.830928 -0.556375 -0.002313
3600.000000 0.833218 -0.002650 -0.552939
3600.000000 0.833218 0.002650 0.552939
3650.000000 0.830928 0.556375 -0.002313
3650.000000 0.554128 -0.832429 -0.001981
3600.000000 0.556189 -0.002485 -0.831052
3600.000000 0.556189 0.002485 0.831052
3650.000000 0.554128 0.832429 -0.001981
3650.000000 0.000000 0.833923 0.551880
3650.000000 0.000000 0.833923 -0.551880
3650.000000 0.000000 0.557551 0.830143
3650.000000 0.000000 0.557551 -0.830143
3650.000000 0.000000 0.557551 -0.830143
3650.000000 0.000000 0.557551 0.830143
3650.000000 0.000000 0.833923 -0.551880
3650.000000 0.000000 0.833923 0.551880
3650.000000 0.554128 0.832429 -0.001981
3600.000000 0.556189 0.002485 0.831052
3600.000000 0.556189 -0.002485 -0.831052
3650.000000 0.554128 -0.832429 -0.001981
3650.000000 0.830928 0.556375 -0.002313
3600.000000 0.833218 0.002650 0.552939
3600.000000 0.833218 -0.002650 -0.552939
3650.000000 0.830928 -0.556375 -0.002313
3900.000000 0.801279 -0.536522 -0.264757
3900.000000 0.801279 -0.536522 0.264757
3900.000000 0.802303 -0.269880 -0.532423
3900.000000 0.802303 -0.269880 0.532423
3900.000000 0.802303 0.269880 -0.532423
3900.000000 0.802303 0.269880 0.532423
3900.000000 0.801279 0.536522 -0.264757
3900.000000 0.801279 0.536522 0.264757
3900.000000 0.534384 -0.802770 -0.264565
3900.000000 0.534384 -0.802770 0.264565
3900.000000 0.535545 -0.269926 -0.800207
3900.000000 0.535545 -0.269926 0.800207
3900.000000 0.535545 0.269926 -0.800207
3900.000000 0.535545 0.269926 0.800207
3900.000000 0.534384 0.802770 -0.264565
3900.000000 0.534384 0.802770 0.264565
3900.000000 0.267465 -0.803350 -0.532064
3900.000000 0.267465 -0.803350 0.532064
3900.000000 0.267806 -0.537525 -0.799592
3900.000000 0.267806 -0.537525 0.799592
3900.000000 0.267806 0.537525 -0.799592
3900.000000 0.267806 0.537525 0.799592
3900.000000 0.267465 0.803350 -0.532064
3900.000000 0.267465 0.803350 0.532064
3900.000000 0.267465 0.803350 0.532064
3900.000000 0.267465 0.803350 -0.532064
3900.000000 0.267806 0.537525 0.799592
3900.000000 0.267806 0.537525 -0.799592
3900.000000 0.267806 -0.537525 0.799592
3900.000000 0.267806 -0.537525 -0.799592
3900.000000 0.267465 -0.803350 0.532064
3900.000000 0.267465 -0.803350 -0.532064
3900.000000 0.534384 0.802770 0.264565
3900.000000 0.534384 0.802770 -0.264565
3900.000000 0.535545 0.269926 0.800207
3900.000000 0.535545 0.269926 -0.800207
3900.000000 0.535545 -0.269926 0.800207
3900.000000 0.535545 -0.269926 -0.800207
3900.000000 0.534384 -0.802770 0.264565
3900.000000 0.534384 -0.802770 -0.264565
3900.000000 0.801279 0.536522 0.264757
3900.000000 0.801279 0.536522 -0.264757
3900.000000 0.802303 0.269880 0.532423
3900.000000 0.802303 0.269880 -0.532423
3900.000000 0.802303 -0.269880 0.532423
3900.000000 0.802303 -0.269880 -0.532423
3900.000000 0.801279 -0.536522 0.264757
3900.000000 0.801279 -0.536522 -0.264757
4450.000000 0.999996 0.002237 -0.002013
4500.000000 0.000000 0.999998 -0.002006
4450.000000 0.000000 0.000000 1.000000
4450.000000 0.000000 0.000000 1.000000
4500.000000 0.000000 0.999998 -0.002006
4450.000000 0.999996 0.002237 -0.002013
4750.000000 0.969654 -0.244474 -0.001952
4750.000000 0.970624 -0.002171 -0.240593
4750.000000 0.970624 0.002171 0.240593
4750.000000 0.969654 0.244474 -0.001952
4750.000000 0.727638 -0.487213 -0.482874
4750.000000 0.727638 -0.487213 0.482874
4750.000000 0.727638 0.487213 -0.482874
4750.000000 0.727638 0.487213 0.482874
4750.000000 0.485299 -0.729033 -0.482697
4750.000000 0.485299 -0.729033 0.482697
4750.000000 0.485656 -0.487392 -0.725663
4750.000000 0.485656 -0.487392 0.725663
4750.000000 0.485656 0.487392 -0.725663
4750.000000 0.485656 0.487392 0.725663
4750.000000 0.485299 0.729033 -0.482697
4750.000000 0.485299 0.729033 0.482697
4750.000000 0.242332 -0.970192 -0.001731
4750.000000 0.243353 -0.002607 -0.969934
4750.000000 0.243353 0.002607 0.969934
4750.000000 0.242332 0.970192 -0.001731
4750.000000 0.000000 0.970738 0.240142
4750.000000 0.000000 0.970738 -0.240142
4750.000000 0.000000 0.245781 0.969325
4750.000000 0.000000 0.245781 -0.969325
4750.000000 0.000000 0.245781 -0.969325
4750.000000 0.000000 0.245781 0.969325
4750.000000 0.000000 0.970738 -0.240142
4750.000000 0.000000 0.970738 0.240142
4750.000000 0.242332 0.970192 -0.001731
4750.000000 0.243353 0.002607 0.969934
4750.000000 0.243353 -0.002607 -0.969934
4750.000000 0.242332 -0.970192 -0.001731
4750.000000 0.485299 0.729033 0.482697
4750.000000 0.485299 0.729033 -0.482697
4750.000000 0.485656 0.487392 0.725663
4750.000000 0.485656 0.487392 -0.725663
4750.000000 0.485656 -0.487392 0.725663
4750.000000 0.485656 -0.487392 -0.725663
4750.000000 0.485299 -0.729033 0.482697
4750.000000 0.485299 -0.729033 -0.482697
4750.000000 0.727638 0.487213 0.482874
4750.000000 0.727638 0.487213 -0.482874
4750.000000 0.727638 -0.487213 0.482874
4750.000000 0.727638 -0.487213 -0.482874
4750.000000 0.969654 0.244474 -0.001952
4750.000000 0.970624 0.002171 0.240593
4750.000000 0.970624 -0.002171 -0.240593
4750.000000 0.969654 -0.244474 -0.001952
5050.000000 0.942805 -0.237705 -0.233698
5050.000000 0.942805 -0.237705 0.233698
5050.000000 0.942805 0.237705 -0.233698
5050.000000 0.942805 0.237705 0.233698
5050.000000 0.706122 -0.708087 -0.001965
5000.000000 0.708230 -0.002253 -0.705978
5000.000000 0.708230 0.002253 0.705978
5050.000000 0.706122 0.708087 -0.001965
5050.000000 0.235655 -0.943460 -0.233130
5050.000000 0.235655 -0.943460 0.233130
5000.000000 0.236358 -0.238046 -0.942056
5000.000000 0.236358 -0.238046 0.942056
5000.000000 0.236358 0.238046 -0.942056
5000.000000 0.236358 0.238046 0.942056
5050.000000 0.235655 0.943460 -0.233130
5050.000000 0.235655 0.943460 0.233130
5050.000000 0.000000 0.709067 0.705141
5050.000000 0.000000 0.709067 -0.705141
5050.000000 0.000000 0.709067 -0.705141
5050.000000 0.000000 0.709067 0.705141
5050.000000 0.235655 0.943460 0.233130
5050.000000 0.235655 0.943460 -0.233130
5000.000000 0.236358 0.238046 0.942056
5000.000000 0.236358 0.238046 -0.942056
5000.000000 0.236358 -0.238046 0.942056
5000.000000 0.236358 -0.238046 -0.942056
5050.000000 0.235655 -0.943460 0.233130
5050.000000 0.235655 -0.943460 -0.233130
5050.000000 0.706122 0.708087 -0.001965
5000.000000 0.708230 0.002253 0.705978
5000.000000 0.708230 -0.002253 -0.705978
5050.000000 0.706122 -0.708087 -0.001965
5050.000000 0.942805 0.237705 0.233698
5050.000000 0.942805 0.237705 -0.233698
5050.000000 0.942805 -0.237705 0.233698
5050.000000 0.942805 -0.237705 -0.233698
5300.000000 0.687655 -0.689569 -0.227213
5300.000000 0.687655 -0.689569 0.227213
5300.000000 0.688951 -0.231750 -0.686759
5300.000000 0.688951 -0.231750 0.686759
5300.000000 0.688951 0.231750 -0.686759
5300.000000 0.688951 0.231750 0.686759
5300.000000 0.687655 0.689569 -0.227213
5300.000000 0.687655 0.689569 0.227213
5300.000000 0.229804 -0.690231 -0.686128
5300.000000 0.229804 -0.690231 0.686128
5300.000000 0.229804 0.690231 -0.686128
5300.000000 0.229804 0.690231 0.686128
5300.000000 0.229804 0.690231 0.686128
5300.000000 0.229804 0.690231 -0.686128
5300.000000 0.229804 -0.690231 0.686128
5300.000000 0.229804 -0.690231 -0.686128
5300.000000 0.687655 0.689569 0.227213
5300.000000 0.687655 0.689569 -0.227213
5300.000000 0.688951 0.231750 0.686759
5300.000000 0.688951 0.231750 -0.686759
5300.000000 0.688951 -0.231750 0.686759
5300.000000 0.688951 -0.231750 -0.686759
5300.000000 0.687655 -0.689569 0.227213
5300.000000 0.687655 -0.689569 -0.227213
5600.000000 0.893705 -0.448652 -0.001799
5600.000000 0.895145 -0.002003 -0.445770
5600.000000 0.895145 0.002003 0.445770
5600.000000 0.893705 0.448652 -0.001799
5600.000000 0.446893 -0.894586 -0.001597
5550.000000 0.448495 -0.002004 -0.893783
5550.000000 0.448495 0.002004 0.893783
5600.000000 0.446893 0.894586 -0.001597
5600.000000 0.000000 0.895502 0.445057
5600.000000 0.000000 0.895502 -0.445057
5600.000000 0.000000 0.449606 0.893227
5600.000000 0.000000 0.449606 -0.893227
5600.000000 0.000000 0.449606 -0.893227
5600.000000 0.000000 0.449606 0.893227
5600.000000 0.000000 0.895502 -0.445057
5600.000000 0.000000 0.895502 0.445057
5600.000000 0.446893 0.894586 -0.001597
5550.000000 0.448495 0.002004 0.893783
5550.000000 0.448495 -0.002004 -0.893783
5600.000000 0.446893 -0.894586 -0.001597
5600.000000 0.893705 0.448652 -0.001799
5600.000000 0.895145 0.002003 0.445770
5600.000000 0.895145 -0.002003 -0.445770
5600.000000 0.893705 -0.448652 -0.001799
5850.000000 0.872553 -0.438033 -0.216284
5850.000000 0.872553 -0.438033 0.216284
5850.000000 0.873185 -0.220152 -0.434834
5850.000000 0.873185 -0.220152 0.434834
5850.000000 0.873185 0.220152 -0.434834
5850.000000 0.873185 0.220152 0.434834
5850.000000 0.872553 0.438033 -0.216284
5850.000000 0.872553 0.438033 0.216284
5900.000000 0.436342 -0.873464 -0.216026
5900.000000 0.436342 -0.873464 0.216026
5850.000000 0.437458 -0.220488 -0.871789
5850.000000 0.437458 -0.220488 0.871789
5850.000000 0.437458 0.220488 -0.871789
5850.000000 0.437458 0.220488 0.871789
5900.000000 0.436342 0.873464 -0.216026
5900.000000 0.436342 0.873464 0.216026
5900.000000 0.218291 -0.873946 -0.434244
5900.000000 0.218291 -0.873946 0.434244
5850.000000 0.218663 -0.438888 -0.871529
5850.000000 0.218663 -0.438888 0.871529
5850.000000 0.218663 0.438888 -0.871529
5850.000000 0.218663 0.438888 0.871529
5900.000000 0.218291 0.873946 -0.434244
5900.000000 0.218291 0.873946 0.434244
5900.000000 0.218291 0.873946 0.434244
5900.000000 0.218291 0.873946 -0.434244
5850.000000 0.218663 0.438888 0.871529
5850.000000 0.218663 0.438888 -0.871529
5850.000000 0.218663 -0.438888 0.871529
5850.000000 0.218663 -0.438888 -0.871529
5900.000000 0.218291 -0.873946 0.434244
5900.000000 0.218291 -0.873946 -0.434244
5900.000000 0.436342 0.873464 0.216026
5900.000000 0.436342 0.873464 -0.216026
5850.000000 0.437458 0.220488 0.871789
5850.000000 0.437458 0.220488 -0.871789
5850.000000 0.437458 -0.220488 0.871789
5850.000000 0.437458 -0.220488 -0.871789
5900.000000 0.436342 -0.873464 0.216026
5900.000000 0.436342 -0.873464 -0.216026
5850.000000 0.872553 0.438033 0.216284
5850.000000 0.872553 0.438033 -0.216284
5850.000000 0.873185 0.220152 0.434834
5850.000000 0.873185 0.220152 -0.434834
5850.000000 0.873185 -0.220152 0.434834
5850.000000 0.873185 -0.220152 -0.434834
5850.000000 0.872553 -0.438033 0.216284
5850.000000 0.872553 -0.438033 -0.216284
6150.000000 0.639404 -0.641183 -0.424320
6150.000000 0.639404 -0.641183 0.424320
6150.000000 0.639924 -0.428482 -0.637888
6150.000000 0.639924 -0.428482 0.637888
6150.000000 0.639924 0.428482 -0.637888
6150.000000 0.639924 0.428482 0.637888
6150.000000 0.639404 0.641183 -0.424320
6150.000000 0.639404 0.641183 0.424320
6150.000000 0.426816 -0.641178 -0.637745
6150.000000 0.426816 -0.641178 0.637745
6150.000000 0.426816 0.641178 -0.637745
6150.000000 0.426816 0.641178 0.637745
6150.000000 0.426816 0.641178 0.637745
6150.000000 0.426816 0.641178 -0.637745
6150.000000 0.426816 -0.641178 0.637745
6150.000000 0.426816 -0.641178 -0.637745
6150.000000 0.639404 0.641183 0.424320
6150.000000 0.639404 0.641183 -0.424320
6150.000000 0.639924 0.428482 0.637888
6150.000000 0.639924 0.428482 -0.637888
6150.000000 0.639924 -0.428482 0.637888
6150.000000 0.639924 -0.428482 -0.637888
6150.000000 0.639404 -0.641183 0.424320
6150.000000 0.639404 -0.641183 -0.424320
6700.000000 0.816494 -0.409891 -0.406603
6700.000000 0.816494 -0.409891 0.406603
6700.000000 0.816494 0.409891 -0.406603
6700.000000 0.816494 0.409891 0.406603
6700.000000 0.408369 -0.817468 -0.406179
6700.000000 0.408369 -0.817468 0.406179
6700.000000 0.408978 -0.410440 -0.815032
6700.000000 0.408978 -0.410440 0.815032
6700.000000 0.408978 0.410440 -0.815032
6700.000000 0.408978 0.410440 0.815032
6700.000000 0.408369 0.817468 -0.406179
6700.000000 0.408369 0.817468 0.406179
6700.000000 0.408369 0.817468 0.406179
6700.000000 0.408369 0.817468 -0.406179
6700.000000 0.408978 0.410440 0.815032
6700.000000 0.408978 0.410440 -0.815032
6700.000000 0.408978 -0.410440 0.815032
6700.000000 0.408978 -0.410440 -0.815032
6700.000000 0.408369 -0.817468 0.406179
6700.000000 0.408369 -0.817468 -0.406179
6700.000000 0.816494 0.409891 0.406603
6700.000000 0.816494 0.409891 -0.406603
6700.000000 0.816494 -0.409891 0.406603
6700.000000 0.816494 -0.409891 -0.406603
7000.000000 0.999997 0.001861 -0.001575
7000.000000 0.799183 -0.601086 -0.001609
6950.000000 0.800815 -0.001792 -0.598909
6950.000000 0.800815 0.001792 0.598909
7000.000000 0.799183 0.601086 -0.001609
7000.000000 0.599351 -0.800485 -0.001668
6950.000000 0.600954 -0.001912 -0.799281
6950.000000 0.600954 0.001912 0.799281
7000.000000 0.599351 0.800485 -0.001668
7000.000000 0.000000 0.999999 -0.001570
7000.000000 0.000000 0.801391 0.598141
7000.000000 0.000000 0.801391 -0.598141
7000.000000 0.000000 0.601903 0.798569
7000.000000 0.000000 0.601903 -0.798569
6950.000000 0.000000 0.000000 1.000000
6950.000000 0.000000 0.000000 1.000000
7000.000000 0.000000 0.601903 -0.798569
7000.000000 0.000000 0.601903 0.798569
7000.000000 0.000000 0.801391 -0.598141
7000.000000 0.000000 0.801391 0.598141
7000.000000 0.000000 0.999999 -0.001570
7000.000000 0.599351 0.800485 -0.001668
6950.000000 0.600954 0.001912 0.799281
6950.000000 0.600954 -0.001912 -0.799281
7000.000000 0.599351 -0.800485 -0.001668
7000.000000 0.799183 0.601086 -0.001609
6950.000000 0.800815 0.001792 0.598909
6950.000000 0.800815 -0.001792 -0.598909
7000.000000 0.799183 -0.601086 -0.001609
7000.000000 0.999997 0.001861 -0.001575
