0.0198407245527 0.00600319122116 -0.0246302338589
-0.0396561585784 0.0507227797732 0.00220662500572
-0.00344395484676 0.0046708415744 0.00864204922136
-0.0267033065417 0.00933816455615 -0.0480495525385
0.0668769111439 -0.0998851225633 -0.00560938501572
0.0344310342494 -0.0454749582896 -0.00640308540124
-0.054665954265 -0.020681811688 0.192412253601
-0.109759502006 0.0686416335352 0.140679329775
0.00943545179727 -0.011618793549 -0.0299784519005
-0.0403300406657 -0.0440713596179 -0.0600163418106
0.0381665672249 -0.0688684394642 0.00843540583365
-0.0679849540357 0.0222250473042 -0.0193491817689
-0.0444245411894 0.092775571595 0.0410410472231
-0.0493540294458 0.0643379743418 0.00803692328663
0.0297681118216 0.00536811316874 -0.0329847286644
-0.0273152943492 0.000709180512045 0.0912484414041
-0.0520391789958 0.0158410553259 -0.0425073558584
-0.000257503679287 -0.0251930009804 0.0472188345136
0.0342314858807 -0.00371854973328 -0.00128907023446
-0.0524239404688 0.0144059019619 -0.0512849415017
-0.0470734482055 0.0692651241219 -0.0101726503769
-0.0242082391004 0.00375684778855 -0.0502129137057
0.0403408803401 0.000128136464727 -0.0195254734238
-0.0595090595774 -0.0701637674933 -0.0310923016525
-0.00157461197941 -0.00624411897702 -0.0135868974617
-0.0689501954226 -0.0113744623541 -0.0556714079037
-0.0131342359488 0.00639114423021 -0.0365735066139
-0.00167871802254 0.0789077791024 -0.0407391422734
0.0319326997173 -0.0333277618975 -0.0227687963777
-0.0621389202249 0.0174248931992 -0.0381146902169
-0.0679267925613 0.00126993339608 -0.0381199608681
-0.0586964924178 0.02044417515 0.0537876338146
-0.0393311097403 0.0106063668022 -0.0512020022708
-0.0203634672035 0.00645771096397 -0.0488305766858
0.0385014569656 -0.0466576720271 -0.0301269874898
-0.044175577625 0.0114099990473 -0.0585719719603
-0.027471862497 0.0315919375688 -0.0911477404993
-0.0577830779432 0.046772330048 -0.0226823808327
-0.0611997080305 0.00956817503624 -0.0571263269359
-0.00583477580082 -0.0104467250063 0.158462438461
0.148014763206 -0.0924674891704 0.0102659506461
0.058245419907 -0.0709039596393 0.0261638158086
0.0221043898813 -0.0137609821433 -0.0143587736493
0.0226155641773 -0.0135226983 -0.0393424959245
0.0198840156263 0.0206715476748 -0.025040982195
-0.0277486089139 0.0238621632806 -0.0783068498583
0.00634880638325 -0.0106191619051 0.0210587564224
-0.0499449950771 -0.017480338547 -0.0164629610344
-0.0604015453728 0.0255637871893 -0.0238435506574
-0.0730300510176 0.0475007180423 0.0201549831317
-0.00851137783445 0.0409673742404 -0.0531173976109
0.0401385601831 0.0698680645339 -0.0412356300278
0.0475993896422 0.0367107349491 0.00395927597187
-0.0800234351821 0.0524706216834 0.176405642861
0.0634463150785 -0.050494682782 -0.0311678266937
0.005129446814 -0.00833784017573 -0.020723404226
-0.0385665478614 0.0230257312581 0.0181012252153
0.00353770961547 -0.0327233092236 0.0094525253888
0.0023923856002 0.0386700406442 0.00262652225423
0.0629286570972 -0.0932324480012 -0.00809884462996
-0.0784710075487 0.0843265175329 0.0239828743772
-0.0809820260772 0.0945816436805 0.0471367375825
-0.0904707692621 0.0777769070291 0.107943549984
-0.0381862703164 0.013561470679 -0.0443857278481
-0.0398335832928 0.0243493968632 -0.0342032319762
-0.0374596601947 0.0393898905373 -0.0320814045266
-0.0124001763904 0.0217278340502 -0.0276305967625
-0.00807062397517 0.0416223016724 -0.0216649920765
0.0342911101885 -0.0452820872847 -0.0308025233993
0.0129682240044 0.0152042801749 -0.0244200909201
-0.0094654237716 0.0616435472439 -0.0656672896549
-0.0526862843626 0.0127734244109 -0.0677440798043
-0.0815777764254 0.0241511706368 -0.0030746920216
-0.0686624101748 -0.0849510547991 -0.0130362529511
-0.0670318780357 0.012189041441 -0.0351432578235
-0.0647104535427 0.0140343075042 -0.00348928932292
0.0146540379574 -0.0424107946441 0.00308156129009
0.0463295071239 -0.0344513618196 0.00185189335948
-0.0251083853095 -0.00441535737396 0.00760236663647
0.0416725336588 0.0356788549987 0.0229225897395
0.0869703440549 -0.0717384791429 0.125130111452
0.0397493644165 -0.0077044131419 0.0296645796548
-0.0368076881531 0.0586295783957 -0.00568525896646
-0.0840952372449 -0.0312000261608 0.101411804359
0.00977273487575 -0.0172632768058 -0.0437969024878
0.0125728911159 -0.0202034425886 0.00194175507854
0.0571351609115 -0.0851551176762 0.00436378105189
0.0382259445789 -0.0302610020144 0.0121087530304
0.0030382031036 0.0223350639421 0.0248913572896
-0.048947576139 0.0892068529364 0.035820805309
-0.0225804724315 0.0258149355092 0.0281467799882
0.00193163853126 0.00964070375421 0.0137311465473
-0.0873533190096 -0.013311436057 -0.0108286428321
-0.0411673917565 -0.0118570258041 -0.0109143535353
0.0106441021257 0.0130118926129 -0.0256001926184
0.023343182661 -0.00457456408445 -0.0286421794644
0.0202988865031 -0.0423209433435 -0.0216725112995
0.00836984034956 -0.00459087992032 0.00134719069276
0.0258697727458 -0.00804727267085 -0.0120986568479
-0.0216801779997 -0.0357262743366 0.00136907571524
-0.0502816401799 -0.0323184019107 -0.0195553008356
-0.0611181515643 0.0139783975017 0.00253131082117
-0.0108041478389 -0.0393907956343 0.0110241661283
0.054540878131 0.0828234400326 -0.0198036503084
0.0322963080946 0.094059533312 0.021507950916
0.0180968935385 0.0274856277676 -0.0156649343835
0.0419561293226 -0.0575691828238 -0.0480259005065
0.0745920397974 -0.0336575163685 -0.0135373551707
-0.0343401297307 -0.055151607998 0.00146517663185
0.0454636951195 0.0531819060935 0.0241752046998
0.0195696557843 0.0908840238318 0.060747787839
0.0335113121566 0.0506900381331 0.0177783477265
0.0684061278049 0.000163878385898 -0.0155686816029
0.0537106346634 -0.0370354441995 -0.0203932880609
-0.0515047770899 -0.0571823576688 -0.0373623011857
-0.0480969391835 -0.064543857774 -0.0464111299792
0.0807260553922 0.127767438158 0.0844117917179
0.0749813432381 0.0281109720742 0.0630199668136
0.0615625412146 -0.00382481580337 -0.0479943625431
0.0355624561432 0.00513568295439 -0.00482602485662
-0.0927631305483 -0.0342129435448 -0.0125423895553
0.0455677027928 -0.001032192743 0.00613559208167
-0.0010726130248 -0.0127683257886 -0.00266667761181
0.0160059420435 -0.0194343351462 0.00445084968605
0.00846878883379 -0.0107083499637 0.00299081741632
-0.00446884621406 0.00379158132988 0.00207709148683
-0.118017586319 0.00631480134174 0.00816449591444
-0.14117795027 -0.0351035863657 -0.00518829491948
-0.0618887734912 -0.0224861214994 0.00635254249998
0.0519115426745 0.0509993898612 0.103770326465
0.0266927813797 -0.0140970233992 -0.00848155367171
-0.0178460201063 -0.0150455389874 -0.00765473325846
0.00364238317243 -0.0296227705453 -0.019721750757
0.0159995300321 -0.00485368685367 -0.00105957014211
-0.0264674667071 0.00866687102013 0.0414074699498
-0.00207293191168 0.0188451878747 0.0139900757648
0.0259896442893 -0.0137903296133 -0.0423219649581
0.0305808479197 0.0111213912111 0.026744945674
0.0304284810112 -0.0371949050586 -0.0116945779439
0.00931020443379 0.00753581340357 0.00887194148093
-0.0242645808549 -0.0058435384118 -0.0144280651408
0.0390804174312 -0.0320390307582 -0.0233675590964
-0.0271765802245 0.0409015702224 0.0116795847624
-0.0314933539028 0.0907968619047 0.0508234689117
0.0399040875227 0.0259752792158 -0.00449467576729
0.0453583327791 -0.0344117265188 0.00556488378003
-0.0231416926483 0.0300486346674 0.026718212881
-0.0351623860515 -0.0588388109511 -0.0138436629481
-0.0206374786073 -0.0715891606467 -0.0383922230302
-0.00147598048111 -0.00851324169133 -0.0112432304388
0.0166467194388 -0.00616175144896 -0.0286085527163
0.0180384177678 -0.0134252617266 -0.00837034137269
-0.0196917128759 0.00563651844965 0.0276511398343
-0.0737073354124 -0.0044323594589 0.00161586525377
0.00794824409624 0.0279597160849 -0.0273641090523
-0.00398384695691 0.0094742441263 -0.0169888248999
0.0093991906774 -0.0116734038026 -0.00922988926363
-0.00869354303746 -0.00872587920361 -0.0121654138911
-0.0129042662842 -0.0516306736308 -0.00558399304128
-0.00878752191105 -0.0159736258239 -0.00056613012754
-0.0606528614141 -0.0122867664137 0.0121352178822
-0.00342667398746 0.0265317309955 -0.0123693002536
-0.0757563403306 0.00297953778125 0.00057820486784
0.0281400406432 -0.0638918681038 -0.00559790853827
-0.0381663011744 -0.0511907492843 -0.0226698039097
0.0086821200782 0.0292646658238 -0.00439776903499
0.00741388315425 0.0535930557794 0.0029996926835
-0.0482946996376 0.0479022812841 -0.00137262964766
-0.0351045110095 0.014649341338 -0.017774307438
-0.0161147152948 -0.018481766571 -0.0035695835884
0.0326214830428 -0.0248978920836 -0.0264085568045
0.0964873661919 -0.0747599395006 -0.0482904730846
0.0809195041659 -0.0831968365056 -0.0471727958391
0.0769877338053 -0.0670087455235 -0.0597240392176
0.0580091914534 -0.0438600633778 -0.0352792788579
0.0371021079498 -0.0248713593806 0.00409544843596
0.0506572768258 -0.016671742473 0.0151413284224
0.0714321324772 -0.0231535951058 -0.0267153384368
0.0647149868445 -0.0330255741935 0.00203722393757
0.00912546469699 -0.0163050586215 -8.26408911782e-05
0.0191226580195 0.00291176151695 0.0160652642225
0.00221387947887 0.0107220116609 0.00817099747594
-0.0192453342346 0.00141461284181 0.0075145060237
0.0710205655417 -0.0444635928707 -0.0165822627068
0.0054586390424 -0.0583945603599 -0.0366822197042
0.0147486874509 -0.0439405007779 -0.0350736423065
-0.0232225629564 0.0184667122701 0.0283182022856
0.0736043805489 -0.0159739718846 -0.0286658820889
0.0480620050069 -0.0313581051574 -0.0304656709062
-0.068162943968 0.0791854400631 0.0579415488135
-0.0485958491091 -0.0550091562321 -0.00726001284766
-0.0484061082752 0.0541945430927 0.0453807756091
-0.0828820320956 0.00337333722515 0.0237849088196
0.0645528126237 0.00903280880214 0.00518943911707
0.105141498628 -0.0578253707599 0.079625989603
0.106953409613 -0.0339274769476 0.0014746715588
0.00858037939816 -0.0496513185905 0.119802874207
-0.0126275768884 -0.0442832125653 0.0568373110106
-0.0264889253537 -0.0372679652201 0.0304685789615
-0.0581272902148 -0.0425773875606 0.131737401961
-0.114273767077 -0.00452871437495 0.19790931013
-0.0910621653035 0.0340030939251 0.23159561059
0.0389006334875 -0.0450267725599 0.0815997574967
0.011233241651 -0.0306796930573 -0.00501180020941
-0.0545593454917 0.0166092223127 0.000200428494912
0.00330059167105 -0.0364608729246 0.013408305435
-0.0351306049086 -0.0439815185506 -0.00582773171962
0.0292189362276 -0.00539717021739 0.00662000899879
0.00068109834615 -0.0390685822013 -0.0474576147809
0.0672847935893 0.0584598234059 0.0821403255354
0.0378442586976 0.0288305668692 0.00856187202884
0.0271050288692 -0.136180015439 -0.117641891779
-0.0242224042239 -0.00963547675878 -0.0305692095049
0.00301948320404 -0.030330146549 -0.0706552737397
0.0368515488858 -0.0481314297649 -0.056003366087
0.000494699789273 -0.0233490806526 -0.0689972071113
0.0255995046703 -0.000711945560923 -0.0474537227485
-0.0386818779601 -0.00397521312394 -0.0183289427143
-0.0428064367241 -0.0290929001375 -0.0274788178756
0.0574849169584 -0.0281135929459 -0.0573314357854
0.0465548067397 -0.0116040511838 -0.0464334827826
0.012808140816 0.00243643755987 -0.0330465686782
-0.042388099253 -0.00140418187472 -0.000785861257092
0.135953689535 0.122074105743 0.100022143585
0.0418785049823 -0.062571518457 -0.0187695684049
-0.0500617398188 0.0788113719895 0.0471262803528
-0.0281674552937 0.0748744274157 0.0324566657559
-0.0114675339634 0.0611475913957 0.0032416557554
-0.0148926147803 0.0490004497131 0.00931716515305
-0.0589475157512 0.0688087660602 0.0451841470396
-0.0343985417669 0.00413888753218 0.00424876190008
-0.00604692237171 -0.0446628772078 -0.0327658430511
0.0271743479113 -0.0441047140226 -0.0431431287569
0.030791120883 -0.0130672152346 -0.0226997646507
-0.0276059571515 -0.0342275000737 -0.0167573380893
-0.0406712455742 -0.0813932181806 -0.0316622309828
-0.0498499757791 -0.0991104601771 -0.034438736387
-0.0343442665061 -0.0289566347556 -0.0065474049632
-0.0263071173268 -0.0104855904408 0.0065767942279
-0.0254111762176 -0.0358156333551 -0.00278732126973
-0.126306295476 0.0154594993538 0.157688017729
-0.0734756162739 0.0123173895204 0.0552996359944
-0.0587039982954 -0.0739592113027 -0.0192087417632
-0.0796606670503 -0.0451779087533 0.00279321359357
-0.0690368895444 -0.0520229962792 0.00148035135224
-0.0416066385499 -0.0211772329779 -0.0286892284033
-0.0226068469315 -0.0124552329401 0.00181077384867
-0.00275781160393 0.0198369492194 0.0116829076374
0.011768122956 0.0135933161613 0.00408091634843
-0.0505063162354 -0.0803215205496 -0.020949127981
-0.046348397619 0.0441915717141 0.0337719775651
-0.0428233892383 0.0468463897757 0.0416475693131
-0.0615128620334 0.0675679754259 0.0545662128538
-0.0624772866397 0.0759945004704 0.0456559651613
-0.0673658828068 0.0915100630147 0.0537107128118
-0.0461247124614 0.0694970564221 0.0291287687328
-0.0035375958144 0.0114137518364 0.00732713361053
0.0118015712625 -0.000865785459934 -0.00492313519313
-0.0113912741543 0.00708447952752 0.0131529400177
-0.0405442215616 0.0433142698398 0.0442074667158
-0.0282698904858 0.0358183034431 0.0357744521257
-0.0238411106012 0.0336331287388 0.0259130457235
-0.0272277228327 0.0352592989405 0.0189731366158
-0.000345662304272 0.0071168884303 0.00471808733173
-0.000628149928192 0.0209143525009 0.00749127636422
-0.0283890521507 0.0260563161415 0.0337617608024
0.0250062726902 0.00275386417728 -0.0161767126027
0.0104029829713 0.00532067954354 -0.0223318866164
0.00100954943257 0.0422043381044 -0.0278663306176
0.0422562682419 0.00316312077495 -0.0132652138427
0.0267764126179 0.00529184295594 -0.0256348571947
0.00486762303332 -0.00551710727241 -0.0299467751763
-0.0142012047967 -0.00149832409082 -0.0253926493699
-0.0420757231347 -0.0111978204127 -0.0161608356214
-0.0900709661395 0.00367819311086 0.0116477364744
-0.0619094466718 0.0157000995728 0.00885829441324
0.0456750780787 -0.027195755938 0.00127983674312
0.022713959349 0.00103178688203 -0.039228718711
0.0576186465786 0.0116746793195 -0.0628372090298
-0.0406762357863 -0.000769865521928 -0.0166324826496
-0.0629131272216 -0.00340669942152 0.00902316794708
-0.0696261946499 0.00331623831823 0.0359153189148
-0.0525405883281 -0.000509338325028 0.0240320932237
-0.0239519816882 0.00314659488669 0.0124767839922
0.0197255833185 -0.00384687359043 -0.0286962978634
-0.00676527723454 0.00294821504886 -0.0183954233122
-0.0900264021664 -0.00221723159769 0.0127337673925
0.0343570071821 0.00367161656435 -0.0382748612002
0.0437534281883 -0.000665348465499 -0.0436093569174
0.00277414577387 -0.0184914529439 -0.050354636737
-0.0475817788606 -0.0090650917709 -0.0140145205062
0.0208126042195 -0.0116471837883 -0.0484554325313
0.0263583828696 0.0267883104779 -0.00538047137713
0.0262515845901 0.0717902700897 0.0240696842684
-0.0187334439431 0.00722608701692 0.0333453534998
0.0504085693847 0.0982601523395 0.115143912071
0.0127055862518 -0.0295253279921 -0.0826410606533
0.00617243896958 -0.0731742339325 -0.122070049891
-0.00368661729364 -0.034556181531 -0.0908175596625
-0.0416811927652 -0.0104912658575 -0.0282559186478
-0.0737372131144 -0.00382832630199 0.0393266522149
-0.130947055179 -0.0174104410277 0.0597176207584
-0.0470726143976 -0.00026346648286 0.034804476263
-0.0842497408316 0.00572687450956 0.0721857667476
0.00635786143282 0.067335696591 0.00156089109269
-0.0417416779208 -0.0631812854554 0.0562758232073
0.0380548892318 0.0115447683493 -0.0413751265985
-0.028064761718 0.109900323705 0.108712047556
-0.051860385716 -0.103374216852 -0.0514173214776
-0.0805673396619 -0.00261112972047 0.0253712948365
-0.0648009161477 0.000846578682 0.0343478031862
-0.0333167583514 0.00712952018651 0.0459216421574
-0.0102924168884 0.00590690286292 0.0137592369949
0.0401782167697 0.0124238811916 0.0284122754767
0.0414331823924 0.0178367069343 0.0538877484042
0.0118629654155 -0.0151056824879 0.0200943063511
-0.0109580275566 -0.000918837238771 0.00297492319843
0.0491416312211 0.0343848864169 0.0438870310478
0.060290035421 0.0712370876344 0.0708722240655
0.0922599139278 0.0695971982782 0.0911362544844
0.0440615078348 0.0265577827803 0.0762273134274
-0.00745189730799 0.00232734465219 0.0523411565847
0.0980273795282 0.11271650119 0.102208260981
-0.0865424956767 0.00599949923037 0.0200233186263
-0.0548396024918 0.00592107725098 0.0245835121279
-0.0778467082339 0.0122686780072 0.0119062331081
-0.0367032661117 0.0194377378482 -0.0135899452261
0.00169775996329 0.0208400213673 -0.0364627466821
-0.00081189375755 0.00883002032512 -0.020946346527
0.0111172300182 -0.00278702669911 -0.020319414637
-0.0838322379999 0.00830004143537 0.015318645867
0.0293484319997 0.00786405931817 -0.0421719459709
0.0339550564738 0.0123995091284 -0.0364446681021
-0.0169603675098 0.0114515259359 -0.019923214708
0.00882627859765 0.018819408712 0.0013845630373
-0.0772833334535 0.0076902432148 0.0238844781264
-0.0551613201044 0.0104261953831 0.0196041927075
-0.0124038316222 0.0120732823918 -0.00677543873485
0.0140048258753 -0.00656695886788 0.00537071829351
-0.0461169812595 -0.0222699356233 0.0623806387303
-0.0733700150263 0.00178530927431 0.0386272002236
-0.0704603778824 -0.00782112146678 0.0565327587719
-0.0767857083363 -0.0110622056587 0.0683312093312
-0.0686462602355 0.00420753813636 0.0395174367849
-0.0465206249145 0.0283475907545 0.0306538202152
-0.0932940665547 0.0618417749659 0.085033961829
-0.208260341445 0.162404693063 0.0755939086083
0.00591163773593 -0.0318445741816 -0.0558979185836
0.0634376529897 -0.0323567293443 0.00468443300111
-0.0049242248138 -0.108526539041 -0.0373966175973
0.0904790688507 0.177592649504 -0.0551274138032
0.134329665788 0.109354833665 0.081563821012
-0.0619573735388 -0.0261989869365 0.0725916737819
-0.090614457375 -0.0428278810901 0.0722190931111
-0.0275221779416 -0.0856379875605 -0.0167545354266
-0.0951542980223 0.0309171901518 -0.0887852991917
0.0479523573516 -0.0641953339509 -0.0110802612944
-0.078767482326 0.00395284308647 0.00995884332093
-0.0384328795142 -0.0101319706975 -0.0254720537803
0.0286105841731 -0.000144066125346 -0.0447785057086
0.0433752096484 -0.0127463060859 -0.0587610044152
0.0438259148615 -0.0192268468404 -0.0393100470346
0.0328136282829 0.00885839748829 0.0404642656995
0.0317622894526 -0.00301291197706 -0.0327363576894
0.0297853584644 -0.00770278229147 -0.0493908562982
0.0339922041927 -0.0115928910257 -0.0512033033687
0.0496291850867 -0.0123413067008 -0.0528047449675
0.0472915981246 -0.0105927382397 -0.0393189084868
0.0400494709438 -0.0168489042847 -0.0468668369084
0.041504702002 -0.00846879747907 -0.0147562416328
0.00910747175274 -0.0135954158157 -0.0283336694476
-0.0064490742484 0.00296689739916 0.00218323776816
-0.011713790145 0.017953384221 0.0361177500973
0.00141052967794 0.0106594790491 -0.0012892835295
0.010929539993 0.00358929574446 -0.0146183257723
0.0109677756991 -0.0080678952708 -0.0143694168386
-0.00192254287623 -0.0221840016112 -0.0251965621153
0.00755145727149 0.0114428117683 0.00316329192885
0.0101049771561 0.0198862493344 0.0107493137749
0.0109943588542 -0.0306330292025 -0.0150111832479
0.00664220721038 0.0164784293722 0.0245538228192
0.00526189244012 -0.00159247504158 -0.0084501396986
0.0192925408688 -0.0100788213892 -0.0376157774942
0.0271220959535 -0.0199392107386 -0.0429746104612
0.0117953026473 -0.013524553746 -0.0272594459846
0.122779695409 0.0754365847924 0.0818013806382
0.0685373511031 0.0121956577161 0.0504158057347
-0.0608772638855 -0.0250617017806 0.0364450397888
-0.0123908694004 -0.0145416413919 -0.0173315876712
-0.10525424135 0.0074768976829 0.0804575168969
0.0376913367931 -0.00597345153645 -0.0562862114812
-0.00979170000737 0.00669515078519 0.023189523806
0.0473206331369 -0.011466550702 -0.0120861295375
-0.00736364479979 0.041806452787 0.016938090892
-0.0273545050643 0.0333071490492 0.002104289044
-0.0259101405667 -0.00600591650806 -0.0236381302141
0.0261327243052 0.0968243514394 -0.0161082578076
0.0779186390007 0.11212061648 -0.00252122958365
0.0422344266724 0.00988685602256 -0.00877576344274
0.030611121978 0.0770946306778 -0.107402107161
0.00472372448141 0.204064378375 -0.17401635763
0.092695584954 0.292881215 0.00262174856137
0.129421139143 0.0276752018056 0.0153047011375
0.141083385193 0.143577668409 0.00320091567013
0.0959540437214 0.219376968708 0.00437749191293
-0.0837524359449 0.240533917026 0.153691163242
0.131890788382 0.209266803303 0.0783049321382
0.0644156578378 0.253136005779 -0.0917925489724
-0.164014109277 0.310936954074 0.00281317241623
0.0421661147179 0.17366623837 0.156549455778
0.0573823181307 0.0921961445813 0.104645540799
0.0827626807113 0.184148077638 -0.145801946323
0.0207440106332 0.119265363043 -0.168663573968
-0.0907377028066 0.123693195327 -0.14635969319
-0.20875839354 0.0968824942459 -0.0279840050243
-0.189278850926 0.0535020263622 0.0570390203014
-0.129839488203 0.121685430911 0.103723598112
-0.129643018014 0.230103196069 -0.109981153604
-0.0393756509133 0.163644865927 0.156273363078
-0.124766090472 0.184395015418 0.133648237722
-0.0143649382639 0.303409243692 -0.121963676267
-0.0260309643532 0.380304038519 0.00854712187333
0.0160208307697 0.00569921316254 0.0465370007616
0.0346640896078 0.0136701363832 0.00271018722122
-0.018405720398 -0.0229463436232 -0.0397487375885
-0.015445056656 -0.108633975801 -0.108679722898
-0.013243277739 -0.176678555988 -0.106182319267
-0.0541170653933 -0.149560766391 -0.0438891108653
-0.0616523026631 -0.063365133161 -0.00693550264737
-0.0497351029688 -0.0795437416323 -0.0319583273118
-0.0378755304266 0.000300321305753 0.0319993753246
0.0125393881203 0.0766907343685 0.0887643327096
0.0384830375393 -0.140414956584 -0.0654705573201
0.07461728198 -0.0977329299172 -0.0171039308003
-0.118527969583 -0.0221977439134 0.00430903789105
0.0533017306095 -0.0087227394599 0.0315933962556
-0.0873844042862 0.000964371386195 0.026836388954
-0.0339747283901 -0.0187979061655 0.000303387255499
-0.00735260858826 -0.00499786267964 -0.0339761170586
0.000794427324205 -0.013461408289 -0.0175864749582
0.00884923552006 0.0189525051941 0.0415789123668
0.0253642899316 0.0413710971786 0.0730924682566
0.0556679273422 0.0719039643298 0.117859859086
0.104860013235 0.116665011912 0.117716312975
0.0329270300046 0.0223685689569 0.0555561361219
0.0429664488323 0.00194247076203 0.0119844647804
-0.121280265137 0.320207970529 0.117437938987
-0.190095645339 0.250517042566 0.0937192888958
-0.00108365057135 0.0383442341148 0.0300841850138
0.030546769465 -0.00624166396401 0.026687280294
0.0198434601628 0.00607798768795 0.0325258088887
0.0240731605996 0.0124176663264 0.0306147606954
0.0355541542516 -0.00243515218156 -8.57798023223e-07
0.00290424137278 0.00162400837237 -0.00466617548784
0.00818183479075 0.00431057355196 0.0265888207079
0.0182110068983 0.00176390977165 0.007253519323
0.0170276984648 0.00833585825598 0.00335459979817
0.00652543490738 0.0143665357229 0.0163097055019
-0.00807310106013 0.0143535067783 0.017206502302
-0.0138086688858 0.00491480709784 0.00610561970167
-0.018864896021 -0.0103726000934 -0.0143419071085
-0.0109561629766 0.00562131033488 0.00845998394028
0.00899119344529 0.0133643218153 0.0238240393458
-0.0155348619816 -0.00403828598512 0.00184047759127
-0.0179920034486 0.00532871221387 0.0158560182862
-0.0126663397335 0.0159811010116 0.0207053908969
0.0039839626835 0.014109562216 0.00880720272741
0.0117868303762 0.00862725611015 0.00303585963902
0.00542609291331 0.00948757830625 0.00809401453339
0.0124065146826 0.00440438077364 0.00364030875234
0.0164326165328 -0.00931231031169 0.00446270157764
0.0130944125341 0.0127850667165 -0.000262745732867
0.0602723420755 -0.0204612511098 -0.00253425764424
0.079421443371 -0.0354727845435 -0.0227796108484
0.07736455315 -0.02958762098 -0.000264214680121
0.0752491436836 -0.0331074733206 -0.043634821156
0.073150782426 -0.0171266297131 -0.0438848229029
0.0574831441528 -0.00290052532791 -0.0189720713898
0.0535111978285 0.00227698897474 -0.0293088917286
-0.00924737321251 -0.00223646463623 -0.0156334211603
-0.00485915372881 0.00441800266647 -0.01151305493
-0.0309492933521 -0.00224299598812 -0.00707964586967
-0.0432928536545 0.00185371283019 0.00167852042389
-0.0574999346549 0.00931907014109 0.00820765777327
-0.109652204106 -0.00431612342612 0.00382937059235
-0.147707365909 -0.0365270438864 0.000251622777458
-0.0533610026399 -0.0160523139878 -0.00159142687644
-0.00256214466589 0.00453765310427 0.0157255909535
-0.0260114744416 0.00593349688189 0.0367741863187
0.0256706039394 -0.00674817844565 -0.00677509918349
0.0201744457358 0.00320792529547 -0.0284176287294
0.0316184916795 0.0127816061811 -0.0287852585884
0.00823130280349 -0.00403214982696 -0.0181022858178
0.00434887759285 -0.00852929869824 -0.00975910161375
-0.00204474373467 -0.0161842987141 -0.00939980456507
0.0211623756761 -0.0342870821772 -0.002027103417
0.00857992763379 0.0083901497467 -0.00546875282636
0.00861586280103 0.0308458503907 -0.0153278360477
0.00365663228501 -0.0268825832524 0.000661648279662
0.0242590139729 -0.0505523062787 0.00887269329956
0.0197062920856 -0.0472016444834 0.00934756473959
0.0300137561971 -0.0412964239712 0.00718892677968
0.0288171289208 -0.0444671324366 0.00801286433149
0.0325249041058 -0.0115981473465 -0.00405400987887
0.0189593687841 -0.0229778146772 0.000593142601224
0.0216056190948 -0.0135010245137 0.0052825495574
-0.0158818689899 -0.0530360894962 -0.00629579239821
-0.070987729706 -0.0622405291364 -0.0292651813531
-0.078676967384 -0.0678508412277 -0.0408529249199
-0.0430576203271 -0.0540657824282 -0.0336630624166
-0.0141111206739 -0.0507337805021 -0.0547126782953
-0.00494183496978 -0.0551850180249 -0.0526789182405
-0.0334450742106 -0.0668157932625 -0.0467530006447
0.0225058438249 -0.05368697478 -0.0386509421742
-0.0893002481819 0.0579392317365 0.0773901749488
-6.7750584425e-05 -0.0562767033432 -0.0136909227545
-0.0760377933765 -0.0628795124297 -0.0159108233503
-0.0529880832812 -0.061707971772 -0.0341705394787
-0.00873919261797 -0.0251019878806 -0.0234364558161
-0.0788770293699 -0.0548738914896 -0.00146543804447
0.0297157096551 0.0180135047905 0.00784494777637
0.0318184922121 -0.0179928786828 -0.0426940407961
-0.0729305348981 -0.00798039675353 -0.0392558903224
0.121680605795 0.146384837632 0.101985703922
0.104852802071 0.147744395734 0.102572712619
0.0565523318103 0.120316936559 0.0836707336259
-0.0102759568945 -0.0372176316898 -0.0817685415139
-0.0329200914101 -0.0157847290248 -0.0443210758913
0.0857407373704 -0.0871126556271 0.0687490253616
0.112591435164 -0.103963898335 0.00855804961986
0.0399550156532 -0.0645607047859 -0.0200273442881
-0.00704268372481 -0.0295200695499 -0.000753098522843
-0.0352507936246 0.0182811395308 -0.0148681901681
0.00430693631992 0.052231903425 0.0039174677195
0.0228445891385 -0.0365287515751 -0.0452961500206
0.062341422387 -0.0385538548836 -0.0468521146156
0.0662050202808 -0.0347624028643 -0.0486427854244
0.0609178056172 -0.00771132569298 -0.033846027409
0.132614023425 -0.100897314511 0.0559048081985
0.042255964699 -0.0392352201646 0.143964394771
0.00483124983457 -0.0323955485173 0.182505592232
-0.0450378521919 0.00688839537189 0.214429762803
0.111280522926 -0.03132628893 0.0314757795915
-0.0766797351712 -0.00146249455462 0.0110461728863
-0.00816868575413 0.0159086281705 0.0138484904193
0.0309315742247 0.0119983730498 -0.052199014383
0.0448688759738 -0.000278607012531 -0.0181517992588
-0.0659947604 -0.00252294823522 -0.00422078856733
-0.121972454509 -0.0133077572369 -0.00995878942724
-0.148659301042 -0.0122493304278 0.00220131866058
0.0135134229057 0.0334254235169 -0.0093526106759
0.0299937726224 -0.0260194739342 -0.0294842030379
0.0180582210569 -0.0241382522903 -0.0210738168111
-0.00981791772683 -0.0363221151696 -0.0232556902735
5.03597417524e-05 -0.0232298067636 -0.0129175585136
-0.00943371742148 -0.022799978852 -0.00487808914574
-0.000348437735005 -0.019377605396 0.00862135074846
0.00662533965957 -0.0127937748184 -0.0166217875326
0.0176697529792 0.00628019701802 -0.0246534458963
0.0234675089034 -0.00494080077542 -0.0323538961966
0.0172529052189 0.0151230664935 0.00267481052741
-0.131082339634 -0.0191114093477 -0.00704836851065
-0.06824015444 -0.0646342269561 -0.0378977449324
-0.0389385351136 -0.0444541854696 -0.0324007216934
-0.0107346118077 -0.03664802258 -0.0269767701686
0.0369505364159 -0.0246353240316 -0.019117692612
0.0536872211614 -0.000572449915616 -0.0100797556698
0.051744950857 0.0198678191523 -0.00119089968909
0.0711923432795 -0.0225265978027 -0.0175102725268
0.0787516162802 -0.0331965409566 -0.0178763742855
0.0382639910559 0.0216003912855 0.000627646312301
0.0344009283473 0.0423417841509 0.0185390413188
0.0173900127785 0.00326797391273 -0.00810868469583
0.0435324634563 0.0614763354126 0.0413955123093
-0.00660667502254 -0.0471888251716 -0.0297144217021
0.023989739753 0.0741497674329 0.0396435277331
-0.000896420527105 0.0927131371619 0.0402923069003
-0.013210814548 0.0986386742623 0.0561724536896
-0.131429802724 -0.0126552820716 -0.00331338889702
-0.0393955933153 -0.0343831751422 -0.0632705347745
0.0427178865885 -0.0575047340915 -0.0651967908643
0.0116534440136 0.0139904443665 -0.153196535881
0.0481436103795 -0.00825781459641 -0.0279607279658
0.0384152817662 -0.0174484949964 -0.025246157193
-0.0700088484152 0.064454382801 0.0177909038447
-0.0817254318357 0.0697998992047 0.0284020127081
-0.0644987751633 0.064118681668 0.0255989472598
-0.086993601023 0.0303613301972 0.00540219425012
-0.0522281463594 -0.0103525425612 -0.00568900079778
0.065650652983 -0.0964659940263 -0.0163598309895
0.0589286463456 -0.0801884645751 -0.0215056512951
0.0731974591005 -0.105566753379 -0.00441608726807
-0.0133118151143 -0.00913446152951 -0.018886117512
0.0462078468813 0.071420195421 0.0486615416683
0.0213498052411 0.0912924184785 0.0558954625768
0.0448742001962 0.0215505503915 -0.0142948443607
-0.117618933276 0.0421641799158 0.208114581191
0.00900349799875 -0.0666821653207 -0.0484208742517
-0.0161206343733 -0.0696657669193 -0.0377063864104
0.0257789276711 -0.0246978910849 -0.00569058254594
0.0369251668695 -0.0416147202464 -0.0202882634177
0.0457800899199 -0.0412854670643 -0.0219616647298
0.0283111036122 -0.0479901869627 -0.021260281399
-0.00133171347731 -0.0406260099973 -0.016983522645
-0.0448373726853 -0.0252311710727 -0.0127052863538
0.0214554833397 -0.0376864192193 -0.01415085843
-0.0314474611952 -0.0232634486621 -0.0237626523197
-0.0824171831055 -0.0178445870099 -0.00840708430188
-0.0757346181315 -0.023208513806 -0.0216464746952
-0.0503610163253 -0.0199694695187 -0.0126594551912
-0.0698678146695 -0.00348624359166 -0.00626138166741
-0.0487578604742 0.031219508129 0.186198295423
-0.00813531664342 0.0092824371035 0.129092993977
-0.00137995776588 -0.0278723790721 -0.0224844277325
0.0159141569992 0.0908537120412 -0.00760502510417
-0.000928062357914 -0.00670901079873 0.019105403269
0.0361243783108 -0.00347691475099 -0.00193199516867
-0.00236218832218 0.0458269869433 0.032125340447
-0.0147759321926 0.00149954113554 0.0099402581284
0.0564209447245 -0.00543743526193 0.00661117438233
-0.0257992832756 -0.00456909070265 -0.00503435258873
-0.0205679444888 -0.00213041418246 -0.00172412758264
0.0231056658119 0.012787931502 -0.0152269883686
0.0461581196693 0.00711148639263 -0.036628652099
0.00184169015066 0.0133136047912 -0.014773328112
0.00502777543383 0.00481248475379 -0.0331692940164
-0.0154119514711 0.0223750401962 0.000504565088741
-0.033313228704 0.00607798223047 -0.0228123900704
0.0249331665362 0.00521337436976 -0.0377501215574
-0.0217759368702 0.00722575802175 0.0036889553514
0.0344021584918 0.0324148164474 0.0798920425302
0.0070654947982 -0.0334332158644 -0.021573398181
-0.017470869192 -0.0118591748164 -0.0186966086767
-0.0997919874024 -0.0536489589531 -0.0162180010331
0.0295356498458 -0.0377693155151 0.0125274502161
0.0494720473864 -0.0745792999879 0.000611378407296
-0.0399913232322 -0.00206582278491 0.00627951427705
-0.0313735111825 0.00497549805044 0.0259125834774
-0.00635765238285 0.0502973539699 -0.0183745399865
-0.0273510391692 0.0693741494581 -0.0213678034658
-0.100556406305 -0.0409394937024 0.0113735238968
0.016215446825 0.0615374267136 0.0928326736444
0.0434281742479 0.0552406895015 0.0385376881317
0.042785832999 0.0769009723228 0.0462778307001
-0.00757131023102 0.0184812421802 0.02047778125
0.000621000747088 0.02251273318 0.0234245046017
-0.00226465186144 0.00228545630728 0.0052931572854
0.00203507161814 0.00406378107275 0.00583603070872
-0.00846292362366 0.00299704990811 0.0101030593194
-0.0247300605942 -0.000828760533346 -0.0161824794729
-0.061633656295 0.0136285756783 -0.00565148242036
-0.0593665679583 -0.0205977123794 -0.01066802344
0.0289688234233 0.0302544096608 -0.012377954416
0.0224853289217 -0.00832680840311 -0.0143820761194
0.0236746631117 -0.0208760731873 -0.004054653047
-0.0484972287873 -0.0230156711497 -0.00935255646978
-0.00641737223171 -0.0113243374727 -0.00696132692984
0.0144500832576 0.00755020920314 0.00698062491453
-0.0369167402528 -0.0352963532257 -0.0208920217232
0.0247410099857 -0.00384318873143 0.0202520971589
-0.0556810924446 0.0200241148523 -0.0187206181658
0.0139993727967 -0.00105212967064 0.00719657825584
0.0177080538583 0.0161643249841 -0.0341765700343
0.0959953154177 0.0816386265443 0.105699953703
0.00240367172225 -0.019831318792 0.000714917962856
0.0191380603876 -0.00840375556013 0.00342056254325
-0.0128281295161 0.0120973017414 0.0445015321621
-0.00783195988616 0.0144897607731 0.038095328505
-0.00641882746916 0.0509155377281 0.0202609757833
0.0167933052387 0.0132066167263 0.0168090053891
0.122997889781 -0.0973120788326 -0.0350348378993
0.0791403113867 -0.0411346238716 -0.058480511643
-0.00360613275708 -0.0417234718756 0.0416790961927
-0.0244432743124 -0.0115329939441 0.0427891953862
-0.043981284312 -0.00211529160348 -0.00949744026284
0.04783872541 -0.019936194495 -0.0157224236709
-0.0652111326501 0.0397573466959 0.00332924347136
-0.0537859622566 -0.00154048132942 -0.0860763927928
0.0337526473411 -0.0475022124054 0.00291205476227
0.0427488784511 0.0347978046318 0.0245707295588
0.0252043580157 -0.0510481569217 -0.0173243534322
-0.0366347908149 0.0195480537558 0.00883978363067
0.0206852007715 -0.0141440228842 0.00109315447492
0.0368167278946 -0.0706069793147 -0.0587250885691
-0.0193686712858 0.0507656273361 -0.0479690610322
0.0366067301223 -0.0255189222906 -0.0514797078075
0.0580406634353 -0.0805789195443 0.00251994105102
0.00893023468298 -0.082970737086 -0.107199819024
0.0505309577825 0.129290735214 -0.0611843210835
0.0191478826319 -0.00452238115974 -0.0453997757972
-0.00264278338593 0.00715985301517 0.0216747701429
0.0561531636515 0.0709225723215 0.0123684598252
0.00420107289698 -0.0849343651909 0.0111540348582
-0.0159490587131 0.0858207712198 0.0282666677281
-0.131363290922 -0.0248219500966 -0.00356240821795
0.00560059287426 -0.00413551971841 -0.0137914329437
