0.0118957426032 -0.0196574870405 -0.0440251628066
0.0189075513049 -0.00434446330611 -0.0223620809784
-0.0171963929735 -0.0030823905796 -0.0042260631146
0.00581116198124 -0.0199518725456 -0.0704902738477
0.0425716478205 -0.0676331931614 -0.0120346636128
0.0360558820006 -0.0249166881749 -0.00896018593402
-0.0319190674128 0.0470434116114 0.178787897686
-0.0248910585208 0.070959986477 0.166251853566
0.0288422932392 -0.000355830814615 -0.0166300436931
-0.080421089453 -0.0679419898713 -0.141833273056
0.019514280126 -0.0147901798327 0.0104533707519
-0.0380824100875 -0.010898052345 -0.0241858446654
0.0222723572024 0.0464990985977 -0.00186331961156
0.00436030583407 0.046895621689 0.0165331006105
0.0205052166221 0.00328520303003 -0.042166113882
-0.0567344395948 -0.0270922444463 0.095197597056
-0.0192272145278 -0.0201937085003 -0.0492602964115
-0.0539310112264 -0.065489021752 0.0361167317878
0.0442526352254 0.0217047744549 0.0328180255483
-0.0220922452204 -0.0213706183518 -0.0609609861225
0.00491163713476 0.0228857580461 0.0347165215018
0.0034636428132 -0.0277957649019 -0.0555220489836
0.0319513970843 -0.013055465448 -0.0158293881097
-0.0263453980402 0.0108601774969 0.0173986270977
-0.0650515847566 0.0109270371564 0.00347338453236
-0.058253527339 -0.0372868248597 -0.116436299762
0.0159606454701 -0.0271866476598 -0.0152578954589
0.082596043292 0.0686477061306 -0.0412494072859
0.0387402052353 -0.054478910585 -0.0169890842778
-0.031739998189 -0.0175326084796 -0.0477774890893
-0.0517221254528 -0.0286517675039 -0.0714325977645
-0.0571326486358 -0.00759258146948 0.0587450835645
-0.00882991602554 -0.0244315689261 -0.057400261179
0.0075794664372 -0.0271576779701 -0.0326306618239
0.0386655572011 -0.0480239638096 -0.0149458462924
-0.0139047352218 -0.0226345039228 -0.0801460083626
-0.0012600936658 0.00575678711139 -0.109816108937
-0.0139093379159 0.00617206930482 0.00924711163888
-0.0378275914209 -0.023571551012 -0.0796310612824
-0.0469328693635 0.0162669216018 0.181436658701
-0.0262460684758 0.0266779038927 0.0292281064676
-0.034275081243 -0.0347214653575 0.0296390312675
0.0227393137085 -0.0317287775955 -0.0108317289352
0.0307698967275 -0.0273410928509 -0.0220040200817
0.0481022120879 0.00925246903265 -0.0126533415658
-0.00161231297983 -0.00862160742301 -0.0893653452791
0.00325596356158 0.0144825048164 0.0198278511564
-0.0690073431354 -0.0468367459191 -0.0545664739215
-0.0243442307942 -0.0101673500367 -0.0222968358749
-0.0321263464033 0.0164871388312 0.0407012260462
0.033250426134 0.0122709096964 -0.059863062924
0.0991728802047 0.0428262150136 -0.00155056097574
0.124525653951 0.0505811344052 0.0236439293663
-0.047628544712 0.0467243168197 0.210752020562
0.00578326852399 -0.0233805847995 -0.0127857725456
0.022960134567 -0.054733485125 -0.0110224058328
-0.00982082965851 0.0532867235472 0.0184783613588
0.00756096970272 -0.00517375725512 0.0169456704659
-0.0209818243196 0.00451105452308 0.000152666623276
0.0448189971524 -0.0577102470478 -0.01305481148
-0.0178442697769 0.0458547793311 0.0752053161041
-0.00829064841736 0.0658026793042 0.090090174756
-0.0402982389376 0.052991995158 0.15435302537
-0.00587386842611 -0.0224081187725 -0.0405890560073
-0.00323322456508 -0.0138688277716 -0.0165927483407
0.00413689646296 -0.0029577076482 0.00595684561842
0.0205158740501 -0.0173711502636 0.0025546821085
0.0231768993817 -0.00614902107326 0.00452722453279
0.0414519030842 -0.0556462647849 -0.0152906910226
0.027291046242 -0.0344983876755 -0.0146468164466
0.0467306188424 0.0384376030887 -0.0723517527381
-0.0305911858856 0.0134152900288 -0.132730642839
-0.0547878661601 -0.00220965836362 -0.0807086378174
0.0072907977041 0.0186629236936 0.0229340764029
-0.0438424224916 -0.0201555178892 -0.0524304975714
-0.0566244685457 -0.0157892149526 -0.00974288676308
-0.0168723827693 0.020958423743 0.0255154905638
0.0276201150586 0.0101525208067 0.00586345699847
-0.058159752917 -0.0275761671204 -0.0210924846008
0.082621742118 0.0217062834092 0.0403252267142
-0.0276348298928 0.0345918423811 0.123390714545
0.0300227793682 0.0374531515275 0.00276489920573
0.0238600860596 0.0792842594686 -0.0382495033049
0.00364215312688 0.0314058399981 0.0543369854024
0.0247624974776 -0.0373288513397 -0.0315409691981
-0.0303194752309 0.00421191523668 0.0160663468866
0.0234574510544 -0.0382652211691 -0.000229694772538
0.00219491161338 -0.0200773359335 0.00457400068693
-0.00356415349982 0.00244947534174 0.00560637419598
-0.0103666916756 0.0295194569313 0.00887672609357
-0.020179181795 -0.00386515480677 -0.0045286311103
0.0287046661689 -0.0157587416555 -0.0145968698886
0.00856198570991 0.00251992515806 -0.0086826172495
-0.0042510494711 0.0122012457871 0.00296683951495
-0.0396210430069 0.005365881125 -0.00450104825252
-0.0196846824256 -0.0130298532048 -0.0228076153741
0.046855273704 -0.018122265394 -0.0235299696134
-0.0180665889059 0.00717935726397 0.0163699818408
0.0460674883494 -0.00964929718889 -0.00917989853355
-0.0687283789239 -0.0776558843257 -0.0439915392111
-0.06961018721 -0.07613557501 -0.0892229949717
-0.0439151084571 -0.0388100218934 -0.050909021409
-0.0494768397565 -0.0698769820173 -0.0146878285905
0.149145544707 0.0650579111253 0.0232486893627
0.146442239806 0.101704728303 0.0495085294375
-0.0247845277592 0.0226130465759 -0.00821854269358
-0.0373224564053 0.0112069643141 -0.00359825975852
0.021951159195 -0.0127345515358 -0.00662020444064
-0.00276184865605 -0.0228931807861 0.0204660238797
0.129930271783 0.0556383352 0.0434010813277
0.0625960580107 0.0699523854245 0.0728280607937
0.0625836451045 0.0158439647186 0.0070889413298
0.0529104605433 -0.00509143293204 -0.0287222451672
0.0162871396601 -0.0313816824462 -0.0189725375376
-0.027732248335 -0.0377789787 -0.00301404575793
-0.0236686401043 -0.00196960290989 0.0137252129677
-0.0218521051896 0.00854646862122 0.0332896242453
0.0547654507334 0.0868195989459 0.0656146007156
0.00510458625609 -0.00874973678328 -0.0243780753317
0.0197152633462 -0.00795828485351 -0.024284883442
-0.0584526515004 -0.0378424480223 -0.0216468122123
0.0700098577393 0.00420951129404 0.0105485299731
0.0099246773383 -0.028893960025 -0.00698866688677
-0.0127905449343 -0.0169621561149 -0.0121708145385
-0.0493573437894 -0.00761533230047 -0.0127351711135
-0.0423065542414 -0.016617639348 -0.0213036685104
-0.0636798267784 -0.018150351084 -0.0155002282092
-0.0302003263536 0.0131899654456 0.00988153375836
0.0476763821076 0.0347234081993 0.0154646416423
0.0779054049609 0.0457770400437 0.03231517311
0.0139086570272 -0.0194477153855 -0.024558067356
0.0154306689536 -0.0133773441966 -0.0196476320016
0.0455955916783 -0.00559174462474 -0.017621988105
-0.0196185638031 0.00698301078741 0.0154339049427
-0.00299438110605 0.0119992654711 0.0319942324464
-0.0508784491444 0.0122069615171 0.0298815399946
0.0441168615332 -0.00460961407167 -0.0272715342141
0.0443820267011 -0.0114507627445 -0.0347806750446
0.0298624855597 -0.00660298806886 -0.00365014865356
-0.00328548583854 0.00733506214193 0.0168594474936
0.0229312698191 -0.00415254347156 -0.00567652925189
0.0315597565277 -0.0115301171677 -0.00771109223204
-0.0193875120918 0.0173828367956 0.0128078752107
0.0421639677664 0.0925437037067 0.0341610819209
0.0940821929551 0.0404647343454 0.0178936078023
0.0617527544068 0.0283457699186 0.0101573105308
-0.00778062111947 0.0321023629023 0.0165954110944
-0.00650303665988 0.041553708703 0.0271867984146
0.0227527364917 0.0309332968374 0.00866806565995
0.00836575578133 0.0142916189786 -0.00132427341631
0.00717316837991 -0.00663067132297 -0.013627324718
0.064999900282 -0.00503770271467 -0.0280469927713
-0.0210316926174 0.00699644041067 0.0231220608269
0.000308610113527 -0.00451645086681 0.00397842122958
0.0160502589457 -0.0249378339315 -0.0258442764501
0.0193358826675 0.0183705664499 -0.0435008803589
0.0447558002602 0.0101836362772 -0.0519936221839
0.00949416381397 -0.0423886212809 -0.0040047372534
0.0144540681019 -0.0350697324483 0.0159291192899
0.000400071251693 -0.0291888300768 -0.00798709285319
0.00488253364184 -0.0159889990259 0.00623979053369
0.0244412879224 -0.0129489078983 -0.0364946254536
0.00466825973121 -0.00254489647801 0.00127940760433
0.0287390587492 -0.0563304440407 -0.00239899894497
0.0262218425266 0.00950056872184 0.00446606878582
0.0434063942226 0.00862418204807 -0.0438370994975
0.0153566755364 0.0211882725442 -0.0221777022972
-0.00759713795145 0.00906118574492 -0.010333546358
-0.0340854598347 0.011511948839 -0.00252604259992
-0.0271869450985 0.0215864639277 0.0140842166735
-0.0484781640424 0.0245765511621 0.00134954515942
-0.0396806591161 0.0153312464357 -0.00551611203494
-0.0213568239702 -0.00796401686733 -0.0215879406477
-0.0172918695866 0.00549506153167 -0.0182024126436
0.000535470077311 0.00320713082154 -0.00575765739965
0.0029956997169 0.00441196754587 0.0141444861286
0.0293339244049 -0.0101360403788 -0.00098600138892
0.018508735283 -0.0151841582718 -0.0196756000798
0.0209126065303 -0.0131433057374 0.00193534229008
0.0231202565876 0.00893992493765 0.00613979747475
0.0373854211964 -0.0086377793979 -0.00414637185228
0.0276271767239 -0.0242942534435 -0.0181391614386
0.0100224859975 -0.0181994351334 -0.0187264239893
0.0156439647013 -0.0265765382571 -0.0115147056935
-0.0118523322077 -0.0338145062498 -0.00920706547093
0.0449559136407 0.00412245858399 -0.00511079103189
-0.0359540645824 -0.00455800834112 -0.00481206867882
0.0317514874982 -0.00491822040464 -0.0192921803997
0.0368271208609 -0.0213808466902 -0.024345509538
-0.0282173585185 0.0384058312846 0.0183294021939
-6.93130045082e-05 -0.00321810716747 0.0235918299588
-0.0598565507428 0.0225690937612 0.0192507163698
-0.0721494981328 0.0197112036884 0.0576083847232
0.00291464117156 0.0358818257917 0.000333125264408
-0.00129891119774 0.0463534634129 0.0559423298954
-0.0276156601026 0.0367163673003 0.00927876968893
0.0030841749382 0.0425596667265 0.0820675663618
0.0348296562093 0.0250341713626 0.0022404286233
0.032175163734 0.0221511124424 -0.0194501961119
0.00123651593101 0.0373651393627 0.089376034083
-0.0315104279747 0.0427712441271 0.173624953058
-0.0539713845521 0.0481429593787 0.246949678369
-0.041275115982 -0.027019890346 0.0956613597663
-0.0244786134073 0.0189956100809 0.0181315274703
-0.000800946853344 0.00733337260937 0.0209523919279
0.0430061626155 0.0828776129408 0.0470456116518
0.0100597981932 0.0433694781259 0.0398764751269
0.0255808319412 0.0244833077296 0.0132953249868
0.000418490939917 0.0105312884013 0.00560978063833
0.0238281185534 0.0311335685846 0.0317334655945
-0.0292245937541 -0.0128341694644 0.00119291782597
-0.0591877774089 -0.0281542684762 -0.00246434993956
-0.0114488648024 -0.0101961037991 -0.0140715891572
-0.0822523645635 -0.0344848111555 -0.00172718307565
-0.00579211719534 -0.0109541758009 -0.0100107112354
-0.0596489130447 -0.00481366392744 0.00823675339391
0.0600108570015 0.00697913702394 -0.0533579586136
-0.0738356328115 0.00853405456239 0.0374998748174
0.00666497429172 -0.00966101293736 -0.051338668074
0.0041098622089 -0.00528242678374 -0.0166612394542
0.0136606114444 0.000236202572479 -0.018763052032
0.00888437243921 -0.0115787137166 -0.02557266732
0.00969166296056 0.00214400409235 0.00966126015623
0.0556852061201 0.082661952127 0.0682237724302
0.0433662907527 -0.0733814073428 -0.0147743972874
-0.008900908745 0.0414541028995 0.0148934932397
-0.0127436554024 0.0241869819058 0.00738068726476
-0.00458290090523 0.00814674244545 -0.00412583157155
0.0118884325989 0.00764031228704 0.000284761510442
-0.0204711610401 0.0510405180572 0.0182312762739
-0.0153648931677 0.0486136961134 0.0139467673763
0.0155921288054 0.02890757182 0.00369177859069
0.0390527800412 -8.09132434743e-05 -0.00983486850068
0.0284798189042 -0.0213744897208 -0.0184322148195
0.00198316303301 0.0479689815099 0.0151844018872
0.00037820540548 0.048445940919 0.0219844266015
0.0178542580297 0.031120351397 0.0167180704539
-0.0126240573475 0.0579140767316 0.0238675626035
-0.0066147334957 0.0389510057683 0.0217786750145
0.000794216540789 0.00836271701102 0.0202946016246
-0.0242709083016 0.0436317251801 0.136160580799
0.00168100623907 0.0417732554263 0.0292880749202
0.0228271047432 0.0143517770984 0.0120715925823
0.0122568620444 0.0015258846266 0.0128868589973
0.0010435753617 -0.00294044178598 0.0207531724903
0.0429936163421 0.00727023429398 -0.0128800461464
0.0736871444612 0.0179381325552 -0.00938086572008
-0.0616413981964 0.0127768099272 0.0190113222754
-0.0503598338713 0.0133193411913 0.0268835091533
0.000715594943058 0.0315337243142 0.0252828904827
-0.0231727389904 0.0383718177227 0.0135000414481
-0.0265975215505 0.0194012592186 0.0084373648949
-0.0527117190219 0.0300148725959 0.0186931933475
-0.0341857855584 0.0325441429047 0.01938753912
-0.0152683640358 0.0363983048295 0.0161975022259
-0.0107500269031 0.0234866675642 0.0114153559696
-6.37328091193e-05 -0.00394543332008 -0.00715885695185
0.00686648068488 -0.0229666024625 -0.018686381129
-0.00910510642349 -0.020090989847 -0.0174937770907
-0.0550784914458 0.0119393433764 0.00770322041042
-0.0675057713957 0.00958436902242 0.00756477439342
-0.0632404943995 0.0171556325536 0.0199910495962
-0.0453133358025 0.0198448604043 0.0206195980312
-0.00207028740818 0.00615645353111 0.0108703403166
0.0185205676367 0.00269527040422 0.00306120221073
-0.0324320834227 -0.00422236136682 -0.00395831099819
0.0120184051308 -0.00981408434924 -0.0141171854843
0.00314200194548 -0.00617854274567 -0.00960449574773
0.0147646879296 0.0022311758796 -0.0270383099778
0.0223071987302 0.00232609119901 -0.0158034073876
0.0159619759238 -0.010157862812 -0.0279985517002
0.00942286216074 -0.0159786091325 -0.0315348257376
0.00829467407865 -0.0135262632536 -0.0237993568903
0.00263195917674 -0.012389476448 -0.0214473709585
-0.02179606348 0.00468007223284 0.0175942566869
-0.0258471270361 0.0128061833541 0.0234613687753
0.0364805392749 -0.000326203680185 0.0250932095177
0.0487547407032 0.00738776519813 -0.0203021100699
0.0559450762977 0.00767928581585 -0.00269952548274
0.00485494910585 -0.00805686002529 -0.0048109641234
0.00414763089978 0.000593944762793 0.0103653700606
0.000990462109998 0.00737854339921 0.0245650061257
0.015090426143 0.00943568791384 0.0223421963601
0.0155095258507 0.00669140109776 0.0129293339719
-0.00721058154948 -0.0154893701141 -0.0224355371803
0.00160518264718 -0.00701325572949 -0.0109192068717
-0.0077713755068 -0.000669289978423 0.00988922211905
0.00440287536365 -0.00950331135944 -0.023109823679
0.0132709051992 -0.00820063622404 -0.029397187785
-0.0255251674032 -0.0104761435099 -0.0157647901198
-0.0302573603403 0.00184545943999 0.00249868523289
-0.0420592138097 -0.0164447716864 -0.00875238234903
-0.0573131314539 -0.0232823947662 0.00356508638783
-0.0665543077389 -0.0330531487837 0.00491160933974
-0.0193268828499 -0.025013842321 -0.0293903050459
0.00445997176759 -0.00164444724635 0.013774962611
-0.0733189568736 -0.0174464457151 0.00723243438692
-0.0852961836217 -0.0169835650455 0.017105316116
-0.0841692359349 -0.00251154189326 0.0305026821885
-0.0786628954877 0.0117667150017 0.0437737899371
-0.0764390872745 0.0187636933945 0.055192566106
0.0136690287946 0.00594397767257 0.054226384372
-0.0388271437467 0.0155443361671 0.0345981426668
-0.0469919176611 0.0144782786201 0.0620878868821
0.0235250864369 0.00112118249586 -0.0207534368135
-0.0121773362873 0.00339352362411 0.0688524989804
0.0503074467398 -0.002455803554 0.0260537986643
0.00950150534345 0.0157503345382 0.0217381715094
-0.0661322958179 -0.061407916289 -0.0445866357999
0.000415374510111 0.00301860337722 0.0161438568533
0.00876945459403 0.00947171713868 0.0263346392495
-0.00562430652249 0.010934743601 0.0336515212087
0.00589163197912 0.00871722283195 0.0253516992566
0.0288045124509 0.0133411918443 0.00238323866237
0.0394801271847 0.0445055629444 0.0353384266682
0.0279092120396 0.0475916600281 0.0396843027613
0.0153686542448 -0.00108866804608 -0.00237171637284
0.0105837301982 0.00399895072102 0.00261319506704
-0.00946596449117 0.00543170411183 0.0198413326556
0.0465918348843 0.0688212784598 0.0585588017134
0.0825375567974 0.0766632466438 0.0510382162464
0.0806883980115 0.040101890664 0.0172494393759
0.0135480686113 0.0397675686166 0.0478010137143
-0.00915750249505 0.00498624823357 0.0169566700038
0.000165465744667 0.00540234570429 0.0171463104294
-0.0164273582037 0.00826896687836 0.0188210710135
-0.000998566078281 0.00836985766097 0.0150392350977
0.00992153871683 0.00830861987411 0.012344644415
0.0225967980921 0.00658137166972 0.00491075697588
0.0311377016741 0.00579753956348 -0.00306875945224
-0.0355155155483 0.0112219062738 0.0265413219479
0.0469841192578 0.010106346842 -0.0180834668759
0.0747211803766 0.0138083485391 -0.0341819243491
0.0276303962219 0.00656293898771 -0.046140213601
0.0588701602978 0.00886956743528 -0.0201641872092
-0.0490908471398 0.0163091941831 0.0357212554241
-0.0354883079676 0.015445772953 0.0292988927234
-0.00834862038041 0.0107633271553 0.0203752399621
0.00947616682475 0.00732500475414 0.0163730182891
-0.0369275829436 0.0119710844921 0.0436109730267
-0.0593603014682 0.0190529038428 0.0442121225966
-0.0614409147201 0.0185151717712 0.0500248002239
-0.0620040165566 0.0169428459929 0.0584871881043
-0.0696659037928 0.0152565479326 0.0540391490694
-0.0500846007793 0.00983099797873 0.0427684709471
-0.00763380745819 0.0126893763224 0.0438961118688
0.0302705097582 0.0181184882222 0.00774422848751
-0.0587282465175 -0.00334342461337 0.0230829703711
-0.00918622800413 -0.00512309223598 -0.00183742919764
8.44237087467e-05 -0.0243054458435 -0.0492479627381
0.0428001340125 0.0214549983382 0.00569343356578
0.0355626946521 0.0265320833049 -0.00524672088332
-0.0337701817973 0.0101422081494 0.0534181908518
-0.0140641741818 0.00830393560981 0.0691912387664
0.0340066350266 -0.011410718484 0.05745417505
0.0410614337687 -0.00440510307949 0.0235978443992
0.0378421862191 -0.0094013562661 0.0487736342445
-0.0545561435277 0.0135933291587 0.0395420783331
-0.0553452984704 0.00669080146662 0.0210989321298
0.0594620699113 0.00835119847951 -0.039845696405
0.0710266492381 -0.00196752587186 -0.0507790101394
0.0640996309208 -0.0154475534221 -0.0501195102566
0.0605415429921 -0.00660262937192 -0.0232188365214
0.0606982345407 -0.00192514618843 -0.0528955269574
0.0609784427438 0.0031748271038 -0.0399998394011
0.0603444073428 -0.000354340837069 -0.0347613366853
0.0702245480766 -0.00451488443217 -0.0406941466862
0.0696086994195 -0.00759666791469 -0.0509536006304
0.0547574485621 -0.0107225881736 -0.037319979679
0.0655106131863 -0.00906265034809 -0.0327837655638
0.0160683844565 -0.0105125838715 -0.0222753032384
-0.0209606788572 0.000751568742115 0.0083020541677
-0.0442979269247 0.016012175578 0.0428110281353
-0.0331343296332 0.00704125779162 0.0166311970003
-0.0190731284124 0.000875020973684 0.00183270431871
4.11859461421e-05 0.00377315921319 0.000874110038571
0.0420681848668 0.0010360518597 -0.0160501051291
-0.0425135002643 0.0118031017118 0.0245505274707
-0.0529553420866 0.0172003671914 0.0377810253587
0.028422064966 -0.000580111289601 -0.0056280833459
-0.0296335940636 0.0159031134164 0.0393062526749
0.007379319855 0.00547622569953 0.00808639379043
0.0146116307575 -0.00982398649488 -0.022474610393
0.0413465578912 -0.0168398763911 -0.0380893100027
0.0539536505218 -0.00157654818122 -0.0249587962541
0.0735428173584 0.103369784407 0.0735913420031
0.0823320472659 0.108604953908 0.0651533093449
0.0568138317087 0.068542595619 0.0364368954558
0.0641806796669 0.0098717246959 -0.0174118205241
-0.0158646152457 0.0117473581637 0.0595150362979
0.0697689988218 0.00422814191781 -0.0512009495429
0.00900890360453 0.0100185445814 0.0229894583048
0.06008517176 -0.00060742933953 0.0186331561832
0.0248107185395 0.00284233851977 -0.00295999873995
0.0155033435102 0.00344366281759 -0.0305913461021
0.00786690395468 -0.00674214980257 -0.0422723837473
0.0387852736776 0.00465621975535 0.00400576059679
0.0408010455901 0.00935585504587 -0.0106608170581
0.0248438490854 -0.00421111499989 -0.0321270470932
0.0466966991679 0.00284946204274 0.0239786088847
0.0168296228091 0.0195655775113 0.00592134919826
0.0106183221208 0.0521918663188 -0.000771315147948
0.0394485690721 0.00838252930849 -0.0209112924028
0.0444751490913 0.0244278866715 -0.00475117058649
0.0320411536518 0.0347793337582 0.00121055759452
0.0226940255696 0.0369560971241 0.00397117803898
0.0281536819884 0.0466830839055 0.000470151031148
0.0181953807762 0.0357831302999 0.00260335611321
-0.000811674961369 0.0332848351168 -0.0145717865387
0.0280046190593 0.0357999940712 0.00465315327468
0.0212025446532 0.0163156941462 0.00393252975379
0.0345677725846 0.0221531925819 0.0130885386166
0.0365153233116 0.00745740451688 0.019464967456
0.0282761552196 0.00365117522255 0.00849840798924
0.0363511502161 0.00387621765816 0.00750866756466
0.0319929810951 0.00836510036595 0.0297943105376
0.0208921028348 0.0163071294312 0.0249302632724
0.00912523377003 0.0175660987654 -0.00784110716038
0.0243497050908 0.026703855751 0.0130200203336
0.0261243646672 0.024966384518 0.0122392931165
-0.00523038059721 0.0357917189274 -0.00749240561315
-0.0169323592438 0.0544455695391 -0.0116445762472
0.0686878288613 0.012219021943 -0.0042911543192
0.00323416016404 -0.0103713499134 -0.0163759393246
-0.0817168799177 -0.0534449616412 -0.0192648519583
-0.0767412769446 -0.0419617541623 -0.0196442416201
-0.0553024115316 -0.0518581877624 -0.0390824466579
-0.0295282165542 -0.0474229210432 -0.0571391670103
-0.0247593840469 -0.0326382098932 -0.048018657321
-0.00810970848492 -0.0233331683172 -0.0521567562746
-0.0522727569155 -0.0459926327467 -0.0294535352529
-0.0300613152988 -0.0252231298746 -0.00430567989648
-0.0227970167823 -0.0280757964361 -0.0306825041829
0.0161207288379 -0.0146981682449 -0.0377023297383
0.0180286633296 0.0275503115274 0.0109092820898
0.0476290366353 0.0907001459309 0.0633321997029
-0.00397491871884 0.00372333001042 0.0171889647669
0.0046866111713 -0.0147983376258 -0.0461899429278
0.0346746821497 0.000405003419785 -0.0546202958184
0.0108916144226 -0.0136003745494 -0.0461655566809
0.0137959431079 -0.0152685496705 -0.0295064939295
0.0157499887282 -0.0121909053307 -0.0129502874439
0.0513223179527 0.0178758481074 0.0171332700179
0.0484361473275 0.047734026954 0.0478712945184
0.0454568079712 -0.00895323348086 -0.0215858851805
0.0652539935033 -0.00995878456392 -0.0348869072624
0.00490882714623 0.0455911106173 -0.00657914482837
0.0187709836452 0.0301997867111 -0.00365132506111
-0.0253266112609 0.00552263040409 0.0257108166536
0.0188672920523 -0.000115961931391 0.0125550358434
0.0299720485695 -0.00262955816075 0.0055659481571
0.0339329544993 -0.0103897901778 -0.00621006213319
0.0256874284094 -0.0136941940252 -0.0155851859469
0.0213374922326 -0.0132694799084 -0.0152587499297
0.0251369779066 0.00445852825442 0.00973886196175
0.0398836537309 -0.00651368202156 -0.00332339299297
0.0408984675845 -0.0185639436672 -0.0131439673394
0.0372436130198 -0.0179039284032 -0.0123242954227
0.027762157093 -0.0199316430154 -0.0159531522645
0.0213790582314 -0.0181847592902 -0.0178324995137
0.0224223397032 -0.0145281228854 -0.0188762227006
0.0139245465036 -0.0238978171205 -0.0204166072692
0.0354704953076 -0.0131453864802 -0.00896770633346
0.00964897546768 -0.0110783673394 -0.0151801982477
-0.0115883517649 -0.0101674931461 -0.0116405674708
-0.0398314434526 0.00198722522845 0.00318502754454
-0.0462009217347 0.00797212618223 0.0140239515053
-0.0245557850548 0.00482549853202 0.0101828980226
-0.0452800612639 0.0123336064595 0.0240693425772
-0.0397532947568 0.0118086004989 0.0252514719123
-0.013445813816 0.00575017081414 0.0164042842477
-0.0568633057962 0.01698290439 0.034038082307
0.0284920670607 -0.014965349365 -0.0128889126381
0.0182368694215 -0.0179221761715 -0.0157790147049
0.024388056324 -0.0183295035466 -0.00809719542438
0.00851350108949 -0.0137845646464 -0.0188683488391
0.00881051563525 -0.0113784832977 -0.0220475479624
0.0136390443602 -0.0114540832194 -0.0183924804982
0.00521456514916 -0.0092297060906 -0.0189161927226
0.018232015556 -0.00938788079756 -0.0112449202492
0.0092239789698 -0.00398018356741 -0.00434343669425
0.0181700402016 0.00199312519214 0.00551008915495
-0.0275437476548 -0.0174636217033 -0.0208792349041
-0.0635776345375 -0.0231619119632 -0.0203899446936
-0.0813006974991 -0.0340076921512 -0.0207570032846
-0.0620057373317 -0.0105420177826 -0.0115613600409
-0.0487378103975 -0.0400611958065 -0.0215244991692
-0.00424780190529 0.0114360031475 0.0287504034716
-0.00773345497 0.00911815486118 0.0292107287142
-0.0353436111635 -0.00472640847648 -0.0153825062149
-0.0364250651832 -0.00152065807451 -0.0132516943074
-0.000149159422353 -0.00797946650956 -0.0172488123224
-0.0502768320269 0.0101518179582 0.000230919279025
-0.0428804534273 0.0121454652719 0.00887904918369
-0.0573766953961 0.0204508960206 0.0196582413987
-0.0247955179271 0.0148793474319 0.0108119257007
-0.0272430066245 0.00315499527082 0.00139039961212
-0.0194117151951 0.00182223265229 -0.00721928541673
-0.0399744770813 0.0164297656195 0.0259133519046
-0.0107750568735 -0.00161324876179 0.0215105631252
-0.00404160122395 0.0117212223043 0.0291037518383
0.0310623616047 0.0220376623913 0.0198168604825
0.0282977277633 0.00437709959083 0.0138490688643
0.0375807475461 0.00499286008979 0.0190843439353
-0.0287093561725 0.000976103107903 -0.00151027822726
-0.0157965400467 -0.00627016686578 0.00582345956727
0.00812794314755 0.0522145840354 0.0442979804731
-0.0185000373498 0.0184033762704 0.0278731907476
-0.0368054791851 -0.0148724920328 0.0107352923366
-0.00931944300335 0.0186994209017 0.0244347086885
-0.0140901246731 0.000487308083497 0.00426784834686
-0.0198054084279 -0.0127473150495 -0.00218114415114
-0.0257066650715 -0.0225207429733 0.00140426842081
-0.0135496219868 -0.0254532255482 -0.00946834959267
-0.00732011064962 0.063450698557 0.0858530977664
0.0098917579081 0.0589734184664 0.0337974014328
-0.0247811069549 0.0211120068972 0.00458401576368
-0.0410202950785 -0.0148013542149 -0.00477319059869
-0.015614837808 -0.0344582694938 0.000539341134776
0.000475823639258 0.0438710256325 0.0222877152787
0.021825441167 -0.00440801936096 0.0281206906252
0.0417390787062 -0.0146917368094 -0.0354421575805
-0.062989428276 -0.0205214073027 -0.127125236872
0.0195645717615 0.0477924885647 0.0541280482903
0.00544758496465 0.0237946348385 0.0406444399453
-0.0327322406166 -0.0142618099965 0.015709703728
-0.0809314379192 -0.00106952487423 0.029336121742
-0.0848882488791 0.00950076651313 0.0461174685324
-0.032011067159 -0.000417816926517 0.0848625589896
-0.0287124782409 -0.00588762408596 0.0272989781768
-0.0262127037993 -0.0256190115551 -0.0198430958318
-0.0359276313744 -0.0442793919142 -0.0241737613979
-0.00483050823227 -0.00434651902545 -0.0547652677597
0.0452649939481 0.0229930423426 -0.0316484578311
-0.00559294951251 -0.0103661686785 -0.048394520614
-0.00291448713624 4.35054757661e-05 -0.0271473802803
0.0135068986052 0.00220380979941 -0.0259378654463
0.0386854144571 0.00247326920058 -0.0368647771203
-0.0244051468194 0.0213596216581 0.0687156826425
-0.0412360410421 0.0179165151435 0.15862954382
-0.0386614618604 0.0410231735875 0.175832756463
-0.0521098066867 0.0401660218077 0.224001619184
0.0193203830274 -0.000322790668021 -0.0175247274251
0.00901108845124 -0.00874417459527 0.00317364669774
-0.0458794333998 0.0138495662556 0.0219453401214
0.0412260057981 0.00818150518246 -0.0010886937362
0.0624798775412 0.00730668585144 -0.00471867871777
-0.0267758579557 -0.0134819722392 -0.0142068672679
-0.0503780751049 -0.00968932061438 -0.00454039535469
-0.0730371033169 -0.018870628433 -0.0115208073286
0.0152192337003 -0.00341886991603 -0.0107054535285
0.0466906646357 -0.00637507451178 -0.0106158094871
0.0432024204019 -0.000277220871227 -0.0048124420811
0.0307112033565 0.00720994757624 0.000190120997786
0.0254668553188 0.00769047637218 0.0021327033213
0.000992457977714 0.0183221603464 0.00934273724131
-0.00173685210339 0.0202999008364 0.0168533305745
0.032329300563 0.00999753880118 -0.0560076603609
0.0302260051275 -0.00443095086748 -0.0555767403544
0.0150783408476 -0.0062344925754 -0.0650957961749
-0.0443820305001 0.0128267113669 0.0273090244956
-0.0207119629497 0.00842799896741 0.00335729432653
-0.0375798877201 -0.0244060789289 0.00328038633895
-0.0230044246977 -0.0409818359505 -0.00448001883221
-0.00508816856259 -0.0417576836433 -0.0110534695698
0.0216074738752 -0.0326335681782 -0.0180034983696
0.0465042216768 -0.0167823495079 -0.0181329561533
0.0631888040372 0.00682784207951 -0.020395610254
0.0375900030834 -0.0204823569698 -0.0242199871983
0.0286626271682 -0.0210215588758 -0.018176319009
0.047239268978 -0.0122686749767 -0.000256632902228
0.0468453677154 0.00550488296953 0.029483630954
0.0188904568667 -0.026864312085 0.00671159651152
0.0517555371803 0.0392431038002 0.0668841945564
-0.0145398089383 -0.0383405411189 -0.0122359386112
0.059635002706 0.0366078937984 0.0408383338525
0.0447813357021 0.037417859166 0.0169028724624
0.0449424824253 0.0636769153125 0.0401304878766
0.0361794771961 -0.00223119624542 0.0367478111546
0.042073915137 -0.00937892719366 0.0399414588849
0.0489040153865 -0.0125472302738 0.048857849389
0.047154621353 -0.00781962968559 0.0349083456352
0.017148759528 -0.0164468186685 -0.0229088363864
0.0145170713675 -0.0195978558108 -0.0260008377809
-0.0137852343569 0.00998213927196 -0.0407743133413
-0.0144373110072 0.0372192572596 -0.0334949237673
-0.0128554773058 0.0592697825466 -0.0248743625841
-0.0489689524216 -0.016873141026 -0.0669199685375
-0.0599209874152 -0.0660429360103 -0.0635271314854
0.0517921572771 -0.0775543648539 -0.0180912955701
0.0519695556229 -0.0713736996117 -0.0142896850922
0.0445883079552 -0.0642241664547 -0.0094843105071
0.0234202735589 -0.0154710515911 -0.0180897224748
0.098365763707 0.0664397193233 0.0775096065104
0.102135171972 0.0975561762181 0.0760257081792
0.0518167429993 0.00961324886215 -0.0356110542522
-0.0412232632618 0.0580981344535 0.21941646316
0.0406058301795 0.0117393777592 -0.00340854080641
0.037029334694 0.0148125869315 0.00259121719791
0.00947617382161 -0.00124416331504 0.00689893369935
0.0329308046045 -0.0106558662013 -0.00655746897065
0.0475063879105 -0.0180687486393 -0.0176752174381
0.0480513548927 -0.0138546443601 -0.0160185606185
0.051992200089 -0.010230886606 -0.0202448743958
0.0418517143371 -0.00176646580635 -0.0174891072082
0.0442926711531 -0.00798694339603 -0.012952178569
0.0424222345344 0.00116237190391 -0.0161293691086
0.0407299772837 0.0141387585992 -0.00718459714092
0.0257534945555 0.0158366147287 0.000670506160857
0.0533159524372 0.0186855467855 -0.00366882429988
-0.015161132714 -0.00347897882794 0.00416499815152
-0.0539782230466 0.0256785899781 0.215713784465
-0.0525493520279 -0.0171100588499 0.150004219691
0.0159937971892 0.0227938851043 0.0139277832774
0.12508075608 0.0901522003223 0.00789275946141
0.0748140441419 0.0139503561147 -0.00931600567312
0.0592294154278 0.00434281602542 0.00263076939251
-0.0628724415989 -0.0432155514131 -0.011994851728
-0.00517873438239 -0.0195990361585 -0.0195938697314
0.094000143754 0.028032960534 0.0137843284799
0.0262808097791 0.00139530952845 0.00124076059322
0.0202627882832 -0.00290666958006 -0.00492233940098
0.0654361817112 0.0117258262762 -0.0259052940408
0.0646412983639 0.0106415837057 -0.0152376803714
0.0459061089702 0.0109979762346 -0.0402452163018
0.0432757722087 0.00801962206944 -0.0509604109094
0.0350582977526 0.0084675026827 -0.0343969714339
0.0146292524711 -5.24305430843e-05 -0.0458158908538
0.0592956169845 0.0110302545998 -0.0425201863005
0.0102406485858 0.00601156954915 0.0136395697564
0.0554769736817 0.0114018432297 0.00401153213523
-0.0425999765507 0.0202042145546 0.00949026440601
-0.0419380723135 0.0175226318385 0.00463375274591
-0.0520429957774 -0.01184244136 -0.0141968668575
0.0145042910693 -0.0259771579443 0.00489849021762
0.0297656167285 -0.0529839082865 -0.00636213065949
0.020126881989 0.00673132041757 0.01392295812
0.00887078084501 0.00946878925865 0.0214392288962
0.0192115151131 0.0038889909145 -0.00453706455708
0.0118765998637 0.0222285968798 0.00433893207258
0.0133002066799 0.0464506109274 0.0260020139591
-0.000840435857567 -0.0142158191641 -0.00781961293183
-0.034127159702 -0.012023102542 0.00959210761859
-0.0460680040556 -0.0165130023882 0.0134222870049
-0.0504133064214 0.0135419178417 0.0344065968883
-0.0560522782128 0.0197617690112 0.0458458303782
-0.00172951879515 -0.0012276837345 -0.00151894510887
0.00228035039466 0.00309974144591 0.00656319491499
0.0149884065091 0.00542923827754 0.0103714544528
0.0103930259605 -0.00213175868908 0.00157366189723
-0.00804660167568 0.00640817899797 -0.00163229877574
0.00912684607154 0.00443963797869 0.00312149677016
0.074129383221 0.0311615043357 0.0061660265419
0.0342503373468 -0.0128263107542 -0.0482088029259
0.00698359799145 0.000547052736006 0.00564650634884
-0.0313448878449 -0.040306202786 -0.0170564656398
-0.00121081038096 -0.0273204745716 -0.000307280447524
0.0344115677742 -0.0118956712246 0.0110290516102
-0.0349242856678 -0.0315218657704 -0.0122431417821
0.0662387246396 -0.00468330947308 -0.0244070838017
-0.0443066453061 0.0251524760189 -0.0857662652781
0.0430121356554 0.0241468222958 -0.0270765505324
0.00859309348377 -0.0158685130327 -0.0454058295371
0.0762466730557 0.0723628446188 0.0559434619594
-0.00893452831728 -0.029040216586 -0.0159807121235
0.0286124047819 -0.0173822814074 -0.00324478721843
-0.0195014066083 0.0149910965214 0.0425060445404
-0.022430508438 0.0150690739527 0.040155277531
-0.0132164928367 0.00970477886561 0.00321758181438
-0.00913759523597 -0.00339565959038 0.00498209254829
-0.0309406064429 0.00903059078708 0.000811437476486
0.0635340150461 -0.00914887860499 0.0430720524864
-0.0030996868201 0.00277952973644 0.0435730034206
0.0670748001599 0.064226528565 0.0386537605306
0.00602391220842 -0.00321598891285 0.00303196774017
0.0432921358614 -0.0154898051408 -0.0142684036221
0.00502843442031 -0.00397550635858 -0.00914619903528
-0.0460043858716 -0.0152294848292 -0.148174382086
0.012763288088 0.0211621295139 0.0157723585689
0.0466582027191 0.0209167155609 0.0467037571964
0.0324330967651 -0.0678757222489 -0.0115883489901
0.0173108682425 -0.0159627862494 -0.0166403283666
0.0161197344402 -0.00139926261955 0.00595597964913
-0.0402264998733 -0.0120839556776 0.00526458168168
0.0312035089487 0.068059884453 -0.0735917504496
0.00702362850812 0.00376729226074 -0.00906121438598
0.0253947656881 -0.0450080637577 -0.00735455067415
-0.0697389117296 -0.0164529426764 0.00736382159555
0.0456694987212 0.010111592561 0.010961931958
0.0519528550241 0.0022744919938 -0.0569165948295
-0.00107467429301 0.00802659107224 0.0122429505596
0.158393665331 0.0674203412746 0.0465570917801
0.020633364954 -0.00885847174221 0.0639071305464
0.0756933190815 0.103229514569 0.0231474955009
-0.0761799118024 -0.0326005164753 -0.0201935639457
-0.0197861497925 -0.0166005482616 -0.0243263859756
