0.0350733563281 -0.0184608580768 -0.0150195336213
0.0913969306804 -0.0297907679052 -0.0224202444479
-0.0342160204569 -0.0745617809318 -0.126558992085
0.0131840388025 -2.83808336802e-05 -0.00591341498024
-0.0185164971673 0.0140178937358 0.00493425377779
0.00083113643939 0.00438234580456 0.00378776659273
0.0144011729089 0.0209053734266 0.00881541000528
-0.0154490870201 0.00612354173515 0.0114679805086
-0.0358362627229 0.0286079033791 0.0297536219286
-0.0307026862628 0.0262816008308 0.0239936785318
-0.0101157329444 0.00423710901029 0.00672236460933
-0.00606231932973 0.00091861307568 1.1291547588e-05
0.0586323470948 -0.0282024030233 -0.00869502133982
-0.00571941254788 0.00183181638607 0.000691427630046
0.0408055202711 -0.0524063447857 -0.0181833086655
-0.0410273198063 0.0246062904485 0.0431018848582
0.00440185359112 -0.000912231487414 -0.00488951523918
-0.0392915386295 0.0288404925566 0.0543842915532
-0.0116194970664 -0.00430783643969 0.00725473781229
0.00613963858027 -0.00106388364673 -0.00585025118361
-0.00876200379178 0.00161820214094 0.00225170258518
0.0115359676118 -0.000343610209502 -0.0061273950805
0.0256568262801 0.0566470324794 0.0239501103501
-0.0449182914825 -0.0306488083544 -0.00886646345033
0.0037062785277 -0.0334586831898 -0.0260801055818
-0.00904475381763 0.00916055389249 0.00179417972118
0.00184720641846 0.00197581698172 -0.00224236752046
0.00158200405204 0.0072689972081 0.000590664427868
-0.0100384428531 0.0103556062711 0.000457433907671
0.000163914016939 -0.000234966683979 -0.00332658089853
-0.00794408449098 0.00455303171767 0.00108975254713
-0.0296535513984 0.0113529628721 0.0225555191678
0.00916739729473 -0.00103621142266 -0.00629184133292
0.00805004614574 -0.000107353720703 -0.00499136848803
0.00285649886558 0.0072955247501 -0.00123838596285
0.0108083596046 -0.000428387099889 -0.00730956704398
0.0146532678687 0.00258089626795 -0.0108280939022
-0.00198295407656 -0.00184223942743 -0.00131524971855
0.00253779972663 0.000636536638251 -0.00481544525723
-0.0172310601207 0.0246651871525 0.0386413719689
0.0629716435406 -0.0288563754314 -0.0181284203962
0.0266447185843 -0.0183598674853 0.0204154122127
0.0252258694664 -0.0177415468225 -0.00959944112836
0.0113815143307 0.00387432241652 -0.00424334937899
0.00821785818649 0.000419747688196 -1.66099274557e-05
0.0171935778606 -0.000321133943966 -0.010663721142
-0.0644227631463 0.0609200615906 0.0458518566461
-0.0270517504121 0.0148133851425 0.0184612833067
-0.00169506385564 -0.000350609949409 -0.00234044731231
-0.0122440725352 0.00141502974501 0.00395307324907
0.0148810279801 0.000581111026379 -0.00598752347043
0.00382989175099 -0.000266611626934 -0.000640465963288
-0.00561570189944 -0.00504954127818 0.0122154349841
-0.0301597626156 0.0158833843899 0.0293558781113
-0.0908307893841 0.075390403552 0.047411902114
-0.015261002556 0.0155484870763 0.00550690209572
-0.0429764249901 0.0464905420176 0.0216987323892
-0.0557972650241 0.0371909613777 0.027052004383
-0.00295207278243 0.0350090560802 0.00149478176697
-0.0061059815544 0.00888095241231 0.00270520660678
-0.0111706076328 -0.00133603244741 0.0049071504437
-0.0135791283038 0.00193368145671 0.00607965066698
-0.023451001098 0.00378933811901 0.0183913079
0.00660247694026 -0.000943804200549 -0.00509849018125
0.00230700015608 -0.000560662551633 -0.00325689310332
-0.00109817961086 -0.00021374312879 -0.00132582128782
-0.00535439297612 0.00408218437697 0.000351495948876
-0.0131693292243 0.00717709575158 0.00298297493435
-0.00372187396168 0.00747348258853 0.000187328034774
-0.0126479342381 0.0106214389111 0.00157714292336
0.0104329427444 0.00420469644583 -0.00583852283943
-0.00711090302691 0.0170071220469 0.00330157152962
-7.35825733665e-05 0.00981213597378 0.0167053631207
0.00837118229189 0.0101017147876 0.00682147163378
-0.00472010153771 0.00168362571597 -0.000750484018764
-0.017752951344 0.00551471961885 0.00993055166878
-0.01733186028 -0.0136419067218 0.00562668050563
-0.0132449540334 -0.0204842631528 0.012305603359
-0.0140306155704 -0.0195213557964 -0.00162659532717
-0.0252780437078 -0.0113571569091 -0.00127970914204
0.0435067284632 0.00525617199434 0.0121492557289
0.0831372385893 -0.00711590319353 -0.0307272680311
-0.00386616138924 0.0131808758143 0.00814150618758
0.0210544430941 0.00604240101315 -0.013805893916
0.00966938656583 0.00285897307864 -0.00409852519447
-0.00746850769099 0.00775478023044 -0.00840467499187
-0.0109755838276 0.0107644773357 0.00243195177084
-0.0171900931358 0.0209584887608 0.00183602882807
-0.0285717180282 0.0506211273866 0.0300455524125
-0.0535775397969 0.0522647722155 0.0402465530778
-0.0142624541597 -0.0881550272791 -0.0890219412384
0.150514022141 -0.0319234533273 -0.0317042887592
0.0903932502255 -0.0146017920625 -0.0463395500429
0.0326413016162 0.0100822082515 0.011335874639
0.0221596255061 0.00791504161278 -0.025138649964
0.063163595655 -0.00852767403891 -0.0488161469491
0.0847440043941 0.0203297612805 -0.0335143899491
-0.130613911162 -0.0113890174102 0.0501138080827
0.0840839620078 -0.0247750804383 -0.0141156870432
-0.0421203994599 0.0284187663154 0.0415732619813
-0.0244614081966 0.0209662359769 0.0338106349002
0.0235037525842 -0.0183502407682 0.0133056805812
-0.00909626512495 0.00747213506029 0.0370450544088
-0.0116321409774 0.000918345701388 0.00767794124026
-0.0125058975746 0.00429936369537 0.00994449283465
0.0559146112776 -0.00673818056067 -0.0133786896899
-0.026715185325 7.87793519322e-05 0.00435342296434
-0.0866137014399 0.0458439829611 0.0441863248668
-0.00960205099725 -0.00804257900593 0.00850231751155
-0.000117783520813 -0.00417110681329 0.00669126479351
0.0392085649952 -0.0287598107646 -0.0110848676266
0.0650163700114 -0.0279093452867 -0.01486616694
0.0212730787358 -0.0160600403324 0.00104299247681
-0.0411532161232 0.0214466523805 0.0257841015859
-0.0246331546812 -0.0253389367868 -0.01031646912
-0.0463558849446 -0.0161176553224 -0.00404031722853
0.092904324461 0.0398832571428 0.00486208116023
0.0600621885037 0.0255228599109 0.0240744843912
-0.0548773975311 0.0284358547509 0.0355156755927
-0.091833558902 0.0361242355663 0.0615242845008
-0.075710642624 -0.0252993441772 -0.0112761469812
-0.0117174064684 -0.0110026932449 0.00629415751948
-0.0136192424272 -0.01536863575 -0.00773914400742
-0.017100744455 -0.0213232441745 0.00439647331063
-0.000982951805846 -0.0276833135667 -0.00554146130991
0.0371016020318 -0.0150914407838 -0.0219546117144
0.0106383921343 -0.0367141763997 -0.0324032180049
-0.0258102569491 -0.0306464762199 -0.0152677857056
0.0916182709169 -0.0189016088863 -0.0265191872921
0.150205923375 0.0243500569807 0.0191465968942
0.0807635412331 0.0227948026093 -0.0224706062415
0.0919030238863 0.0156691201077 -0.03064183095
0.0672045817649 0.0362100906734 -0.00382827588921
-0.140630169581 0.0138970535274 0.0965867051946
0.0152642341626 -0.0313908301484 -0.058181132371
-0.134780119845 -0.00568992213205 0.0682126461088
-0.000395098813586 -0.00284767645521 -0.056537671636
0.0100345220787 0.000860237593701 0.0139369049572
-0.0464811023868 0.0317524124267 0.0547124914151
-0.0318054534485 -0.0331784768389 -0.0891984324274
0.196486123059 -0.0338755160319 -0.0330623615527
-0.0358822920052 0.0280159964814 0.0333576153769
-0.112155512032 -0.00358527587732 0.0256930930082
0.0221097506085 -0.00728942278959 0.00240265884546
-0.00682383107408 -0.00612257819966 0.0107543682297
-0.00705195864878 -0.0130432378178 0.0171309612448
-0.0500612633901 0.0624590909774 0.040621689127
-0.0505798629036 0.0382891726438 0.0223054241444
0.0156867840241 0.0109699670582 -0.00847097349715
0.00925790403487 -0.0382565814276 -0.048068950028
-0.103488729416 0.0159803349676 0.035126634775
0.0506242685411 0.00885065111556 -0.0107064670086
-0.00786825781919 -0.039081318348 -0.0628689671896
-0.0433988425989 0.0090454688416 0.0353276516723
0.0047772360292 0.00288187025146 -0.00356376254939
0.0221394263358 -0.00308262040611 -0.0150024949597
0.073407435517 -0.016151527998 -0.0352215086605
-0.00403609633119 -0.00108863419653 0.00389156307068
-0.0408449755005 0.0178426232603 0.0186576121246
0.0280256450693 -0.0227193637653 -0.00685478003225
0.0459737265102 -0.0171577008233 -0.00536230020914
0.0715410373929 -0.0254123545242 -0.0247821322935
0.0550438196893 -0.00607695561149 -0.00120761347354
-0.0335147324353 0.024161676788 0.0155109064468
0.0455358603971 0.00570113813735 0.00132373502512
0.104925778098 -0.0308027652517 -0.0368333822834
0.101121576452 -0.0252901224925 -0.025832949171
0.0715612051557 -0.0140498225491 -0.00901569113838
0.0194496001569 0.0147348725385 0.00762663906027
-0.0294795977978 0.0370150720432 0.0304169056479
0.0142789813394 -0.00218110298207 -0.00110086865845
0.0290538568962 -0.0296658730719 -0.0198379643286
0.0430086446076 -0.0524683774414 -0.0236791960076
0.00928895372172 -0.0429868161723 -0.0159290776365
-0.0556277425221 0.00747354633841 0.018617080119
-0.100926443462 0.0647463915917 0.0517470275219
-0.0585274489874 0.0802865738243 0.0424201455136
-0.015776663147 0.0507229167202 0.0172904532488
-0.113356951192 0.0846729734149 0.0594410756724
0.0236677921908 0.0148714375718 0.0169385627219
0.0630627485298 0.00405460030596 0.000648274630152
0.10470630184 -0.0662927110483 -0.0478085183551
0.0783809107562 -0.076048618413 -0.0789266011676
-0.0942169841581 0.0637768015753 0.0512677686503
-0.0677658091419 0.019869968089 0.0226515627426
0.0637351654311 -0.0109845661422 -0.0137607378922
-0.0400220118004 -0.0998719482474 -0.125695601884
-0.0251028673082 -0.0156852558796 0.00912288800958
0.0612713271939 0.0299001528296 -0.0196461146347
-0.0613919185458 -0.0129602453513 -0.0102131681884
-0.0243320894844 0.0237663373751 0.0201199016171
-0.092879317059 -0.0747628857714 -0.0651933739115
-0.0618836073312 0.0262411356315 0.0260953712402
0.0779335316682 -0.0110451176713 -0.0253386801371
0.0813736646447 -0.00690444902325 -0.0151767439144
0.0682026628906 -0.021399065824 -0.0178960205048
0.059747592791 0.00802140053087 -0.0152771369129
0.0714181066889 -0.00355422749605 -0.0321949505017
0.0471350411258 -0.00207008485539 -0.0279481616836
0.0366046836844 0.0119095295952 -0.0147688134696
0.0049221110227 0.0154433570616 0.00534074452622
-0.0179765330339 0.0225314079427 0.0316002574999
-0.00684274248706 0.0145428387413 0.0438185630723
-0.070244683641 0.0426173221907 0.036737515794
0.0354501648714 -0.0264113415007 -0.0845049902119
-0.036809238336 0.0211727500527 0.0383961261196
0.00672104315969 -0.026708875523 -0.0110214621787
0.00766002295941 -0.00291630662238 0.00840633863278
-0.0360591482184 -0.000418758682042 0.00417752489398
0.0917102564331 0.0145308412182 0.00319062763379
-0.00133274878163 0.015604851678 0.0125960988339
0.020208445514 -0.0500062400253 -0.0866577376941
-0.179392462894 0.0512382863705 0.0753880711076
0.0158255437572 -0.0320068281308 -0.0537488306411
-0.0725050768067 0.0427901604528 0.0260318981324
-0.0816605305137 0.0149553026472 0.0251412683608
0.0299209809121 0.0137894170211 -0.0248408071868
-0.00861815945157 -0.0159620178855 -0.0177672921683
-0.0742950081705 -0.0288842833528 0.0200880014223
-0.0750744812349 0.0368975875564 0.0302900036077
-0.084445309123 0.0269022771002 0.0419064324259
-0.126288547321 0.032050659232 0.0720405498849
0.125574073956 -0.021952258401 0.00274865078532
0.0901608279992 0.0840952539316 0.059928810342
-0.0207475592662 0.0134172205348 0.00456867872223
-0.0416381732294 0.0663635657604 0.0474565337733
-0.0364964775224 0.0593032603841 0.0347316744782
-0.00771569050208 0.0561939212269 0.0251976103974
-0.0329872474151 0.0527330333433 0.0477898371757
-0.0560717359799 0.0235268250973 0.00947429714553
-0.0359246838097 -0.00489443868475 -0.0266601776976
0.00861128073135 -0.0100824796555 -0.0293872895873
0.0528487129284 -0.0368932939873 -0.0410266454887
0.061859691363 -0.0702117243216 -0.0602235151482
-0.0194089270457 0.0282930132798 0.00235358299521
-0.0244880664281 0.025880981223 0.00516683333656
0.0126154120866 0.00796514449414 -0.00391237979256
-0.0546926072445 0.0383231075531 0.014783470113
-0.0529649871905 0.0542934002144 0.0329323338411
-0.0458166710955 0.0473362286433 0.032562363733
-0.000653235459331 0.00523821904499 0.00379098756284
0.00602446746756 0.00141278049882 -0.0060829352052
0.0363069990149 0.00205021919233 -0.00152905110855
0.0438326233891 -0.00687972834068 -0.000739067408393
0.0114460027777 0.00498965459501 0.00840310282415
0.0997972283715 0.00257403127705 -0.0377255214995
0.13218670079 -0.0064530116661 -0.0428225483118
-0.104467470702 -0.0666773195589 -0.0649101913501
-0.117661093826 -0.0332539532978 -0.00639662829106
-0.0221397080583 0.0290943061559 0.0159389830832
-0.0401677658407 -0.0241764549458 -0.0350592297808
-0.0330399613987 -0.0594346047678 -0.060630458396
-0.0802174631583 -0.0636628012706 -0.0590015918086
-0.0999373152611 -0.014728042614 0.0036095392723
-0.0653278683074 0.0296138585356 0.033252051006
-0.0798663158036 0.0240338962554 0.0363556154439
0.0104398327189 -0.0704293881623 -0.0693343349232
0.0333547378203 -0.0873922513345 -0.0811302108614
0.00986791622393 -0.0954007687831 -0.10048882192
-0.0586285627048 -0.0997054515563 -0.110059080702
-0.068738259807 -0.107810353407 -0.133322936048
-0.107956721178 -0.072515851861 -0.0600462596251
-0.131440288805 -0.0399508883525 -0.00240712257815
-0.100549755911 0.00431490202215 0.0482852241871
-0.0488027620088 0.0387427670272 0.0554083983435
-0.0308826202925 -0.0989467346559 -0.108570604352
0.127794454564 -0.018240960126 -0.0192537519037
0.073388500909 -0.0167267878699 0.00756037155046
-0.00126311571241 0.00267603810385 -0.00235696612348
-0.0793939453719 0.0279032367072 0.0514242156476
-0.159865199782 0.0491562974679 0.0862532840018
-0.189639894022 0.0551823144909 0.0924090125062
-0.169669539328 0.0435439944401 0.0844362555391
-0.153280854183 0.0353015794027 0.0654538870756
-0.0535786331537 0.0144297320393 0.00691410844543
0.0111804820798 0.00294264645644 -0.0305833681796
0.0321000878297 -0.00872532996695 0.013003150336
0.101211485923 -0.0219869147572 -0.133125591573
0.0810072967892 -0.0102242876397 -0.0955351780967
-0.0509641988842 0.0155867145002 0.0505887938299
0.0579324673329 -0.0134970124119 0.0139967127147
0.0528608258394 -0.0293281810441 -0.0521729061728
0.0994884210596 -0.0195121395162 -0.0208117614704
0.0876754440279 -0.0349935168568 -0.0420936531579
-0.130438667408 0.0434695463234 0.0679509123
-0.00247428335541 -0.00557685767013 0.0337425602273
-0.0409978127824 0.0059991988004 0.0131396976753
-0.0610418729771 0.0172311902698 0.0462528307179
-0.125014167485 0.0369375507312 0.0668997293216
-0.135227398972 0.0385100016946 0.0586291644369
-0.11138010203 0.0355874828474 0.0391402789515
-0.0577019605858 0.0125732802972 0.0224464351556
0.0352885410497 -0.00705619281085 -0.0238534954437
0.0415751785895 0.00223887738997 -0.0245769280073
-0.0277575072492 -0.0263384508777 0.015626249887
0.076635762818 0.0153626564169 0.0314974872459
-0.0192994437229 -0.0133699823978 -0.0189727913682
0.0079286772393 -0.0401730607106 -0.0629302271587
-0.0293497081772 -0.0117897063406 -0.0170173298545
-0.0652600530873 0.0156943142621 0.0198816033461
-0.0267081686773 0.00896022325085 0.0152808663425
0.0261730414919 0.000877517853284 0.0239228006347
0.00475206508949 0.0100352679136 0.00340495655289
0.0139091684697 -0.00622179538611 0.00230098232439
-0.0260935255354 -0.0161474921401 0.0068738989591
0.00420135908605 -0.00558834318749 0.041046561704
0.0170699171664 -0.0117898219932 0.0230781903356
0.0500255304911 0.0149321969477 0.000803237790804
-0.0710571411652 -0.050115900196 -0.034761542886
0.0460621076393 -0.0169635885141 -0.00536367388429
0.0730431058385 -0.0218321451436 -0.0322925311862
0.0222545343023 -0.0396897635136 -0.0861567492338
0.0471116270894 -0.0519796733966 -0.153213656365
0.0177904148171 0.00862759709967 0.0174077501259
0.0750812490601 -0.000785928952752 -0.000528927046763
0.0387654219127 -0.0165968109507 -0.00691604502588
0.0361962303782 -0.0485680299132 -0.0856054197428
0.0172396592605 0.0184864030943 0.0218413158903
0.080669599532 0.0155488507637 -0.00330801980243
0.0973483201102 0.0346080355679 0.0202200657606
0.0976143170161 0.0313894219734 0.0315028590318
0.143577973693 -0.00337269523149 -0.0154061371631
0.110441960231 0.0421342215233 0.0118080592444
0.0174975638684 -0.0130784742551 -0.0340717747098
0.0478308722151 -0.0368356409003 -0.0860475403113
0.0116919492719 -0.00595928284126 -0.0378940313699
0.0390308878176 -0.0182029586597 -0.0818458753092
0.042386111919 -0.0107636583036 -0.0771381696186
0.0747914145893 -0.03868477322 -0.145789602438
0.0784444572488 -0.0377237272157 -0.144402756736
-0.0387097304896 0.0165367897799 0.000739565001171
0.0975388869667 -0.011570825024 -0.110018976023
0.0852933205663 0.00444343866998 -0.0576255690633
-0.0144608145314 0.000771870900734 0.0118635097403
0.0303255389445 -0.00184265828135 0.00267965527077
-0.0301812494275 0.019087959857 0.00555398077824
0.00594404459007 0.00958971800161 -0.0124168149037
0.0281488452745 0.000986030856487 -0.0315897890992
0.0342956342841 -0.000164115548961 -0.01048012366
0.00123296425331 0.00232017719048 0.0214158838438
-0.0229921622626 0.0180070134486 0.013373147831
-0.0145245724891 0.0118337623025 0.0189413729977
-0.00858047608886 0.00311533475639 0.0172959575763
-0.00575142196315 -0.00521416691206 -0.000518676890135
0.0215682205823 -0.0179501822503 -0.0250915130206
0.0397202746948 -0.00109493767831 -0.00389156653783
0.00158406025827 0.0428320343231 0.0469865123698
0.0230126938581 -0.0362744431111 -0.0573282330476
0.0314360696807 -0.0164608063203 -0.0387941274223
-0.0772129543427 -0.039785976039 -0.00883091585531
0.0230072165681 0.0420519928356 0.0315901780034
0.0313965421241 0.0640577795915 0.0495004615222
0.00363707565384 -0.00388442191431 0.0211433858299
0.0154743008191 -0.00359604344636 0.0268878274286
0.0171882456979 -0.0157203886763 0.0393371032327
0.010866135063 0.00419176229935 0.0236343700712
0.0202885355306 -0.0183512218087 0.0366605988436
-0.0821328187499 0.0306237464897 0.0275108684265
-0.101726721986 0.0316111926221 0.038258757001
0.0817039057074 0.0011220295806 -0.0811670467595
0.0149520908672 0.0131284832891 -0.0389853332649
-0.0385388597945 0.0206818446782 0.00677722420488
0.0663579839515 0.00475670783206 -0.000685061391744
-0.0177897038747 0.0091594647949 0.0090692341489
0.0659973919714 -0.00243449957076 -0.0852732218736
0.0407351247467 -0.00317291347554 -0.0799996522147
-0.000568215709883 0.0126532670273 -0.0393064129115
-0.0168930229319 0.0164925506597 -0.00252871905553
-0.0392511860299 0.0157824046288 -0.0150036452361
0.00372907166852 0.0161694507242 -0.00919587950491
-0.0683971066741 0.00133195268572 0.00155048426396
-0.0786140560552 -0.0125881425884 0.010198980911
-0.0585937887547 -0.0270465433726 -0.025028965305
-0.130452476669 0.00680860552315 0.0581397172394
-0.138394378777 0.0205284855109 0.0896366261643
-0.105518206417 0.0305146668195 0.0806211195635
0.0271773021812 0.0289762247141 0.00658260249912
-0.160613688683 0.0078039428005 0.0973392193073
-0.113663321312 -0.0149067280202 0.0108240135529
-0.0392666563641 0.0318231182341 0.0453076951127
-0.0572660466462 -0.0215331614891 -0.0540956299362
0.01411813621 -0.0291415741964 -0.0916554725066
-0.0988114231778 0.0270066729494 0.0547036539795
-0.0678879832214 0.025204858798 0.0293055570472
0.0251225154473 0.0168706900098 -0.00747535068511
0.0661136408152 0.0724358385785 0.0600922544895
0.0156217701197 0.0557586593573 0.0619951717365
0.025284983094 0.00324158559227 0.0167928078234
0.0885599237559 0.00866068870844 -0.0349724470231
0.0277304658853 -0.00306681059256 0.00836442532572
0.0422559277175 0.0112544215379 -0.0487700710782
0.00622047965505 -0.0264268716261 -0.067795519304
0.0265772257384 -0.012676587363 0.022039677949
-0.00216911239399 -0.0121679885642 0.0127048473446
-0.0259083358862 -0.0129539512381 0.0122796672457
-0.0624218846469 -0.0299161598485 0.00720802379281
0.00483365176965 -0.00213661609305 0.0136802119756
-0.00238444109415 0.010153958683 0.0168760474694
-0.041293750245 -0.0171360502077 0.00370672342178
0.0214455486966 0.00746527968396 0.020330624275
0.00547445131417 0.0460404799814 0.0186401203001
0.0153911644726 0.1104028984 0.0658521325649
-0.00392167336733 0.0219944062093 0.0221923224242
0.0203119958991 0.0502989167614 0.039304996498
0.0271787961925 0.0739631378902 0.0511042009296
0.00968236013417 0.0807554828478 0.0737127474829
0.0300143554305 0.104931794943 0.0775298648271
0.0166166762144 0.0755679455842 0.0394087033399
-0.0428114694775 0.076494686346 0.0500425821782
0.0311400044583 0.0814884311949 0.0699389177312
0.0415928556218 0.0319275258232 0.0178003269372
0.024310914583 0.0469661368325 0.0268980782694
0.0183670671831 0.0223503879799 0.0184972202179
-0.00319866761869 0.021136060575 0.0186024318855
-0.00895109470325 0.0227813441174 0.0343430062996
0.0204443726826 0.0167240981556 0.0307152033648
0.034898583371 0.0226898352278 0.0215659309023
-0.0265856772036 0.0463977852039 0.0244486217914
0.0383722727665 0.0511113020737 0.0428262008398
0.0238970890864 0.0488435742131 0.0462440339575
-0.0145594372515 0.0756644160234 0.0266865408886
-0.030228312725 0.113494615462 0.0580286590615
0.11884544879 -0.00042257373738 -0.0120101605476
-0.0751790117366 0.0354128839692 0.0538810468338
-0.0106239436321 -0.0322317704931 -0.0461423309418
-0.0149428992396 -0.0527827525103 -0.0679330643448
-0.0388197696149 -0.054672661601 -0.0666059721367
-0.101749013326 -0.0534112692212 -0.0152329942765
-0.0902065274679 -0.0466071806397 0.0089751545425
-0.0923393526312 -0.0450781792335 0.00429684684603
-0.0557689300341 -0.0324791605696 0.00703623219976
0.00704893760567 -0.00476132324687 0.0276486195339
-0.0188461142446 -0.0395394176606 -0.049272209238
-0.0346120629849 -0.0139830929307 -0.00677589609645
0.0614522647276 -0.0278503503782 -0.0319178636012
0.0132292645546 0.0195062395343 0.0287076957075
0.0306064129334 -0.0174188714858 -0.0243854397016
-0.0637086112062 -0.0278434942084 0.0241527836121
-0.0395236837829 -0.00288616338006 0.021709109621
-0.0430031179324 -0.00971545356219 0.0240325581918
-0.00107578535784 -0.0121344768613 0.0195976705966
0.051809204533 -0.00341299033508 0.0143986209773
0.133392006735 0.0159503170335 0.0182154930634
0.116753300595 0.0624303210039 0.0540843313137
0.0553331916992 0.00135988516745 0.00802974274468
0.0213544457936 0.00953246435131 -0.000511926223108
-0.027061309364 0.101553940893 0.08212481673
-0.0185249335196 0.0701991753571 0.0648284913922
0.0419817525314 -0.018428177982 -0.0381389467106
-0.0820739582555 0.0872531632255 0.0575108501687
-0.0138037333257 0.0585855036535 0.0334021576635
0.0584627646877 0.0337838791575 0.00995789110701
0.0906543562394 0.0106566012135 -0.0119948308091
0.180198100343 -0.0348061676134 -0.0363206630469
-0.00415086783041 0.0414636710829 0.0298869894162
0.0688027563687 -0.00644843022425 0.000548112006438
0.102048021316 -0.0422503182077 -0.0254018799057
0.116652769089 -0.0344588444767 -0.0226406123129
0.136028620826 -0.055351735706 -0.0411662426536
0.156187537477 -0.0610671058236 -0.0522917231321
0.156997238714 -0.047556102476 -0.0554533346922
0.0862490108056 -0.0788345222094 -0.0689604345798
0.100683393874 -0.00593401285906 -0.0107274007316
0.040603596017 -0.0661275620413 -0.0965692594962
-0.00896522297117 -0.0859326688934 -0.11486781786
-0.0551660243916 -0.0864399233859 -0.118443185601
-0.0780000209697 -0.0643909806491 -0.0860574984431
-0.053373035774 -0.0529154872608 -0.102948634632
-0.128967064341 -0.0358665051901 0.01257822484
-0.149800029199 -0.011515159412 0.0647659288768
-0.125960769973 -0.000305592274508 0.0739610137994
-0.163159766389 -0.00213336590394 0.0638027083717
-0.0157883027182 0.0612197648568 0.0218508163305
-0.0635550004687 0.0819424132771 0.0413034403091
-0.081446175359 0.100693623782 0.0589177286692
-0.0587659847419 0.0634419942524 0.0329243033085
-0.0350269073328 0.0417660281865 0.0234445829159
0.0500107828403 0.0179596782392 0.00112038039353
0.0308972889199 0.00736674342653 0.00950991498728
0.205250211755 -0.0372937225042 -0.0331673213269
0.16339672397 -0.037830991642 -0.021490699935
0.175651691319 -0.0282479047647 -0.0172712734455
0.0644608594794 -0.0163808937112 -0.0390624571652
0.0131205828556 -0.0261810220679 -0.0214720885286
-0.0416780428493 -0.0316625670887 -0.0144150216867
-0.0895213298639 -0.0270784087024 -0.00469896942549
-0.0365126054399 -0.0210024263508 -0.00666240408255
0.0381529643897 -0.0498868197416 -0.141704563435
0.0306488713023 -0.0489383267386 -0.112609147029
0.026895016135 -0.00595790011215 -0.010076971393
0.0381081913768 -0.00390724838589 -0.0342623965721
0.0370227627593 0.036848048047 -0.00718885601195
0.0141187574211 -0.00986032317889 -0.0209355492707
0.0030871063322 0.00183604307079 -0.0112036654181
-0.00884182471373 -0.0214186478424 -0.0154301733681
-0.0143944176928 -0.026325515238 0.00284962464634
0.0068966876874 0.0211363515193 -0.00453910498658
0.0171014195965 0.034421586874 -0.00312722384138
-0.0129554134672 -0.00467900471043 -0.00665456089012
-0.0139582471626 0.00481710824642 0.000333586001055
-0.0168384590267 -0.00318141581483 0.00604538167609
-0.0132300693435 -0.0103133399113 0.0138850124175
-0.00871970316788 -0.0014591486286 0.00980156560311
-0.00364275512832 0.00174819726075 0.00433258950306
-0.0148239907535 -0.031402522086 0.000316853929007
-0.00536313820891 0.0184935688725 -0.00282208120988
-0.015936302589 -0.0186940991022 0.00159218275233
-0.0244778047823 -0.0334740995426 -0.01464895908
-0.0390051988003 -0.0301194988656 -0.0125527834516
-0.0208988071698 -0.0250727380537 -0.0110703315971
-0.0485080693989 0.00524127194794 0.00456954134682
-0.064200725972 0.0226725989708 0.0154275668791
-0.0619434028342 -0.000103900633042 0.00787119682438
-0.07623902692 0.0452004249001 0.0323204916477
-0.00731146062568 0.00372766373947 0.00279845942467
-0.0558938970905 0.00304694572861 0.0230566609855
-0.0965209341677 -0.00905468001337 0.0129724148998
-0.0624568253169 -0.0288884846849 -0.0112647083635
-0.000270778442426 -0.0384196191861 -0.0260762217951
-0.067196140576 -0.00584979993101 0.0166286635053
0.000794215201549 -0.0325458648522 -0.0204300033149
-0.0719117115002 0.0211728136817 0.0147145435124
-0.0156883382496 0.0208216579043 0.0159211216616
0.097262287986 0.0742172365729 0.0420400258841
0.084441714561 0.0656202389922 0.0486164731249
0.0453685872121 0.0297571478974 0.0276823835545
-0.00692724292909 -0.026428077198 -0.0359737607211
-0.0299848048918 -0.00475777696501 -0.00614116290709
0.0264859718919 -0.00394891356824 0.0131451908047
0.0477241912497 -0.0337885454949 -0.0067275059781
0.0416404750992 -0.0427385965274 -0.00928764458841
0.0290333835861 -0.0276165158427 0.0112762186254
0.0468774737491 -0.0414038790937 -0.0135656871027
0.0593907874448 -0.0353440728348 -0.0137521566251
0.0423693413278 -0.052217008689 -0.022359261062
0.0324299566396 -0.0588201638086 -0.0193271820262
-0.00428207357257 -0.0351868219781 -0.00671825349711
0.0156682942105 -0.0329552813342 -0.00681573193838
0.0530881316201 -0.0155815194407 -0.00398325641814
0.00836146953894 0.0177042255388 0.0360796485126
0.022375602742 0.0199258998243 0.0209254780402
-0.00620918741255 0.0261059753807 0.0344614037933
0.015278997527 0.0113157888687 -0.000416547200593
0.0609212192888 -0.0173650551917 -0.00668990902512
-0.128049444047 -0.0441207477388 -0.000393492932203
0.0889012657338 -0.030346128191 -0.154812874207
0.0621020227388 -0.00270767349856 -0.0230951476855
0.0509275372795 -0.00731382710607 -0.0281726360536
-0.000414217306959 -0.0253794704555 -0.0234711363645
-0.0408513154676 -0.0356290743724 -0.0192643855292
0.0139413940917 0.0623183584797 0.030847642364
0.0752695999856 -0.0296512705008 -0.0250534312853
0.0680894577276 -0.00804775558273 -0.00426509637669
0.0509799533078 0.0056997566995 0.00408313734924
0.0412375372797 0.0092395968367 0.0111673664768
0.00938919177959 0.0182677273496 0.0202159626887
-0.0292024695123 0.0369229032196 0.0326687615363
0.047486344848 -0.0103125650596 -0.0265858589949
0.0596139528198 -0.0193352760519 -0.0271548432465
0.0319789958345 -0.0163297216286 -0.0174539860769
-0.0901977805408 -0.0303488385431 -0.0427740787594
0.0263378718164 -0.0298946439334 -0.0307762233068
-0.0292063085414 -0.0382717956772 -0.0196132680256
-0.00388615318728 -0.0355513586634 -0.0217254037475
-0.00344179371095 -0.0174162879268 -0.0067536775284
-0.000467162796594 -0.00405838174219 0.00531749688808
0.0310745735377 -0.014303997398 -0.00274767119523
0.0495519422647 -0.0202054236679 -0.0067634019124
-0.0121452037402 0.00533651897112 0.0158383521722
-0.0568468351389 0.0295000759755 0.0339458549255
0.0535682129429 -0.0272676808771 -0.0158873095951
0.0508926629427 -0.0339234265541 -0.0216206616403
0.0362253795119 -0.0346322470399 -0.0240426878759
0.0164751703259 -0.0334831145855 -0.0161702455335
-0.0367920555718 0.00401933669195 0.0103113989805
0.0603677295733 -0.0321135999279 -0.0169766146984
0.0727815846236 -0.0371282291106 -0.0159182297899
0.0569166112673 -0.0281414675969 -0.010468440323
0.0176820357294 0.00121381623775 0.0287473581387
0.0192031503786 -0.00999273372734 0.0266345360314
0.0231206871773 -0.0194783294563 0.032712048043
0.0208631590972 -0.00450734065534 0.0205826446182
0.0561020263341 0.0358082201362 -0.0117436465893
0.0755227059435 0.016455302463 -0.0342944053658
0.0469677290731 -0.0296504102012 -0.00389019581191
0.0310897029858 -0.0105695885657 0.00238556269056
0.0123146756128 0.00246484175073 0.00861572441456
0.015382005735 -0.00511458338421 0.0125933168067
-0.00541278639389 0.00595893731532 0.0317545631666
-0.0144091014252 0.0111149041648 0.00242618150836
-0.0112730539916 0.0102598362459 0.00161093019656
-0.0136408702681 0.011339610522 0.00216175931408
0.211603346032 -0.040599837619 -0.0393309226897
-0.00760373958813 -0.0158454620059 -0.00169232855801
0.00770165386109 -0.00985040085057 0.00216693678179
0.0422478496175 -0.0327070098954 -0.00999263313278
-0.0150600040358 0.0138684700741 0.018504880165
0.0475158522707 -0.0175175616589 -0.0274878426828
0.0462007551558 -0.00101047100256 -0.0100217389065
-0.0967836120378 0.0152941894855 0.0679122382074
-0.0396488012952 0.0267601945303 0.0388048566352
0.0321464091493 0.0387099541715 0.00965379536424
0.0284426775153 0.0295648591083 0.00401863747139
0.0896085489782 0.0207668166341 -0.0314923615289
0.121042368777 0.00235892489889 -0.053095617525
0.019468231659 0.039442642769 0.0241654870082
0.100767085327 0.0143886858671 -0.0344658472119
0.124339414618 -0.0164040199533 -0.0567395853459
0.0830541874137 -0.0160160867107 -0.0375785094258
0.113375338114 -0.0121581401936 -0.0405756059414
-0.13256882123 0.035090472373 0.0479082570415
-0.0326085949829 0.0251984563709 0.0435879428838
-0.0391966110328 0.0301407688419 0.0576800339961
0.00184215848603 -0.0120573948209 -0.00379439172593
-0.00566248700392 0.00661731565279 0.00674555421348
0.123410939578 -0.00376066607941 -0.0286858383274
0.0391765172953 -0.00659890963154 0.00586846941303
-0.00712935786043 -0.0119211549227 -0.00384442933988
0.0170492634849 -0.0895930139541 -0.104598292278
-0.000337087382834 -0.00952207532843 0.012884680404
0.142684488493 -0.0292478391679 -0.0402842464443
0.118298129867 -0.0468836759123 -0.0585967432401
0.0611511702012 0.00288655585724 -0.0255543939881
0.0850658961745 -0.00166793531667 -0.0616727436295
0.0325851005696 0.00712632221643 -0.0111960213123
0.00950283202608 0.0103986298727 -0.00265126502453
0.00476248433021 -0.000723993130913 0.00760669067288
-0.0496138701571 -0.0168001914167 0.0173385343012
0.0700280888975 0.00778101821682 -0.0536758134613
0.0589531938508 -0.0441028293748 -0.132788477575
0.12039263479 0.00613516007663 0.00275234365194
-0.0349180279328 0.023761060234 0.0202063590218
-0.0100389713302 0.0242315424921 0.0170349580872
-0.103770216345 -0.0192443826004 0.000127215517671
-0.0366804794932 0.0318341846856 0.0192456975851
-0.0248349426375 0.0218891523744 0.0117594413304
0.139445103071 -0.0217194083706 -0.0176182540945
0.0666990057522 -0.031070388597 -0.0358706846911
-0.0096096342998 0.00883422832684 0.000376340444185
-0.0119460083928 0.00254725565966 0.003993781018
-0.0235261477882 -0.0128805250286 0.00598798475134
0.0319257215176 -0.00887313022812 0.0230488122525
0.0582620770959 0.00652190564702 -0.0113183660694
0.0706620900803 0.00715281079919 -0.0189734181474
-0.10879847141 -0.0112904036546 0.0350048858496
-0.10361241376 -0.0109273557562 0.0117737266955
-0.0160544945251 -0.0595070891953 -0.109439257217
-0.0157121088917 -0.0454503576372 -0.0960940091525
0.0230041692795 -0.0348126338782 -0.0737653457494
0.144616600404 -0.0213061385985 0.000802689476779
0.0491426563654 -0.000495839956616 0.00265327114445
0.0449464553576 0.00486276620708 0.00503379111931
-0.000482805327976 -0.00280862759063 0.00607709406707
-0.0314203687837 0.00309091012921 0.023556545688
-0.0957211383912 0.0249556991598 0.0829330063542
-0.0445130932575 -0.0214370938458 -0.011894790482
-0.0304715921982 -0.0233486263654 -0.0152524073096
-0.0360866814262 -0.0148290998081 -0.00630930831816
-0.0610910014327 -0.0264204029534 -0.014712982552
0.0686075206946 0.00540776875286 -0.00721604356625
-0.00980681756896 0.0185001290166 0.0160416073241
0.0810240365806 -0.0112755334981 -0.0348294421751
0.00837317662087 -0.00933508267675 -0.00538057848728
0.115053937392 0.0602264454294 0.0529614794234
-0.0145436112436 -0.0135642039256 0.00115509953536
-0.0176772620407 -0.0135003858767 0.000458776093689
-0.0148605789463 -0.0354803576631 -0.0848180408494
-0.031482019684 -0.028959615608 -0.0610378491408
-0.0194004925378 0.0484232624765 0.0205699136128
-0.0201168413844 0.0322579345213 0.0079371332632
0.0467616113599 -0.0437306420811 -0.0229118558228
0.0277111529122 -0.0192618987271 0.0329548469734
0.0105781870698 -0.00624825412112 0.0286860745497
0.076447488137 0.00158288053445 0.00639963760414
0.0506653077747 -0.00644252507601 0.0251733671043
0.0200807406402 0.0540352950641 0.0314414309096
0.0732773205986 -0.0179530934473 -0.0107906471348
-0.0031245794291 0.0119039618998 -0.00164381088071
-0.0151612680691 -0.018138241055 0.0135788720754
-0.0352214192026 -0.022582716318 -0.00854075150671
-0.0234088910988 0.0189339380988 0.00868953113538
0.0781942686979 -0.0331991667399 -0.0203030961686
-0.076200542909 0.0200200497878 0.0629196049353
0.0274394115246 -0.0380817505997 -0.0657268165781
-0.00594222863999 0.0155630866485 0.00357892434634
-0.0640014615394 0.0193028755892 0.0245388239104
-0.0117732579551 0.0153623590126 0.00518258325283
0.00845719240732 -0.0462279743039 -0.0673493970262
0.0175557867162 0.0163007660709 0.0209954277104
-0.0152291541869 0.0108420397858 0.00803769825115
-0.0452683309987 0.0527570420439 0.0349104996515
-0.0183406433759 5.76259935972e-05 0.0118272630541
0.0116211515723 -0.0153405347438 0.0460801512606
0.00258865223309 0.0043305982682 0.00683314849335
-0.0743395508735 -0.0305079925207 -0.0120227627141
0.0708179807577 -0.0140174172119 -0.0472839274671
