0.0328952581651 -0.0211602827438 -0.0304111026363
0.0141777743969 -0.000767610351087 0.00233819883553
-0.0797121791985 -0.0202062445674 -0.0340389178184
0.0635239271035 -0.0304780443265 -0.0012850267484
-0.0272549645428 -0.0166366648775 0.011268588903
0.0277973939158 -0.0213292002197 0.00335641272183
0.0318820959923 -0.00156313378179 -0.00816850744767
-0.0284684131381 0.0466827667479 0.00873205865872
-0.0365858683144 0.0251545577995 0.0279171392481
-0.0171956236459 -0.0167465018012 -0.0209718235304
-0.0374289504079 0.0032149134424 0.0154670921655
0.0160806261346 -0.0111530318774 0.0117502132915
-0.00868542856942 0.0211231487868 0.00199892378158
-0.0243934282891 0.0472899077093 -0.0193236825561
-0.00753414473477 0.0156445025682 0.00150134864203
-0.00895028260521 -0.0180079177143 0.00293896699309
0.0354603426353 -0.0163901622752 0.00778245454046
-0.0138800426267 -0.0179995056903 -0.00859618720684
0.0189433231963 -0.00514058823786 0.0134866699691
0.0387153416451 -0.0190599820172 0.00711635071199
0.00117905603152 0.0209487277073 0.00351285648524
0.0545074825691 -0.0240989054859 0.00326296886492
0.0921712643415 -0.032839617796 -0.0467148981474
-0.0499233828196 -0.0534966306638 -0.0100481534453
-0.0422725412453 0.0314176437808 0.0143876121151
0.0228370337182 -0.0255610923476 -0.005002532933
0.034619768407 -0.00836504311064 0.00362112146908
0.062824607096 -0.00977926904646 -0.01060484857
0.0266677380982 -0.0272465908405 -0.010678243485
0.027066813999 -0.0152802788778 0.0093198850834
0.0192887771557 -0.0207691627306 0.00482064591703
-0.0114212970308 -0.00964354990264 0.0134115820845
0.0464331463307 -0.0206297408632 0.00548879302141
0.0439049653083 -0.0141124227395 0.00628454804175
0.0470508711236 -0.0253639688615 0.00113250096258
0.0535686856268 -0.0271404086057 0.0017488763333
0.0704245749591 -0.0345774349961 -0.00992660357595
0.0125792255526 0.00531761854424 0.0140601145559
0.0333411885417 -0.0218497242538 0.00557859382589
0.0183384139954 -0.0176393813127 -0.000268220635251
0.00558231857825 -0.00357286497368 0.00618599215812
0.00754246431545 -0.00807526874969 -0.00103070310554
0.0159563957995 -0.0204148066629 -0.0159219129675
0.065936898369 -0.030981219512 0.00138996854259
0.0695434909627 -0.029512445771 -0.000645669357236
0.0715788695528 -0.0343685107479 -0.00301483394371
0.0228896648719 -0.0157939277217 -0.000117501686861
-0.00591283348447 -0.0205405675768 0.000622219574549
0.0227209266004 -0.00954025099046 0.0107863643509
0.00164777373741 0.00244818574614 0.0161430349859
0.0813461659113 -0.0339962247455 -0.00638984236584
0.0863202992651 -0.0250783257745 -0.00250273482268
0.0361615961425 0.0197406768774 0.0101799170424
-0.0089650231237 0.0063721269665 0.014853909887
-0.0255837432828 0.0281204432549 0.035331310404
0.0304152142892 -0.0448876101721 -0.010892724102
-0.00495896945737 0.0402282297875 0.0105371022807
-0.0186314104915 0.0131945076178 0.0248792347014
-0.0403433678568 0.0467077652999 0.016013853965
0.000226953555474 -0.0193700506846 0.00467013226097
-0.0151568119533 0.0278006936073 0.0172357497329
-0.0269570625594 0.0449963769511 0.00525643909826
-0.024873114722 0.0218370819917 0.0231096798411
0.0394915239764 -0.0148731818931 0.00725278530158
0.028828957402 -0.00590531868993 0.00872684260923
0.0189721217845 0.00610660909021 0.00841408402865
0.0240268924723 -0.0004725489379 -0.00118821904515
0.0170604325445 0.000985819622547 -0.0163940214613
0.0371988067879 -0.0198196823519 -0.00295956444846
0.033274623062 -0.0318726694262 -0.0241995736075
0.0777009649183 -0.0275440147471 -0.0121869958732
0.0208272666304 -0.0122802570935 -0.0216176587471
-0.0292962201665 0.0177525865689 -0.0122932760454
0.0104922683206 0.0231439547007 0.0148874990307
0.020057909945 -0.016619549884 0.00889733412384
-0.00207365748631 -0.0116589373208 0.012619387867
-0.0635593240315 0.0354613196353 0.0266223704806
-0.00512015918136 0.0321260541657 0.0117555167825
0.0288909510179 0.00359419603293 -0.0136390358641
0.00742947061543 -0.016549618958 -0.00965489432908
0.03815006391 -0.0172357184849 -0.00592719536896
0.0332195878362 -0.0106399293416 -0.0119733921472
-0.00201881483771 0.0174558401906 -0.0121873159091
-0.00187138460208 0.040358179379 -0.0200137527302
0.0559047966866 -0.024013095954 0.00231459321808
-0.0962884268555 0.0423444303093 0.0311505493906
-0.0598619940161 0.0060232510042 0.0192589205924
-0.0728219156488 0.0281281163176 0.0282426424484
-0.0319658622854 0.0378310909199 0.0205298311968
0.0430703382264 0.0138340587438 -0.00988250377304
-0.059904967849 -0.0347922737837 -0.0325161199497
0.062400451404 -0.0299787343618 -0.0312819913362
0.0159921565463 0.0022458561479 -0.00448614645072
-0.0310417483529 0.0153140886183 0.012910023786
-0.0368622667166 0.0387125918787 0.00721608168555
0.0435371091831 -0.0102286708351 -0.0322394091195
0.0797923807145 -0.0415345493131 -0.0509956940713
0.0125849781935 -0.0238606302037 -0.00104348911317
0.0265223687583 -0.0243030188021 -0.0197729605938
-0.020472306476 -0.019212961311 -0.0112784687474
-0.0244473502111 -0.00360149011521 -0.0157614293378
-0.0173104047208 0.0106063469146 -0.00229036777409
-0.0111440244188 -0.00668206829016 -0.00742718573677
0.0655767191058 -0.00166488743074 0.00378123175323
0.0236431299229 0.019821721521 0.00454535966039
-0.0239471946139 0.0067396063999 0.0149682823349
-0.0473391380344 0.0189338309906 0.0118037837547
-0.00540468176376 0.00805824590496 0.00282479902014
0.0433332779128 -0.0340686468558 -0.00214291593904
0.0215387826611 0.0202258831853 0.00571497797151
-0.0133788936297 -0.00203817923176 -0.00282473040425
0.0129129879782 -0.00204848329751 -0.00929080380384
0.00578750951145 0.00930496720531 -0.00620030900805
0.00385431382505 0.00544264794086 0.00173684521489
-0.0232312380138 -0.0227976003357 0.00268924380639
-0.0813011573674 0.0340900412199 0.0555255941246
-0.0266257216676 -0.0425507967008 -0.0338873329418
-0.0460519377051 -0.0160316919028 -0.0074029223795
-0.0655898685328 0.0394367882375 0.0504130434921
0.0851525154639 0.00255566396373 -0.0209584337229
0.00335870841854 -0.0520964871865 -0.0273305504599
0.0193747620326 0.0156238196794 0.0010828956556
0.0211337902723 -0.0194544468099 -0.0189874479747
0.0145049374592 0.0150606544622 -0.00403493577946
0.00320528032045 0.0171665020808 -0.00453829751675
0.0402068578763 -0.00739962154853 -0.0262512589069
0.0294051190685 -0.0169740136438 -0.0192457804051
-0.0155291781361 0.00226276163268 0.0121307641806
-0.00338331554658 0.0317078338602 0.0210808046059
0.0445853965346 -0.0157817310448 -0.0423601993653
0.0716313673044 -0.0268278535883 -0.0437713596478
0.0491528403986 -0.0161033407196 -0.0276443859803
0.00422648023557 0.00150070526711 -0.00287985933292
-0.062350616311 0.0196203222416 0.0411272616091
-0.0244552275647 -0.00329560918641 0.0237613202266
-0.0871378271491 0.0341451281349 0.0727386757028
0.0368640025828 -0.00525075218868 -0.00992330758891
0.0752457610803 -0.0172569287733 -0.0521112424487
0.0274417089617 -0.0231472243022 -0.0141009153365
-0.0728356783764 -0.000217974624633 0.00998600056305
0.0311261283038 -0.025187481433 -0.0494468661084
0.0847558280573 -0.048940586466 -0.0422381438085
0.0519621406216 -0.0278802887232 -0.0175949375293
-0.0191241122685 0.0276888352038 0.00180944720515
0.0411847759027 0.0036585418878 0.00899871438181
-0.00165104253377 0.029055338828 0.0138632927668
-0.00913686014804 0.0409478914204 0.0187757186794
-0.0036033936515 0.0343127993244 0.023211485055
-0.00736034253397 0.0300470183971 0.00344051876357
-0.0320333484148 -0.00474930064423 -0.0166016829048
-0.00774648682808 0.0107318741467 0.0232172617068
0.0524037659621 0.00633586551108 -0.0163728435306
-0.0234185868065 0.0102712899603 0.0438703169009
0.105866504844 -0.0324526526435 -0.039648607688
0.0370717189983 -0.0348918781218 -0.02851040279
0.00372679062633 0.0173241386357 -0.0333631297467
0.0277181421381 0.000559599719083 -0.0267133400688
0.0442478164122 -0.0461633146963 -0.0159135519479
0.0188734486334 -0.028729123449 0.00847736980752
0.0449477567757 -0.0332830948654 -0.0165947024181
0.0282379427319 -0.0077855820654 0.0041685257581
0.0337533876671 -0.0163630909793 -0.0153046214946
-0.011804136136 0.0169327993574 0.0155124393472
-0.0109077811793 -0.0200865963701 0.0120897459046
-0.010919353457 0.0228064075264 0.00797400612166
0.0285381927848 -0.00416235351156 -0.013453127779
0.00603713378844 0.001037284902 0.00310830482988
-0.0212731417035 0.0128915928532 0.0154852254607
-0.0419948007209 0.0153161413404 0.0185917787299
-0.0284424540612 0.00529947949516 0.00996777103332
-0.0470982658538 0.0163622737718 0.0175378854747
-0.0318866713611 0.0124595098356 0.0128721107421
-0.00764317004322 0.00799812245768 0.00600797662573
-0.0325404538667 0.0174090998188 0.00769840947538
-0.0298949818962 0.0155865271645 0.00438309650239
-0.00057605094111 -0.000876004909161 0.00355201139292
0.0430289479081 -0.0130649276717 0.00286751814057
-0.0292571984381 0.0191952205248 0.0309691208114
0.0121990823956 -0.00106518256756 0.0081439149106
0.0227829605296 -0.016767719691 -0.00473991574508
0.0784927874615 -0.0333829620995 -0.0168938652489
0.0186773007824 -0.0413765051219 -0.0404827382534
-0.0234680502271 -0.0405759110951 -0.0599033741073
-0.00146001589536 0.0109532758501 0.0121048941455
-0.0266750316624 0.0114822590353 0.0231875288391
-0.00128184339541 0.00393418047046 -0.00864191804164
-0.077109022292 -0.0311507063362 -0.0364554296972
-0.0154514256487 0.00832648515776 -0.000681891565489
0.0938285359011 -0.0425147025798 -0.0550419564442
-0.00720260555856 -0.00179652403505 -0.00635365683511
0.0150396863387 -0.00147058591391 0.0153282469155
-0.0346084263189 -0.0142784641864 -0.00118065176929
-0.1189081912 -0.00715073270002 0.0222106825901
0.00984960481475 -0.00707475146451 0.00309116159248
0.0352982037344 -0.0118008105037 -0.00655018590653
-0.0122908377446 0.00409253567212 0.0108180000324
0.0430154398311 -0.00700309518453 -0.0157895799485
0.034109288164 0.00475008841116 -0.0241934185292
0.0153980994973 0.0188928514407 -0.0282070910166
0.028972374711 0.0100564459938 -0.0181179658221
0.00833799033209 0.0268161061735 -0.00705102313743
0.00954046113613 0.00586867248486 0.00419670665436
0.0107497506943 -0.0176494167877 -0.00457825527006
-0.0250578802643 0.00492749043715 0.00798286445101
-0.0269965402038 -0.00496769457562 -0.0171178518106
-0.052097870675 -0.0403816058876 -0.0112712160262
-0.069735956103 0.0243333442767 0.0405795069008
-0.0294246453305 0.0394024421916 0.0358973934409
-0.0865914952678 0.0637625620946 0.0743678865727
0.0288295362047 -0.00766152128988 -0.025398274189
0.0504847659956 -0.0280220574753 -0.036782372897
-0.0865561379392 0.000705599827946 0.065682696203
0.0886193567001 -0.0297819099269 -0.041784871258
-0.082579917012 -0.0215421915045 0.0244929713141
-0.0782393657827 0.0548591048027 0.0665456550351
-0.036915234131 -0.010022248155 0.0127233437047
0.0319417814627 0.00504904029266 -0.0273670700462
-0.123516052157 0.0178506641669 0.0752405233734
-0.00473602384265 0.00709604627927 -0.00980565014757
-0.0946636376342 0.0561178072689 0.0706331761693
-0.0553600543501 0.052253659103 0.0574531331573
0.0425862459493 0.00292071761083 0.00158638420951
0.0556146601343 -0.0195874736411 -0.0253153577575
-0.0283015897062 -0.0420699774807 -0.0390257434292
0.0203482418454 -0.0402815812674 -0.00778278268362
0.0169649598031 0.0305049335212 0.00207265370014
0.00598231387589 0.0393538033227 0.00751572309091
0.0360472654913 0.0196314433081 -0.0123319935876
0.0800966351707 -0.0235335598174 -0.0327240639994
-0.00176612490875 0.0250025807692 0.00240056620583
-0.0256137867966 0.0273875641293 0.00279324444662
-0.0200456068177 0.0186697774541 -0.00532074031075
-0.0168274617302 -0.0035257302662 -0.0167140851564
-0.02235171058 -0.0315370616024 -0.0317636841954
-0.00994761671273 0.0369324460528 0.00791441089517
-0.00389906334408 0.0403279836466 0.0158967260645
0.000693772039928 0.0343124905083 0.0108449120288
-0.0110148800165 0.0475703753944 0.0212104969863
-0.00883842915073 0.0393640406916 0.021590323863
-0.0054917191869 0.0174156447533 0.0212835943987
-0.0255747514574 0.0598577498585 -0.00438358186467
-0.0281137328994 0.0589938917614 -0.0189227407084
-0.00206512370503 0.0285234994651 0.0114320048451
0.00529595997344 0.0189634579454 0.0136775839456
0.0202224945689 0.00262402012424 0.0122911151998
-0.0132278849551 0.0270103789218 0.0193504636163
0.015745332747 0.0122906831273 -0.00375810637314
-0.0540977204947 0.00392187877749 0.0164959626756
-0.0798373072937 0.0220872278625 0.0419579738817
0.00444815960264 0.0282981475873 0.0181090245385
-0.028391595019 0.00718635064862 -0.00510156801163
-0.043271473564 -0.0170841717239 -0.0165020200817
-0.0326867269169 -0.0102153220563 -0.00351895749022
0.0179829698259 -0.0116570011959 -0.00714099189286
0.0319657685324 -0.000725880239911 -0.0109114861298
0.0553342616081 -0.0169780478527 -0.019531867641
-0.0449405691422 -0.0283827278957 -0.0289282193004
-0.044453280913 -0.04015089887 -0.0403931205251
-0.0593517700902 -0.0438662225357 -0.0501873982379
-0.0655835704797 -0.0222748205652 -0.0162258373644
-0.0690099797945 -0.0158250893639 -0.0108918836246
-0.0367936039594 -0.00793307243427 0.00758177532041
0.0105023862474 -0.0196700117838 -0.000454128548341
0.0505815502799 -0.0402019716522 -0.0214892938551
0.08069467321 -0.0441827604439 -0.0365993026361
-0.0703752942608 -0.0353126057872 -0.0347584262122
-0.000231053743417 0.000123104184432 -0.000515643644965
-0.0003457987737 0.00346776580765 0.00517309562304
0.0161766258319 -0.00369059837325 -0.0333477227467
0.013856806381 0.0261148811556 0.0175487291432
0.0639525561828 0.000307788869106 -0.0102305371211
0.113778076585 -0.019794303633 -0.0389875252952
0.09878186607 -0.0194679004768 -0.0292641130067
0.107642021971 -0.0266036613402 -0.0387307730257
0.025191637514 -0.0250561068603 -0.0319291350241
-0.072024914001 -0.0054714541672 -0.0128823830672
0.00282070127191 -0.00764930701949 -0.035319816514
-0.00093401176432 0.00192646465921 -0.0174366439372
-0.0216857313315 -0.00550214983849 -0.0443327749244
0.092890124798 -0.023516773309 -0.0283425789867
0.0809197644835 -0.0243677887324 -0.0271586469945
0.0323357807417 -0.013980293029 -0.00875564049244
0.0403967187042 -0.021870937774 -0.0209381860244
-0.0164531261752 -0.0204609317152 -0.0267295722942
0.0981858817925 -0.0222880411237 -0.0418687770269
0.0292641342649 -0.00213745120613 -0.000117900510471
0.0784918072742 -0.030706903545 -0.038911421996
-0.0168043001722 0.020179833845 0.0265544931532
-0.0100190835828 0.0302786476577 0.0319089813676
0.0505991456917 -0.0175118326954 -0.0236609979517
0.0118969962581 -0.0171547654084 -0.0177395349054
0.0249361277745 -0.0174797229422 -0.0158262665074
-0.0133398662697 -0.0271164055323 -0.0136036061695
-0.0718126188502 -0.0390501442074 -0.0061944791523
-0.019999373691 -0.0143932228801 -0.0158417092651
-0.00687545012475 -0.0358621070989 -0.0418889030265
-0.0582125973489 -0.0148025703457 0.0208391038263
-0.121232787878 -0.00274085592607 0.0673465805636
-0.111866580108 -0.00338261120725 0.0539274345418
-0.112696351242 -0.00175142816755 0.0423707312639
-0.143143941864 0.0105015391504 0.0556788089085
-0.0351260023402 0.00269260950171 0.0504292582214
-0.112316527796 0.00128962408895 0.00726446045481
-0.108744759903 0.0166428790699 0.0714710075282
0.0666258350847 0.015747333479 -0.0263103887699
-0.0886954725236 -0.00107679106423 0.0303420684351
0.0959770569445 -0.000305479713935 -0.044439832023
0.0149559928105 0.0214150628206 0.0485554000451
-0.0978346306443 -0.0220592219226 0.020978449215
0.0746307906408 -0.0249436460608 -0.0260425500705
0.0442753036601 -0.0189901449209 -0.0134307545648
-0.0119577515947 0.000545413618987 0.0283584829974
-0.0225248845795 0.00736161874163 0.0187720750183
0.0403074914812 0.0203698346445 -0.000548148524863
-0.00142305314099 0.0190859964053 0.00681062488457
-0.0539077788557 0.0298036015089 0.0348927572333
-0.0503917374979 -0.0272834587821 -0.0469677882134
0.0678823464395 -0.00874705815961 -0.0318250462672
0.0374567369805 -0.0253449759373 -0.0389667545426
-0.0131255077208 -0.0170262834733 -0.0223811201913
0.00383690014061 -0.0046225268163 -0.0162944483408
0.0340495271079 0.00784838158932 -0.0149735051291
-0.00292362318145 -0.0339594062056 -0.0387259558395
0.0248089612766 -0.0180712296161 -0.0256492206695
0.0042661100209 -0.00585959333437 -0.00418124902992
-0.0196757860574 -0.0122412489237 -0.021888811237
-0.0533485539968 -0.00252905613393 -0.019084363092
-0.0724141103956 -0.00195022416844 -0.0249840343864
-0.0274436815754 0.00313467201539 -0.0093737945722
0.00084935805505 0.00299610044166 0.00242996364694
-0.0364138641428 -0.0152244157489 -0.0166742714055
-0.0172805177845 0.00105663035473 -0.0275472784826
0.0261140829384 0.000644886479092 -0.044517893995
0.0148000130109 0.013393501522 -0.0181759820837
0.0545903139696 0.00243692836916 -0.050556830928
-0.0867819485885 -0.00682497696738 0.000652234767358
-0.0996553468278 -0.00185668789196 -0.00228664900066
-0.0886873729237 -0.00228965075235 -0.0154903441267
-0.0543333458074 -0.00309438114956 -0.0204687918092
-0.100909339731 0.00585589542026 0.0225581063556
-0.121284036164 0.000430609321197 0.0185962177996
-0.133458160019 0.00642191308828 0.0337236249518
-0.133103820357 0.0119243349956 0.0533596216471
-0.131986121125 0.0172334460772 0.0716898323451
-0.0913494094021 0.0216972951471 0.0776265392445
-0.0348262960893 0.0174382786864 0.0636140391956
0.0342396593456 -0.00203008077708 0.0247911953212
-0.0938934471965 0.0164579203121 0.0797487254344
-0.00183462724963 0.0176958919019 0.0417391311097
0.00608841635705 0.0039883656009 -0.00741343023867
0.101958512712 0.014116908386 -0.0372338369718
0.0685510157879 0.0257347535773 -0.0115159507511
-0.0903928639092 0.00937948166829 0.039163501694
-0.0842571822333 0.00566199363779 0.0538122590395
-0.00313811881299 -0.0108708127753 0.0114501065612
0.0533160064059 -0.013878814779 -0.00152856739306
0.0233019663693 -0.00914868228362 -0.0231751502534
-0.0601441854124 -0.0164933928932 -0.00354448812269
-0.0461629588759 -0.0109248983475 0.00708600327424
0.0158666914019 0.00255636953147 -0.0248900120155
0.057364455007 -0.00529143550534 -0.0318217840395
0.0884766145457 -0.012544209768 -0.04083149104
0.0951544101582 -0.0142113179148 -0.0519985754606
0.0548538995199 -0.00521957881282 -0.0397771937432
0.0301547124017 -0.000515048849727 -0.0213985750543
0.0393474700218 -0.00458209813084 -0.0196703084415
0.0617929853785 -0.0123389006155 -0.0348639159675
0.0778347681224 -0.011976808858 -0.0450565850482
0.0582303389506 -0.0107566397925 -0.0243793512134
0.0690602149333 -0.01487283359 -0.038419998467
0.0188113342694 0.0013638654423 0.0119314848763
-0.0269861306582 0.0137556185109 0.0437284488583
-0.0591776110299 0.0237247146671 0.0708041456308
-0.0520058733869 0.0272629799573 0.0569159735483
-0.0747628561524 0.0333785292904 0.0566969552748
-0.0584535700795 0.0282518191153 0.0413913400367
-0.0251045356407 0.0175798177519 0.0157928133603
-0.0875367189086 0.0359092910559 0.0652760578737
-0.0889064829967 0.0349485355159 0.06905776721
-0.0063029200129 0.00250295604174 0.00608355838069
-0.0719590032938 0.0218868664179 0.0617905427873
-0.00175698402764 0.00516845324572 0.0207516485542
-0.0307990918353 0.0235864442876 0.0329919702667
0.0289940129353 0.00864324629434 0.00194258124248
0.004052714954 0.0142060827587 0.00516552701085
-0.0370565861055 -0.0368584900611 -0.0296775787895
-0.0419186296728 -0.0335985202635 -0.0185931113267
-0.0185396518205 -0.00914347259897 -0.00316809891311
-0.00307337900673 0.0111367892202 0.00136873648005
-0.0676955184467 0.0128774303858 0.064935396239
0.0415670008471 0.000131839491151 -0.0294399894433
-0.0432160106322 -0.00814963053403 0.00632509613214
0.0792855741162 -0.00451008920009 -0.0551006042442
0.0560130528579 0.0108659303398 -0.0284068175866
0.0280405348522 0.0155998002243 -0.0182154037822
0.0206547120551 0.0134777938535 -0.0116574026725
0.0985459673685 0.0111793503961 -0.0369817951937
0.100096111065 0.0166692321868 -0.0371525642111
0.0622180700569 0.0137038430616 -0.0247693239012
0.103242335737 -0.000488524791144 -0.0363096156137
0.0526733562557 -0.00562705412924 -0.0140865298001
0.0278291298856 0.020656066615 -0.00502615367529
0.0810658913975 0.0184141507855 -0.0299830356843
0.0943287439446 0.0213107187473 -0.0349993125499
0.0716649779356 0.0199426555116 -0.0205282699453
0.0417062900955 0.0161185231676 0.0174078216672
0.0502136164624 0.028221385145 -0.00974972683919
0.0523572209484 0.00997098304943 -0.0161541136617
0.0128972652187 -0.00767364655932 0.0115928141982
0.0513632901198 0.0255281974403 0.0109540702353
0.0461794189996 0.0232032255522 0.0209016286707
0.0874288252317 0.00578701714096 -0.0326307825453
0.0848086239248 -0.00565979084987 -0.0268689007432
0.0531908367827 -0.0167749816274 -0.00634585218903
0.0346674380875 -0.0170808963701 0.0153797734874
0.0100064777756 -0.00198680350651 0.0390082874111
0.0192768631165 0.0121257693431 0.0415103923718
0.028862557418 -0.0157080474925 0.00250791924993
0.0412823683564 0.0208830316243 0.0309327333988
0.0387342499499 0.0127812979946 0.0291751223479
0.0144950728354 -0.0022825078965 0.000894844331549
-0.0107031499488 0.00805952568186 0.0134085267565
0.0704474620888 0.00433272540049 -0.0287372227387
0.0955105268874 -0.0163480076236 -0.0399328755535
-0.102621820133 -0.0293487288563 0.0201460065526
-0.100318144097 -0.00967154499906 0.0457566731582
-0.0750303216669 -0.0099502770182 0.0345869790687
-0.0514517853036 -0.0109190005026 0.00492227132833
-0.050719693625 -0.00899362561989 0.000266257959932
-0.0186737249398 0.00191382910812 -0.00342661818055
-0.0871641736744 -0.027546438926 0.00191843367091
-0.0593622053797 -0.0355225833065 -0.019936505983
-0.0216709857008 0.0064399077795 0.0272348757938
0.0387634378741 0.0101762402563 -0.0123272427989
-0.00465336685907 0.0101723949726 0.00863372981663
-0.0663933188178 -0.0322188323001 -0.00685175291703
0.0545121833236 -0.0218687436459 -0.0254449473328
-0.010986228978 -0.00378998887727 -0.0157661059642
0.0207881119724 0.00719202564828 -0.021907997476
0.0259576174762 -0.000648931486602 -0.0210856498858
0.0330995191565 -0.015495045507 -0.0377668516165
0.0532208765117 -0.0199236675899 -0.0468165919785
0.0495285317265 -0.0301944091904 -0.0577666385361
5.39037343734e-05 -0.0350591561028 -0.0441704398608
0.0862291184525 -0.0191971543333 -0.0562264520678
0.0914201594564 -0.0204444944411 -0.0562166829346
0.0179997146634 0.00829149663113 0.0150831353369
0.0321108547027 0.000251436052284 0.0173136799711
-0.0403173259752 0.0218946075657 0.0681894996846
0.0411470115252 -0.0166296123257 -0.00193885485271
0.0699823593921 -0.0288303150527 -0.00992148554046
0.0664319450242 -0.0274443334507 -0.0155031371333
0.0335825744079 -0.00974841378098 -0.00450246058521
0.0432422600674 -0.0185617199591 -0.0272608817818
0.0596182346869 -0.0293988053873 -0.00994997856328
0.0563595241865 -0.031767621861 -0.0174555799404
0.0394772332276 -0.036660439514 -0.0288200808154
0.065285682306 -0.0388516474227 -0.0305262489097
0.0446989767001 -0.0391346469093 -0.0412827559307
0.0306262272745 -0.0346593930897 -0.0485688255365
0.0148006845364 -0.0341865073308 -0.0637299162436
-0.00980098341304 -0.0426736122317 -0.0520998681555
0.0796705765251 -0.0345938378318 -0.0243224132636
-0.0478194076946 -0.0369132671648 -0.0632405048079
-0.0695830140863 -0.0354195023698 -0.0519667294888
-0.0770023201707 -0.0157548699464 -0.019489677056
-0.0761046995793 0.00448730297337 0.00975481595601
-0.0832638735162 0.00226311018036 0.00331626295453
-0.0571579317214 0.00708411888073 0.0272870211907
-0.0656760237898 0.0178346784321 0.0420093295309
-0.0248018047994 -0.00775677200848 0.0147029095555
-0.0741887140642 0.0379418004241 0.066221273228
0.0217020107858 -0.00207421084391 0.0108019361891
-0.0219738014641 0.0221561639342 0.0324735027626
0.0158791743142 0.00611090453466 0.014255432763
-0.0633002017878 0.0421928970802 0.0533109160762
-0.0689591321731 0.0378175940414 0.0502712537894
-0.0278452870649 0.0133545723161 0.0205927341756
-0.0481857843228 0.0219085381996 0.0298799738785
0.0377366623579 -0.016973297064 -0.0326254482965
0.0101786376445 -0.00950813589341 -0.0175337955203
0.0352724472531 -0.021284278788 -0.0361706919427
0.0517864761422 -0.0212927810867 -0.0331040729092
0.0377431684644 -0.0102873676845 -0.0217762954111
0.0213491203136 -0.0147431925409 -0.0143343715528
-0.00972626083252 -0.0421167426365 -0.0171765812808
0.02267541651 -0.0132684832121 -0.0161719195226
-0.0215734676191 0.0113071260222 0.0344898121876
-0.016867509733 0.0055378829957 0.0307903378115
0.00926033972778 0.0151985569852 -0.012495290284
-0.00113137559992 0.0185721623609 -0.00943565436341
0.0415500916228 0.0054830950638 -0.0253887748462
-0.0475192171467 0.0386122351524 0.0119681807544
-0.0796767586345 0.0484745509559 0.0239059394297
-0.0743491351951 0.0423022502467 0.0282755652152
-0.0400313554788 0.0369852660938 0.0191776515511
-0.0687001302926 0.0489277623788 0.0203107875352
-0.0154340642838 0.0372434119178 0.00143129002723
-0.0910470304903 0.0407554374003 0.0318103472456
-0.0809376113105 0.0250156730799 0.027214520886
-0.0572221847629 0.0205240900257 0.0242501499276
-0.0211462061891 0.019622181867 0.017550351778
-0.00992006352138 0.000433351103283 0.0123468340329
0.0331399598825 -0.018663276503 0.00740058589154
-0.013445596959 0.0268795413295 0.00870448083443
-0.0850212259585 0.0418277096202 0.0280259260965
-0.0755902071625 -0.0293179827721 0.00673130105868
-0.0714021033348 0.0157365431941 0.0398277318314
-0.0525960038462 -0.000931709853906 0.0258758439286
-0.0854272813209 0.0415141005897 0.0597881666102
-0.0833157371628 0.0594086582402 0.0717742203276
-0.0643698612286 0.0491769950095 0.0598701138219
-0.0571927170094 0.0210556905573 0.0403609927231
-0.0299463890627 0.0323539388516 0.0380305956471
-0.0323487619011 0.0569976859486 -0.00579441333878
-0.0578801553315 -0.0704406022474 -0.0240819648719
-0.0334665710641 -0.0676531936202 -0.0254167362934
-0.020468583693 -0.0858621952615 -0.037110552324
0.00325193736383 -0.0791410486217 -0.0397754646158
-0.0389167348393 -0.0369251658878 -0.00707953081523
0.00498358259323 -0.0633900893357 -0.0329786242686
0.0434115867348 -0.00344774633714 -0.00996317371629
-0.0125060373216 0.000721944554879 -0.0203391814751
-0.0296642731873 -0.0455264829481 -0.0400685130409
-0.0392294029836 -0.0449436226352 -0.0356566970007
-0.0626560960896 -0.042147874875 -0.0216211432881
-0.12527260652 0.00973138281721 0.0749355266212
-0.136123908995 0.00699185492771 0.0679671663175
0.024086193321 -0.0162688321066 -0.00120533805814
0.0116079226873 -0.00579567599988 0.0032151274542
0.00280575463638 0.00262530775473 0.00312279046509
-0.0045925208164 0.00224956350794 -0.000168660465972
-0.00096015888894 0.0166244280603 0.00224543629552
0.00517585830148 0.0188409107337 -0.000545827876606
-0.00486942972846 0.0138858021903 0.00351543426328
-0.0170307022907 0.0131065005802 0.00469782585193
-0.0247766254433 0.0171402939109 0.00253220990092
-0.00944606086282 0.0168670979851 -0.00153211633187
0.0248285521372 -0.013034532372 0.000428833471659
0.0289910968084 -0.0189966348593 -0.0048085276558
0.0394446476196 -0.0136768653425 -0.0081701113784
0.0263805205159 -0.00904906565804 -0.00270428793083
0.0465393336834 0.0184293271769 0.00273212570629
0.00898830943698 0.00865992271763 0.0111189792781
-0.0239845775998 -0.0100711371388 0.0108611577358
-0.0324932367002 0.00231458042295 -0.0235279665419
0.02766976759 -0.0056890376963 -0.0517116930422
0.0344574383139 -0.00306764930543 -0.0126889408119
0.00892431836295 0.00929358038786 0.00770008738437
0.00990184169823 -0.0153647023858 -0.00835489707775
0.0697922555727 -0.00795803420658 -0.0319954185311
0.00349687154934 -0.0129585184921 -0.0179563074687
0.0128753338983 -0.00946594548141 -0.0111494315437
-0.00621680287417 0.00869149090158 0.000452122510658
0.00418730395633 -0.00477450280547 -0.00251467052049
-0.0132092331398 -0.000536667180574 0.00554500265657
0.00379453926039 -0.010007230376 0.00287931307019
0.0158093423533 0.00895758342088 -0.0319533641401
0.0285692114538 -0.00904606217072 -0.0276391911177
0.0123606233664 0.00506153320384 -0.0366639593984
-0.0852566904544 0.0256205663919 0.0463204458131
-0.000905228143215 0.0108189807153 0.0107139213216
-0.0304131787343 -0.0519055680984 -0.0124488701367
-0.00647009249841 -0.0545710282864 -0.021994580267
0.00135020241528 -0.0231173002267 -0.00858106020289
0.00930232542897 -0.0073451989049 -0.007208065868
0.0142715532669 -0.00385490947362 -0.0107239192084
0.0142534282176 0.010666816969 -0.0069871899623
0.00655392945489 0.00636101159552 -0.00483917909484
-0.000441770408104 0.00920661212522 0.000613451631964
0.0154146990249 -0.0201254944334 -0.016728372738
0.00968176459415 -0.0329792457395 -0.0206420099867
0.0120781589634 -0.0510484657177 -0.0288289614743
-0.00663034041562 -0.0384108723833 -0.017656550362
-0.00541695726302 0.000723278952403 0.00795510774964
0.00248477823209 -0.00843361445426 -0.00874864197896
-0.00181558782273 0.0044840708938 -0.00311180839158
-0.0112070703683 0.013279003421 0.000592162443659
0.0144431002631 -0.00815277742471 0.0237203258606
0.0458350968738 -0.0105161590556 -0.00387446545719
0.0630652559029 -0.0102611092936 -0.0259515956843
0.0833030040205 -0.0126575493838 -0.0245660436292
0.0723509710295 -0.0195934448253 -0.0425201264839
0.0757919264671 -0.0287854577773 -0.0477977176533
-0.0112519003127 0.0197752879512 0.00146359606433
-0.0172182146151 0.0259965167569 -0.00111110030904
-0.0274199055825 0.0268869451169 -0.00585665710382
-0.0228768857651 0.01731206462 -0.00551485575553
-0.0276294708611 0.00503775581074 -0.00990546689772
0.00734209493183 -0.0302760095375 -0.00125577648253
0.0255262145109 -0.0277236415152 -0.00435129923288
-0.0247005339431 -0.0158959216586 0.010060566456
0.0517739553669 -0.0254288028402 -0.0472902032568
-0.00606990851378 -0.00794185571271 -0.00298995346832
-0.00800945014873 0.0172965503337 0.00453094165511
0.00297101571181 0.0156629227075 -0.00313932805214
-0.00912159809252 0.0299809823892 0.00644729572168
-0.0115605769471 0.0143089387206 -0.00708750818356
-0.00695194487809 0.0230551259406 0.00162010371579
0.0246917818171 -0.0277872265284 -0.00967534294955
0.064028673818 -0.040397849034 -0.0325970846509
0.085682880306 -0.0465197229504 -0.0489738207186
0.0646205203528 -0.0364041678201 -0.0384877062206
0.052513419839 -0.0274404423164 -0.0357782175066
0.0327548384052 -0.0144437863768 -0.0237549908669
0.0208401306065 -0.014236736078 -0.0139005682848
-0.000406245254999 0.0111879363408 0.00385368451636
0.00883845032604 0.00253532399213 -0.00498503206505
-0.012182996753 0.0352475857649 0.0279422988347
-0.0023697139775 0.028643714285 0.0171876960701
0.0753444258215 -0.034162417879 -0.0428626528294
0.00340247717296 -0.00946953270723 0.00669892271445
-0.00213043083336 -0.0188556536891 -0.000943334353845
-0.0575728041572 0.0581415465039 0.0602653386638
0.0461773936326 0.00881248883139 -0.00222613434277
0.0430213273675 0.00896974653628 -0.0151985608222
0.0534700012225 -0.00392604495258 -0.0532964396599
-0.0858581522477 -0.0334875433855 4.09969380712e-05
-0.0569570054231 -0.0430983691026 -0.05839909264
0.0194081272556 0.0294879783163 0.00915546174794
0.00925835478208 -0.0280761036431 -0.0504752786668
-0.0137876238421 -0.0296783283429 -0.0539790331416
0.0341185401674 0.000484653538294 -0.0478165075327
0.00935656761061 -0.00380585211922 -0.0469076105681
0.0192717943377 0.00819220716488 -0.0294645045769
0.0201247230714 0.00989759067297 -0.0223650185734
0.0278723890364 0.0106299123223 -0.0292978328591
0.0140406837697 0.0143953963962 -0.0136130509419
0.016121102696 0.00444693395368 -0.0289813430171
-0.0188197221444 0.00225819991775 0.000616514681505
0.0791937437702 -0.0081196927192 -0.0445074245173
-0.044941570078 0.0139006505524 0.0134078773156
-0.0460350851158 0.0147783065463 0.0161991572624
-0.0168685572123 -0.0700759889536 -0.0306859452677
-0.0387509589082 0.0130051030267 0.0240038124624
-0.0367466719948 -0.0045221141355 0.0175744215157
0.0348055818877 -0.0237652707499 -0.0334324022044
-0.00911356622419 -0.0155834338909 -0.00876822185042
0.0178531137124 -0.00545328506558 -0.0244865870441
-0.00602922552858 0.0274405482124 -0.0210569743127
-0.0270971059677 -0.00940220636688 0.00487192865893
-0.0027740174379 -0.0289876342025 -0.0378090621622
0.0233188746805 -0.0283302580785 -0.0322958381747
-0.0179860807492 -0.0335696803566 -0.0235696889179
-0.0674433082543 0.0300460656133 0.0720804610054
-0.0769183176098 0.0362927286912 0.0816372923673
-0.0742064405317 -0.0200915199601 -0.034426781414
-0.0720677344507 -0.0128899182863 -0.0184671063976
-0.0490816123473 -0.0178920823428 -0.0225933699999
0.0464587092234 -0.0136255423133 -0.0210099199545
-0.0302064647038 0.018569218098 0.0171625820366
-0.020246191645 0.0209766003952 0.0137973882313
0.0563544937383 -0.0139616295889 0.00350202610668
0.062900654866 -0.00578402141148 -0.0367594829874
-0.0243979147948 -0.000370211139134 0.0154000573969
0.0142601202567 -0.0394248614104 -0.0254189447566
0.00977830394046 -0.0574397193456 -0.0325930223567
0.0107810083108 -0.033518358457 -0.0204889180536
-6.52259223834e-05 -0.0817094783916 -0.0416310012604
0.0830577282395 -0.00328006268965 -0.0362085417933
-0.0293331175279 0.0159506139251 -0.0188215052175
0.0328598807493 -0.00695377227115 -0.0193235953928
0.0221422066475 -0.0119781741035 -0.0383555961935
0.00668146105137 -0.0245041770341 -0.0370148235087
0.0249201711207 0.00261389110486 -0.0119227809393
0.0204804844867 0.000845201350153 -0.00893891039594
-0.0406344201913 0.0123748876125 0.0549691186465
-0.0554490731158 0.0134082044072 0.0548385505005
-0.022939293393 0.0439946503353 0.0148246571445
-0.0567619816099 0.0410172647588 0.0260466662655
-0.0115116869392 0.00567824050397 0.00872037009046
0.0915447349983 -0.00965282522342 -0.0506817572331
-0.0549359676552 -0.0015170384787 0.000829709358871
-0.00544151670244 0.0110735145269 0.00385405208076
0.0775890358113 -0.020146459601 -0.0242920842273
0.0954381488284 -0.0472740452507 -0.0501606949895
-0.00387971701722 0.00843829999664 0.0121080396359
0.0318413823121 -0.0258964222962 -0.0158851343128
-0.0345422234856 0.0356895346827 0.0199652213682
-0.00435752441168 -0.0523374566852 -0.0235586675655
0.0110629235569 -0.0373389929304 -0.000751507300192
0.0293787722537 -0.00794576881525 -0.00360817755582
0.0480140063596 -0.0421022451874 -0.0237152278142
-0.0572314920709 0.0134716483248 0.0649075043846
0.0244690694089 -0.000233985727814 -0.0189353417444
-0.0855688440137 0.0613319306679 0.0717359809767
-0.0607864622004 0.00832932428851 0.020046755631
-0.103161123547 0.00762893271377 0.0715720194754
0.110486601707 0.00888084185713 -0.0404264412409
0.0379881372934 0.00460403487233 -0.0279207595275
-0.0233066859657 0.0321001600601 0.0228201395488
0.0333457709128 0.0182208266505 0.0095836360343
-0.0330886683132 -0.00898068687051 0.00841218865861
0.000540256298023 0.0252797114395 -0.000942784576504
0.00529434538862 -0.0338691593861 -0.0176739869915
0.0543947567456 -0.0207722088346 -0.0383422286851
