-0.0627990443103 -0.155226891624 0.0493044351162
-0.0210733953935 -0.0459039553462 0.00283371732608
-0.118427629824 -0.0255171308546 -0.057254268361
0.0258641489711 -0.0323825285451 -0.0641948819727
0.0740678982704 -0.0697119105422 0.000398388483266
0.100131230801 -0.0866429395703 -0.0226521640511
0.0676054946248 -0.0492438251432 0.0422895078534
-0.0898628471097 0.0766843377661 0.0313746835059
0.130831130448 -0.0024038886466 -0.135976899429
-0.0880174094067 0.0708060007454 0.0412431439071
0.0984202084682 -0.0704630550981 -0.000309635810674
-0.0701634839632 0.0381655447761 -0.0599485330738
0.0590626010982 -0.0192890882347 0.00717546429075
-0.0483796339154 0.0202064209822 -0.00569003380994
0.0236086640937 -0.00753169307205 0.00816791389457
-0.0478896507091 0.00518728907762 0.0633647484315
-0.0330993504602 0.011082983791 -0.0738591171945
0.0107372277026 -0.0140382220158 0.0709083700885
0.0699603373106 -0.0220283433888 0.0117820806918
-0.0369139349027 0.0172987453517 -0.0679595135384
-0.0389496281735 0.0420660846497 -0.0708167654159
0.0113823748484 -0.0225449099591 -0.0663765750839
0.080462983321 -0.0282626938962 -0.0581470569991
0.0855302720866 0.0596847400851 0.0279940909732
-0.069589155243 0.0514690081802 0.0376876562464
-0.0666040846195 0.0322578932941 -0.0326101477758
0.00657198480008 -0.0203836077106 -0.0713896707629
-0.0288097244511 0.0240776529207 0.000262511950098
0.0499556876998 -0.0834477029485 -0.0496611477889
-0.0551013265932 0.0285851488219 -0.0661452649388
-0.0741652068356 0.0375535824569 -0.043213521749
-0.107363592531 0.0578481133589 0.0196519241848
-0.0131600707903 -0.00249063342009 -0.070546849129
3.00080184523e-05 -0.0107073639761 -0.0662146961795
0.0777635962843 -0.0804283363216 -0.0238190242632
-0.0125973138538 -0.00105485537571 -0.0648957943779
-0.0331309393072 0.0387109215976 -0.0281741964672
-0.059537344034 0.0483282169383 -0.0721974881455
-0.0594539789054 0.035534256566 -0.0550066935055
0.0687390803707 -0.0656275507383 0.0503096818746
0.0708538413318 -0.0579047088771 -0.00995146967666
0.129669994176 -0.0810309839286 0.00109860490133
0.100595053303 -0.0964620780775 -0.0693638453544
0.0684497811077 -0.0557590737199 -0.0239682278387
0.0741344041262 -0.043768585207 -0.0227809120947
-0.00920552252602 0.0136251774806 -0.04373167493
-0.204094712147 0.122375776229 0.0557274989781
-0.105202055395 0.0598210893047 0.015476299133
-0.0491805950807 0.0225820940204 -0.0752079487774
-0.078988564881 0.0499520691411 -0.0576392233847
0.0309373104616 -0.0158453561712 -0.0383944578663
0.0284956072788 0.00116645020175 -0.00083026587515
-0.00968936851661 -0.0277626886483 -0.00272444764042
-0.070450382141 0.0319258668356 0.0572523775245
-0.00879988914095 0.026800390001 0.0157740829439
0.00505395310183 -0.0531396758871 0.0174895322679
-0.0152342050829 -0.0558751246431 -0.0555544526047
-0.0123212134407 0.0502298372117 0.0200508635673
0.0387507542435 -0.0362737459787 -0.0375025555119
0.103786455663 -0.108633193885 -0.0159789120353
-0.0887746068072 0.0882444563623 -0.0548624539941
-0.0745868200857 0.0805730643342 -0.0370660612355
-0.119297736372 0.0938206928399 0.0132855222245
-0.0166006228632 -0.000370539456644 -0.0745765005914
-0.0253034805126 0.00941506712487 -0.0780856622353
-0.0308418221524 0.0260462217008 -0.0736246372341
0.00388887941428 -0.014213715266 -0.0703954902252
0.00870374883161 -0.0242559111128 -0.0495508278292
0.0595767564786 -0.0752662367906 -0.0428511087678
0.02125934248 -0.0799683989587 -0.0154811414611
-0.0121116796654 0.0207491635047 -0.0191504538683
-0.067795196261 0.060048426044 0.00897121903052
-0.00492045910707 0.0377330873689 0.0418583568834
9.47733087212e-05 0.0330457610068 0.0155868717163
-0.0729837144553 0.0409203622629 -0.052266379258
-0.111112917187 0.0703655474883 -0.0126614594466
0.0165596402071 0.0148896466669 0.0161153170824
-0.0636707123837 -0.0124063237647 -0.00363362232868
-0.100614651363 -0.0553191916588 -0.0191963063932
-0.0663801258689 0.00755865294229 0.0263341683127
0.174582508844 -0.0995697233691 -0.0179911624821
0.0807461123646 -0.0911590075565 -0.0354048434561
-0.0588713839005 0.0625592577948 0.0446908541727
-0.0465085365976 -0.0151923104749 0.0670895926603
0.0452134229635 -0.0498462319848 -0.0460482728159
0.0562769227693 -0.020370939296 0.00887359660694
0.0939206437667 -0.08012345 0.00077986297296
0.057734653691 -0.044963616059 -0.00622309430349
-0.000953161334568 0.00248855010952 -0.0177786250114
0.0170332791068 -0.0464882030871 -0.0437038598062
-0.101515440208 -0.0588562681118 -0.0724285620119
0.054035651918 -0.0344145131216 0.00821336610533
0.024358749785 -0.031079775763 -0.0381594459394
-0.0809274941236 0.0911851267032 0.0447955804933
0.0258816619004 -0.00102829479281 -0.0141058876076
0.0242888980883 -0.0145140811879 -0.0126355175107
0.166669681082 -0.0529121565529 -0.0904015472066
-0.0251113720353 0.0386950230595 0.0628424537863
0.0760596429963 -0.0402388145748 -0.0221634561306
-0.0600713898305 0.0324606033748 0.060064716488
0.000866768030738 0.0103601107965 0.0418734373964
0.0773411504149 -0.0269198576241 0.016032003655
0.0759236472613 -0.0444688776201 0.0315261657091
-0.0173934533967 0.00852318327473 0.0164515690505
-0.0642527195861 0.0266971167096 0.0433860955934
-0.048268304295 0.0233048158583 0.0265643454829
-0.247175049692 0.167094185725 0.140755497224
-0.0916423412283 0.0958652964606 0.0388012225439
-0.0481392185742 -0.0216091652351 0.0386562043682
-0.0455285817295 -0.0191304573144 0.0182368314869
0.00209144256594 0.0196436668914 0.0348455629827
0.0787514217403 -0.0626795886103 -0.0341575341872
0.0667369127292 -0.0475807620683 -0.0408261766775
0.0853782532481 -0.06634594241 -0.0622944595224
0.121532643297 -0.0792966187997 -0.059908459567
0.0471663553295 -0.0257275438218 -0.0121773287442
0.0459603231558 -0.0081634688441 -0.0402352478692
0.0445546838018 0.074247529994 0.0608677940222
-0.1527861218 0.0556398374211 0.089558496054
-0.0667426984961 0.00770311447598 0.0161310179522
-0.0434347862356 0.0216741259384 0.0212727481657
-0.0738678494007 -0.0321132912223 0.00415350479381
-0.0340629937607 -0.0448470668415 -0.014234807651
-0.106095796358 -0.0350224776339 -0.00544559455378
-0.108005847745 -0.00567585895738 -0.00184408001538
-0.0589604801135 -0.0328539222211 -0.024181933626
-0.0977039069394 -0.0256813776799 0.0246377186521
-0.0471797391277 0.0239529640394 0.057068532519
-0.0306555797407 0.00999527477787 0.0294612287703
-0.0252395518083 0.028548510487 0.0597295915737
0.066599844798 -0.049032396646 -0.0787551234167
0.0784440293495 -0.0503986292761 -0.0903981170466
0.168827873692 -0.0277419978553 -0.156805506178
0.0346491669658 0.00253709902301 -0.0703022189114
0.0310174626054 -0.0116767090289 -0.0062348410661
-0.0160112382787 -0.00177799991726 -0.0230159669997
-0.0371003732248 0.00440137503287 0.0683520761278
0.0493690178664 -0.00632824009505 -0.0307235257558
0.124594141477 -0.0110859793353 -0.0863275100092
-0.0464047502236 -0.0432619298981 -0.0737881027473
0.0701055104103 -0.0299367009397 -0.0362372072063
0.10124420978 -0.00670100163159 -0.0178216361333
0.0139307524076 0.0157760595366 0.0553395111351
-0.0198957049816 0.0379328368621 0.0505446508942
0.0351241527608 -0.0271385621282 -0.0107805832893
0.015665162127 -0.033098431853 -0.0242485597078
-0.0219710460104 0.0152476551352 -0.0178326374036
-0.023979953757 0.0306064113504 -0.00123306336368
0.0319140732716 -0.0448624722844 -0.0288750511325
-0.0242380710741 -0.111812609688 -0.0820512361527
0.0121870124991 0.0160047779339 0.00138263843959
0.0221835082721 0.00425196884361 -0.0282018854141
-0.0287609041416 0.00495589804681 0.0700345764819
-0.0269495140707 0.022081545955 0.0670796131056
-0.0177231056631 -0.110180423551 0.0179213045761
-0.0501696282155 -0.0972058349084 0.0390213166135
-0.0292767479287 -0.123500392414 0.0306488416326
-0.0301296646365 -0.068646940161 0.035269802041
-0.0174795283752 0.0356455287715 0.0397503655532
-0.0660123888894 -0.114137646765 0.04501560903
-0.0418013565577 -0.0266926216704 0.0274543104205
-0.0524388048648 -0.12512728894 0.028454729032
-0.0197601080358 0.0564718010959 0.0271821690057
0.0182632366049 0.00735803727289 0.0254961302976
0.0335950342693 0.0442789336116 0.0176999646233
0.00418630452366 -0.0961258329474 -0.00569828762774
0.0177206539717 -0.0398690658984 -0.0230518775995
-0.0453353783202 0.0357298450426 0.0168280674359
-0.128327392753 0.110076722594 0.0772180180572
-0.230286474475 0.148292619332 0.0905411370779
-0.185690391725 0.108423867825 0.0918445718864
-0.102017296433 0.0519539191477 0.0753825053008
0.0188676599629 -0.0269432646823 0.0227115992781
-0.135517658032 0.0877978188669 0.087413627782
-0.205199185374 0.158396068595 0.104738931138
-0.230411722698 0.173953929769 0.0935939692385
-0.103304171373 0.0813017370234 0.0604132260742
-0.104803531993 0.0540191404109 0.0832813123818
-0.119743079132 0.112718335607 0.0546948380236
-0.0518932294671 0.030588662243 0.00290305729599
0.0261297897643 -0.0221465687237 -0.0173550013209
0.0360456110682 -0.0472619556832 -0.0323102360488
-0.0357786888114 -0.0295656885426 -0.045105129474
0.00763005257181 0.0206284925032 -0.00752183941513
0.0927980423925 -0.065776364294 -0.0541150979399
0.0704698904645 -0.0300571357578 -0.0157194816194
-0.136234479302 -0.0162363833488 -0.0477973908701
-0.0483062246539 0.0539290671773 0.0182718808412
0.128203757891 -0.041860884213 -0.0627781563575
-0.0346553296849 -0.0689007738436 -0.0505299072852
-0.0336489924007 0.0644967443998 0.0393653915751
-0.0695185399849 0.0133677374736 0.0336033477879
-0.0540264305103 -0.00460711112398 -0.0236147872986
0.0572529508665 -0.0598574151579 -0.0282808240721
0.152681779276 -0.0852694358786 -0.0494268787345
-0.00462130676815 -0.00915079314147 0.00524730942952
0.116837970326 -0.0750837770398 -0.012130964632
0.0369669856885 -0.0778046865287 0.0133791937282
-0.0311234253826 -0.0826167894762 0.0460783030282
0.0353043904428 -0.0484672153636 0.0345940283797
-0.0224905995728 0.00692405071549 0.0831006673783
-0.0120301585489 0.000628188870491 0.0958528131726
0.113833577683 -0.0779051407528 0.0338791280163
-0.294898754687 0.187576570998 0.115806648081
-0.00345243704888 0.00817126931477 -0.0405154817684
0.0474642120304 0.135384667502 0.095045121882
0.0248001441337 0.0290636203768 0.0355244678066
-0.049635759334 0.0138624365319 0.0130941602777
-0.0455544389575 0.0125464630305 0.0103611496295
0.0202633770837 -0.00218303492427 -0.0114398392387
0.0557482549345 -0.029094584361 -0.0734227094248
0.0201973343434 -0.0497378639412 -0.0214546318438
-0.045445722642 0.00789941644442 0.0412006034627
0.0802216332823 -0.0640958639325 -0.117085558604
-0.038269344522 0.022451737985 0.018676009517
0.0263198989915 -0.0121586312698 -0.047860027179
-0.0147876397413 -0.000878887263449 -0.0161581104517
-0.0416696789505 0.0128415211415 0.0228656441578
0.000669249106253 -0.00111198373533 -0.0172890303444
-0.119868607756 0.0513208452248 0.056157626304
-0.133028420954 0.0423798544306 0.0474448285396
-0.139778582934 0.0392978717803 0.0918999675897
0.036589931596 0.0033258062724 0.0256265251139
0.0324228929853 0.0724301214037 0.0523087125995
0.0527770892088 -0.0720508774029 -0.0052049324145
-0.0155938218498 -0.0393099377375 -0.0502228062229
0.00886998429679 -0.0342787600343 -0.0477720954046
0.0382328997014 -0.0411634364291 -0.0528807202454
0.0328184022469 -0.0212186360288 -0.0238424615585
-0.0147772120098 -0.0881606573788 -0.0727297536275
-0.0226926617431 -0.12355208357 -0.0929265699591
0.00651214449671 -0.10564591378 -0.067965513263
0.0413815221611 -0.0874269133738 -0.0503016841827
0.00694180589266 -0.0734717827294 -0.0559821100183
-0.00278992087682 -0.0637357687742 -0.0504761021994
-0.0028529099421 -0.0245692168292 -0.0251421507537
0.0272916268025 -0.0131982480025 -0.0105833825532
-0.0175048498951 -0.0330570471664 -0.0409495554297
-0.0243702994391 0.0274054258669 -0.0078358706883
-0.0307166427734 0.0821184684633 0.0331207243844
-0.0847147402967 0.0591313621466 0.086050697586
-0.0703875380021 0.0141258187582 0.0469428037448
0.031604737358 0.0287317855176 0.0101707499511
-7.78345004179e-05 0.0371849344676 0.0203012786665
-0.0277582531528 0.0344103990371 0.0311366507511
0.0761552052255 -0.0152346023698 -0.0877750635224
0.0400467425754 0.000210408520131 -0.03644183522
-0.10016978439 0.0309481615985 0.0607316421721
-0.0911229904574 -0.0028054367706 0.00664127724628
-0.0117176889161 0.0376595820649 0.0105966748672
-0.0386707840138 -0.108954645829 -0.0875967105939
-0.0725011921999 -0.0810544892515 -0.0740885508478
-0.0516515537673 -0.0325720034366 -0.0187949679693
-0.0122682510639 -0.0154321000926 0.0142985502354
-0.00936900529781 -0.0484947403356 -0.0341410562323
0.0125549952766 -0.0184445957021 0.00267104261342
-0.0606802479202 -0.0846448680131 -0.0779629552954
-0.0557078478031 -0.0600980665577 -0.0679189871859
-0.10185879288 -0.0364222857016 -0.068041484057
-0.0977380661316 -0.0300412291963 -0.0436278389227
-0.100053474084 0.00576543597115 -0.00830488902362
-0.0827475334859 0.0407243615671 0.0745371372158
-0.032062603726 0.0429861319189 0.0923376108421
-0.00229205147246 0.0315920784088 0.0544441354324
0.0219059244818 0.00646626740682 0.00521194742218
-0.124650935617 -0.0334891374875 -0.0594853679734
-0.0332439675176 -0.000837701149524 0.0539802623466
-0.0603829674506 0.0138737748621 0.0661776207783
-0.0149603545197 -0.0793589044193 0.00365496255107
-0.106043261161 0.0265287609537 0.0323189155652
-0.129835242899 0.034672558299 0.0639469149693
-0.0834435464432 0.0178154890378 0.0586513917425
-0.111171493259 0.0309131154415 0.0869609681413
-0.0679970257132 0.0176027692369 0.0907545371745
-0.0270163699378 0.0082014769786 0.020326682139
-0.0478802845045 0.00072656320523 -0.0563711077129
0.0242402909109 -0.0238820434106 -0.0167974727415
-0.04583045483 -0.0108033077415 -0.0151252771383
-0.0424964268589 -0.00105546389984 -0.140410657239
-0.0669026869534 0.0260484734702 0.0651713593596
0.0169923522839 0.0159516716802 0.053760325023
0.0504130142 0.0113379982343 0.0273145085428
0.0774633053236 0.000955174468969 0.00153917699569
0.0361827869193 -0.0193768354765 -0.0211129259319
-0.0114730421675 -0.00502251136238 -0.00566614417536
-0.0763224770377 0.0246129162598 0.0859404856377
-0.014090617831 0.0159317573192 0.0549367503607
-0.141809930261 0.0423170694587 0.0931273355879
-0.158850354977 0.0472142072087 0.0777275265468
0.00242539361459 -0.00748534493283 -0.00748618634749
-0.0336585840838 -0.00141362262407 0.0203366503723
0.0571917932124 -0.0269751390756 -0.0698743851407
0.0862609251316 -0.0496474199139 -0.106869047234
0.0509441542872 -0.0457811584233 -0.0849791102514
0.051925555033 -0.025911470426 -0.0624361848357
0.0108666502743 0.0115873340027 0.00185976864018
0.0715677917565 -0.0353601644518 -0.0973237224685
0.0373673218278 -0.0295745223392 -0.0691858198597
0.0231217056179 -0.00938016941995 -0.0576449798837
-0.0255176546288 -0.00108145872857 -0.0200277465593
-0.0553584830846 -0.0106651763174 0.0167961465684
-0.0516691644678 -0.0230655006499 0.0205212091216
-0.0542489275619 -0.0140274937235 -0.0433712549765
-0.0502916034474 -0.012223636237 0.0571574762418
-0.0317381043442 0.0433373190361 0.0461686315748
0.0175229969062 -0.0608666358922 0.0456948990899
0.0344500216912 -0.00461550376733 -0.00871700255164
-0.0501471093289 0.0949327425568 0.0634102562727
0.00357120284201 -0.0900430287952 -0.057572848501
0.0327545064585 0.0168073773538 0.054446053897
0.074045831194 0.00867650536374 0.0142824155719
0.0322577151699 -0.00152996142642 0.0161416259387
-0.00642560780164 -0.00342389867137 0.0073574243247
-0.0379792667926 -0.000729398118997 -0.00151527128972
-0.0053154503746 0.0124677433594 0.0175098895386
0.00121465850788 0.0230071270684 0.0270797636991
-0.0335177413755 -0.0342195176425 -0.0623932505071
0.000823922886871 -0.011311004991 -0.0268968352845
0.0506716087284 -0.0243434367873 -0.0548149799913
0.0321617827579 0.0404095093529 0.0330711793928
-0.0181504709474 0.058138665028 0.0823442296446
-0.0292231151382 0.0165204409939 0.0432001916151
0.0446439522913 0.0111069340768 -0.0100982540429
0.00248124579216 0.011015311096 0.0207385157421
0.0139911166096 0.00613448987037 0.0236562554335
-0.0221823399284 0.00603442418307 -0.0160773950089
-0.0349726355415 0.00394632600369 -0.0704612343685
-0.0554432143427 0.00347776295762 -0.12220208405
-0.0318402702768 -0.00558344846425 -0.0346640210021
-0.0448020099043 -0.00614477684967 0.0427601204018
-0.0397376971559 0.00157189290243 -0.0142607462745
-0.0476362578439 -0.00943652607828 -0.0755899457565
-0.0300561871531 -3.24670272296e-05 -0.0616922556817
-0.0236374839694 0.0131548344036 0.00360319327962
-0.0128973430883 0.00642681374316 0.00460630628506
-0.0523742599525 -0.00445945357377 -0.0322828011016
-0.0573674190939 -0.0053129602933 -0.0597479024766
-0.0554554398592 -0.0017641007139 -0.0971619240736
-0.0280068274012 -0.0136744612846 -0.0600582254635
-0.0287760907024 -0.0356688097252 0.0230494301426
-0.0583077759904 -0.0115157511591 -0.0269152942464
-0.0538183009217 -0.0212480351027 0.00132268538776
-0.0478464925631 -0.0258957000844 0.0393845187961
-0.0547689579429 -0.0017935190079 0.0427684491431
-0.0550353711031 0.0278918783163 0.0498906035464
-0.071020299655 0.0371189231461 0.039425095037
-0.159062795869 0.147439789831 0.00374149278656
-0.0215113646985 0.0192151267999 0.0173674321791
0.00726806211629 0.0191675880793 0.0575587302221
-0.0114467231716 -0.0438268738051 0.0293849436127
0.0378735559385 0.127983457395 -0.0792444118717
0.0868792351673 0.0757408415179 0.0738134875019
-0.0208434865202 -0.0445392346635 0.0554480119219
-0.0160012997976 -0.0522463151009 0.0509414512921
0.0396696146543 -0.0590382860541 0.00786907258944
-0.0664972047824 0.0622000363482 -0.104503736354
0.0701724086082 -0.0502773688801 0.0226465486561
-0.044614823347 -0.000745320244795 -0.0158584731373
-0.0233575426968 -0.00362420773636 -0.0105710126465
-0.0377448090575 -0.00849870981654 -0.0184877343467
-0.014541262144 -0.00229936979765 0.0231418117482
0.00827442131666 0.00256856523277 0.0194093731492
0.0180895574202 -0.00200286521828 -0.00576688615493
0.0336613373869 -0.000570751370293 -0.0318302232788
-0.0375857969027 -0.00733631448993 0.022499385915
-0.036999105625 -0.00252393722155 0.0481375613272
-0.0108379161583 0.00316903529194 0.0300147089669
0.0200424078533 -0.000427463537177 -0.000753544706671
-0.0107905396042 0.00897367401644 0.0400239178643
0.0279473256547 0.00991876582024 -0.0105569471952
-0.0340128621257 0.0147702835131 0.0782579992185
-0.0269305933695 0.0130765458621 0.0556090613522
-0.0232849394986 -0.00788610513159 0.00708618887612
0.0142299618251 0.00533973450001 -0.0247095467532
0.050783370402 0.0103996462381 -0.0750301883584
0.123185181442 -0.0100510301662 -0.1405375339
0.175165946681 -0.0202225049839 -0.164971848641
0.0114832153822 -0.00529400074575 -0.063834610616
-0.0537500146435 -0.0249247023525 -0.0371540404192
0.179312529684 -0.0316208343962 -0.149534524932
-0.0292335570175 -0.0334300221705 -0.0540885713363
-0.042325496157 0.00344680165226 0.0662017826564
0.0495984111015 0.0173196557192 -0.0570925660853
0.0174039538847 0.0151979754437 -0.0142876480073
0.082247080059 0.00451798762574 -0.0839526140378
0.0442019718628 0.0988063391824 0.0752219463932
0.0351968741204 0.129283736454 0.103264597336
-0.0393129395861 0.0796311393519 0.104623536395
0.129403207198 -0.010487075748 -0.111790852397
-0.0514674702533 -0.0131462572169 0.0457694893876
-0.0197914282922 -0.00413234777015 0.00111875514723
0.0116212376182 -0.0304238234446 -0.0523111409798
0.0416360172084 -0.0165915481361 0.0172846392016
-0.0173617728597 0.00868841803425 0.0484007183904
-0.03877421296 0.0233793304406 0.0465485035939
-0.0331590479835 0.0176090883281 0.0358635643522
-0.0079170800573 0.0498045760692 -0.00866140434545
0.015091324472 0.0712785742965 0.00472990154049
-0.00764343152917 0.0213403813772 0.0449615498572
0.00748670760368 0.067555229984 -0.10956176243
-0.0237249360975 0.223283966771 -0.173967521659
0.0771536130773 0.226673739595 0.00562131679986
0.0645029802684 0.0237029322766 0.0419047499719
0.0791937870182 0.0951211798376 -0.00752391598419
0.057413073739 0.158101920856 -0.0250930396843
-0.0670792870699 0.185365385855 0.0975607774913
0.107497414357 0.143293981449 0.0712976846775
0.0332619062944 0.219142276012 -0.102270679667
-0.137115804555 0.292645334362 -0.00493246280699
0.0278349820924 0.12891891872 0.125955993891
0.0133301619269 0.0819032201387 0.0849558500009
0.0360295459678 0.16979701738 -0.154574227463
-0.0085715041912 0.138511517493 -0.172130088961
-0.0892948152391 0.167672604117 -0.155297820728
-0.156057947017 0.127617501407 -0.0667752024528
-0.120082752586 0.051930825754 -0.00852228479694
-0.103153598316 0.0907986254549 0.0241664368016
-0.123057689278 0.256548209278 -0.115201320464
-0.0458341934681 0.131513230671 0.0965384533663
-0.104271825978 0.145149478726 0.0538946880709
-0.0281753509366 0.297676364238 -0.107424570205
-0.0141770224465 0.32213962298 0.035704410201
-0.0116851452579 2.54159350152e-05 0.00938731314796
-0.0173220119724 -0.00546769383197 -0.0143056926668
0.0401022357233 -0.0752645107479 -0.0940673817903
0.0401158245107 -0.0745345139463 -0.0780543412743
0.0122662312439 -0.102284797739 -0.0336447315871
-0.0122227011783 -0.0855441601756 -0.0118996546926
0.0115484988439 -0.041447919642 -0.0408439221429
-0.0122858594998 -0.0292385804457 -0.001779592796
0.0108767982115 -0.0412786511801 -0.0510496468517
0.0122080822991 -0.00451796983877 -0.0256233307606
0.0110255779694 -0.0557086015398 0.025615610393
0.0289688384094 -0.0419406243509 0.0512206464915
-0.0424912245321 0.0117638400065 0.0445705800683
0.0691891643202 0.109639270318 0.0764939404386
0.0232892167288 0.0149200757337 0.0434631952746
0.0365698641239 -0.0135613291191 -0.0519587150568
0.0156808885047 0.00561218950322 -0.0315576415733
0.0564695157886 -0.015388032022 -0.0547668404198
0.0585688285029 -0.0134854212435 -0.0505911605296
0.043756904687 -0.0124214563227 -0.03173641013
-0.00138279853557 0.0174244900925 0.0292061331604
-0.00734855586284 0.0442556302198 0.051231296581
0.0342734418527 -0.00554435072929 -0.0166485326805
0.0306331141584 0.00203326926683 -0.00894226012475
-0.0889684798431 0.260323424558 0.0976806972558
-0.150008624331 0.217915032469 0.0420415312974
-0.0395599645167 0.0547595176683 0.0501738787631
-0.158266371088 0.128559276688 0.0715770904869
-0.0722104617894 0.055221441427 0.0378997138292
-0.0201718314625 0.0261642106281 0.0582070565767
-0.0274093478216 0.00528556107795 0.0530796558951
0.0425799451584 -0.0334694725401 0.0084824979658
-0.0707311205468 0.0441452676698 0.0157601620853
0.0457675492091 -0.0218273601657 -0.0170281066863
0.0745130327279 -0.0495666252475 -0.0267842098464
0.0751649649605 -0.0430641230439 -0.0165385816451
0.0548675374815 -0.0410180784831 -0.0128829575313
0.0467629618399 -0.0384897555241 -0.0181936485126
0.0442955613104 -0.0343552111318 -0.0561720919017
-0.0160301314497 -0.0359947583056 -0.0414155744229
0.0434661679823 -0.0235440479396 0.00610906855367
-0.0600111006098 -0.0304081221271 -0.065949498943
-0.119045187778 -0.0238819846935 -0.0583151084796
-0.133212395617 -0.00386430130902 -0.0174726629677
-0.117783434456 0.000545084350957 0.00651746050153
-0.0989206731154 -0.0297148463257 -0.0478250525852
-0.0933338453329 0.0234109929037 0.044780783238
-0.0476058992569 0.00953377490455 -0.00162876140853
-0.0202592088607 0.0264557100249 0.00494701647833
-0.0277289101365 -0.0158818540554 -0.0306340410206
-0.0824824794514 0.0528162307584 0.0688988521897
-0.0765283694048 0.0695946489356 0.0705724920449
-0.0670243863688 0.0856124510153 0.0612448232075
-0.0919854699368 0.0620190211514 0.0670465885097
-0.131140237815 0.0596834453755 0.0872607488973
-0.0886293153714 0.0388977930089 0.0910650166629
-0.108706678435 0.0407273522677 0.0940515087128
0.0535079800482 -0.033663479045 -0.010145505806
0.0117297961174 -0.0118473142618 0.0295944261028
0.0633852652969 -0.0152090462088 -0.0113229368302
-0.0216099619586 -0.043742097392 -0.0264917320005
-0.0938062313266 -0.0420836333136 -0.00581984693548
-0.106791341383 -0.0302698762698 0.0184548706285
-0.0704116682892 0.0600791496986 0.0679706671435
-0.0768515205036 -0.0476842829712 -0.00638073979114
-0.0297532590963 -0.00300340691489 0.0400240466253
0.00318763186274 -8.18293012674e-05 0.0372465396552
-0.0428185541839 -0.00970321035039 -0.029454507381
0.00641491451677 0.00362473361518 -0.00985615631778
0.0587226918218 -0.0313077010211 -0.0524889451767
-0.014393281212 0.023964007313 0.00372365497691
0.0204466100596 0.00787720285067 -0.000325038276033
-0.0221691988728 0.049235265705 0.0370353114194
-0.0591949024284 0.0280443767665 0.014540501695
0.03769548613 -0.022381265501 -0.0246876191222
0.0406379943939 -0.0295990824209 -0.0443539959451
0.0359198292679 0.0114354227327 0.0259913767874
0.0775128818973 -0.0371335268737 0.0169402694628
0.0668889672112 -0.0198849632455 0.017260419718
0.049335800268 -0.0242322126141 -0.00922041951899
0.0898067053969 -0.0559147948797 -0.00969641703309
0.0935602485825 -0.0503610606531 0.00256547231006
-0.107375567596 0.0130876023772 0.0145957314873
0.0548519096933 -0.0376600965117 -0.0111443443696
0.0795969688769 0.0779939690022 0.0516520169202
0.0499838947498 0.00609783831328 0.0159071203315
0.0882020122894 -0.0407867609619 -0.0233716712101
0.0196344798622 -0.00118898878687 0.00795753279133
-0.00906987054152 -0.00432037667277 -0.00241392352934
0.0203776599577 -0.0199396441769 -0.0150657339542
0.0797940137564 -0.0544129746412 -0.0373663954314
0.0489621722586 -0.033479707869 -0.0296593939053
-0.074559593022 0.0578611405526 0.0158656914602
0.0879762293573 0.140830952166 0.0716152282464
0.025157011995 0.121636693354 0.0690920592982
0.0636727374165 0.0700064726269 0.0181723275332
0.075928479852 -0.007816875225 -0.0290246564078
0.0102810569758 0.10863240716 0.0853357785535
0.0149794693802 0.0127345142042 -0.00134365121091
0.000798364517748 0.0143042426111 0.022352026402
-0.0437960034058 0.0443331639558 0.0267659427887
0.0294380569116 0.0381902469403 0.0149845263168
0.00567902860816 0.0319370202844 0.0154572700645
0.00815331106879 0.00222237322827 -0.0196657478548
-0.00494290486494 0.00246266839387 -0.0220771743357
-0.0233449146061 0.00479223507848 -0.0138154814024
0.147834142595 -0.11035086617 -0.0127372480566
0.109559137595 -0.0842985879511 -0.011545925052
0.0872580184511 -0.0683867038993 -0.00418368834389
0.101217552269 -0.0573271066686 0.00408741894951
0.0764208605908 -0.0518322495637 -0.0104156194052
0.0778481562531 -0.0516016210377 -0.0237223854493
0.040150731792 -0.0351562369676 0.00736022621802
-0.0375499669054 0.0276655960304 0.0393684475107
-0.0994743349399 0.0809231200121 0.0616869171587
-0.00232405542141 0.0143266050253 0.00975490659447
0.146768695742 -0.101831882664 -0.0287534407981
0.1416056565 -0.0873262115352 0.0269555106532
0.135826364105 -0.0740694119353 0.0256412949459
0.0680083746506 -0.0444289535212 0.0734919173509
0.0518248716204 0.00154984777727 0.0725154650083
-0.0210237321182 0.0134425356914 0.0197607131366
-0.0812275016541 0.0444976912671 0.084903663219
-0.0470493983085 -0.00745454371855 -0.0919755784299
-0.00552861753074 -0.00558528993244 -0.0559902038031
-0.00792609732171 -0.0498113639235 -0.0423140296875
-0.0463732962518 -0.0319253405347 0.00521165182185
-0.0932306617356 -0.00471008816668 0.042145164915
0.0513654458284 -0.0336296061768 -0.0580143001695
0.0704946107329 -0.0563793445438 -0.0305277971618
0.0625195078484 -0.0132903958022 -0.00823980529742
0.0299182964256 0.0345504351029 0.0149176046649
-0.0104304020447 0.0370092019272 0.0139822584433
-0.129392272674 0.0760956809333 0.0302527893878
-0.187416066741 0.0941953645457 0.0359823793388
-0.0547817233046 -0.126214882293 0.049571348666
-0.0591623687048 -0.150566967646 0.0436657724968
-0.0655412082156 -0.146235005523 0.0595466614098
-0.0796530269893 -0.0261029816965 -0.0319963500528
-0.0457093469946 -0.00738258758193 0.0266230055027
0.10075870884 -0.00981799837888 -0.0187916145463
0.108972505075 -0.0525131388018 -0.0499143742396
0.120799751275 -0.0994598563415 -0.0755840954216
0.110916573017 -0.0969100084376 -0.0767980426144
0.0997781553737 -0.0871187365777 -0.0656141498118
0.0826625822436 -0.0731975020777 -0.0469033785632
0.0717106432941 -0.0548132176732 -0.0530780259528
0.0150378725747 0.0067718115028 -0.019234612344
0.0975377082402 -0.0788123933405 -0.0559697324935
0.0561638449394 -0.034837454989 -0.0215912960502
0.0858106229166 -0.0536527261001 -0.0469178444696
-0.00312568473355 0.0257338959488 0.023355415691
0.109107380389 -0.0973662870479 -0.0719888181322
0.0463689564198 -0.0245919269192 -0.00283090991118
0.0737505408339 -0.0309153932347 -0.00829197933411
0.0343113953718 -0.00106544167897 0.0212704023294
-0.0633785115148 0.00204681098711 -0.0322920296453
-0.000681487261964 -0.012136225602 -0.0550095357047
0.065230114022 -0.0358596361625 -0.0206706359555
0.00762933041878 0.0539478371526 -0.134023615746
0.0783054737061 -0.0360595267664 -0.0615470691862
0.0803725766148 -0.039533339485 -0.0530080059981
0.072925208293 -0.0273545882809 0.00378963849023
0.0322620039519 0.00188933985692 0.0223080779599
-0.0175207802861 0.049731305557 0.0506789637434
0.0424713203774 -0.00188400151069 0.0243878640661
0.0472491420153 -0.001966194912 0.0403692669317
0.0823203969524 -0.0968220392435 -0.0162803515763
0.0832556550958 -0.0995613973338 -0.0236450039262
0.0986198925017 -0.0986894067586 -0.00245982020504
0.0831837189066 -0.0446304213842 -0.0430983356363
-0.0516904786032 0.0282753458481 0.0437677943954
-0.045161134596 0.0308043046484 0.0518536512836
0.0603523043753 -0.0381711811558 -0.0239817122632
-0.0639696079105 0.0420899867387 0.0815049142873
0.0570317103214 -0.0680059685298 -0.0357727507776
0.0588598458718 -0.0118878360041 -0.00803285307216
0.0415781128204 0.0175969984799 -0.00784220886685
0.122500032267 -0.0128885537363 -0.0467448827186
0.144749540925 -0.0312312451669 -0.0773619450738
0.180569101788 -0.041324077783 -0.101822147396
0.187825697515 -0.0526895374705 -0.122732512947
0.127947204749 -0.0446754776745 -0.0961146310358
0.175452729342 -0.0278613685242 -0.143315888957
0.12564541908 -0.0284902483693 -0.121355589291
0.0513094163272 -0.0208426949401 -0.0412390273271
0.0023149822546 -0.010124082152 -0.0216572148339
0.0173243163118 -0.0042916918452 -0.029148838015
-0.0441038821178 0.0121967086053 0.0478872963908
-0.0149923322495 -0.0110813983298 0.0846383611701
0.00953282519442 -0.0205748686235 0.0909166953369
-0.0428114640894 0.00997383219821 0.0110169418561
-0.0417868692581 0.0194609060478 0.0201116672091
0.00740097028587 0.00323018559529 -0.0100961841276
0.0145588296332 -0.00970998300285 -0.00350604132932
0.0223460794713 -0.0394735318643 -0.061731054286
-0.0981244984866 -0.0281275480951 -0.0664805766442
-0.0261497963164 -0.0411351881715 -0.0124883386726
0.0580454261682 -0.025574489563 -0.0447910968093
0.0208945536731 -0.0290951561374 -0.0405036398831
-0.0214192163122 0.00195595543557 -0.038967586322
-0.0285411214856 -0.00394788186171 -0.0908044948721
-0.0285932836982 0.00501333524789 -0.0147221396321
-0.0166309553099 0.00496793802993 -0.0150236487308
-0.0303418024428 0.0125343245336 0.0173058469862
-0.0265484384657 0.019738852062 0.0179292417653
-0.0324466421437 -0.00427184656862 -0.033898894081
-0.0111683440924 -0.00144750352681 -0.0012519150867
-0.00372021696622 -0.00153015104324 0.0124685295088
-0.273967732063 0.175381549301 0.128107705752
-0.209065926442 0.148794864235 0.107713206957
-0.0117532393368 0.0893768178883 0.0512124980092
0.0159403625037 0.00955060428321 0.00943692565497
0.0412317430382 -0.0223580154489 0.0095090686121
0.0739689364155 -0.00895705120722 -0.0134780514477
0.044789341228 -0.0110158016265 -0.00404254128517
0.00128944933469 -0.0523292975666 -0.0299967336758
-0.0180572667389 0.00859132301121 -0.0319298322003
-0.03185858857 0.0743380615871 0.0903325436092
0.0351473606311 -0.00330234214234 -0.0293312925921
0.0712572432793 -0.0389285088218 -0.0839319854254
0.0684221139247 -0.0401948121723 -0.0834629038365
-0.018004742528 -0.00197584908732 -0.00354923222628
-0.0283584528036 -0.0207452552203 -0.0356252520428
-0.0883749815237 -0.0341475134968 -0.0646873409926
-0.0614736894872 -0.0390435757427 -0.0675306314815
-0.00862707560033 -0.0345026390109 -0.0592905836131
0.0164473263953 -0.00320542955786 0.0181161647873
-0.0594955801169 0.0791377712558 0.0381603136985
-0.0126559432486 0.0764713404526 0.0338796862917
0.0612589989892 -0.034086816742 -0.0170437566481
0.0526694061616 -0.0113587846958 -0.0387949267164
0.0750462854157 0.00405895932595 -0.0830579258192
-0.040324676591 -0.016739031106 -0.00108046633325
-0.0114149091872 0.00407678298509 -0.00218404984744
-0.0621764589104 0.00280187613719 0.0138970029624
0.00922284782888 0.0442799217892 0.00790592531798
0.00833586524827 -5.54437543916e-06 -0.00759140542059
-0.0531139556144 0.0795021668991 0.0574200402474
0.0253850059045 -0.104074962424 -0.00700287231657
-0.032838973118 -0.121378585425 0.0348537243372
-0.00953272392232 0.0581558592384 0.0734938041781
-0.0639050748794 -0.0632930909599 -0.0217634053625
-0.0790427837443 -0.0380469197761 -0.000935925728581
0.00475830747475 -0.0125018672455 -0.00774559070262
-0.00675874509596 -0.021168455661 -0.0256955410848
0.0194879688657 -0.030522151352 -0.0406932891843
0.0346251274597 -0.0313597590299 -0.0221596301946
-0.00490539869726 -0.0137564305175 0.0311015621609
0.0817552408946 -0.025651494605 -0.00497991537534
0.0131722973461 -0.045049319869 0.0248685544725
-0.0329245497699 0.0482810048241 0.0790905242168
-0.0154870339645 0.0156290450865 0.0483359847428
0.0956996147108 -0.0178317377615 -0.0587931785423
-0.0261593284643 0.0148774979243 0.0143145349404
-0.0736759106139 0.0589688516628 -0.0112275530039
-0.0100030519207 0.00194569571551 -0.00351715919689
-0.0414475710448 0.042391274332 0.0280985992441
0.0254570835383 -0.0323262899152 0.0149086859994
-0.0461684753716 -0.0792383654334 0.0218900581447
0.0188580513294 0.0272132514761 0.0136405273785
-0.00255739386684 0.001072285317 0.0244339537626
-0.0739192723136 0.0720225225579 0.0309863309236
-0.101526023664 0.0358161638851 0.0332810720994
0.0710879077293 -0.0614760631171 -0.00417431826973
0.00900066052849 -0.018226573652 -0.0248657123376
0.00878748500005 0.0872446853688 -0.0752676948051
0.0132347830512 0.00184054400813 -0.0255897551828
-0.0165397494176 0.0344198463144 0.000642126172893
-0.0589896980085 0.00113713031243 0.0301492424131
0.0597264002616 -0.06471350959 0.035277084234
-0.048802595995 0.0409259753481 0.0467530861735
-0.0802035721349 0.0120243091535 0.0370344275606
0.00359811745105 -0.0259544914429 -0.0178482145863
