-0.0412905913059 -0.0726391705105 0.0149835496943
-0.045877001505 -0.0467865346204 0.00872943403802
-0.0412611625544 -0.0209510459892 -0.0270101157634
0.0249164627858 -0.0398521471312 0.00675928444711
-0.0117403454051 0.0252157682628 0.0106221827673
-0.000172036225455 -0.0190748030397 0.0269195390042
-0.0105719563804 0.01884688145 0.0174670503509
-0.0262901758727 0.0422470978751 -0.0139151442161
0.0273289708522 0.00978828821038 -0.00850740895843
-0.0408207450881 -0.00263929252774 -0.033946537727
-0.0199235209144 -0.00179535513305 0.0218630435961
0.023087628321 -0.0200927366157 -0.00833935890257
-0.000416013689163 0.0299433752936 0.0114915775932
-0.0159198703296 0.0225997252697 -0.0239265333791
0.0492214813473 -0.0309158367436 -0.0100374305743
-0.0290407378521 0.00765111518055 -0.00158574592321
0.0332113138432 -0.0299177246726 -0.000349170200181
-0.043518284389 0.00839432478578 0.00525876626141
-0.0312509168232 0.00782816250626 0.0263127314068
0.0310637323406 -0.031972217345 -0.00207148561468
0.0154545323758 0.0157783574833 -0.00779571283238
0.0335601257836 -0.0354501853398 0.00947752506637
0.0509172164114 -0.0219637004544 -0.0287644012053
0.00176783760337 -0.0290032465342 -0.00768800827048
0.00890817319823 -0.00254083307828 -0.0163518789864
0.0015569140027 -0.0284213609368 -0.0230929616778
0.0347272382784 -0.0134338998655 0.00991275051806
-0.0111128973927 0.007476759987 -0.00883582053282
0.01524527254 0.0125144532823 0.00194434748535
0.0278397668739 -0.026966169557 -0.00585968597313
0.0133381465911 -0.0261887846336 -0.0157920444169
-0.0112571022545 0.00290812127381 -0.0129414950066
0.0341687385152 -0.0337841930657 0.00400518478278
0.0363709750234 -0.0250404876797 0.0107820662451
0.0187119909503 -0.0165373265869 0.0263796448227
0.0278034923339 -0.0382595759208 -0.000823289348628
0.00437286458492 -0.028860310597 -0.0177188851249
0.0281173585104 -0.00756715899597 -0.0021365510202
0.0224285347763 -0.0313021550343 -0.0106622628496
-0.0125530804033 0.00854173969343 0.0189308212781
0.0962936998948 -0.0628696608512 -0.0120535789016
0.0146336358796 -0.0207180392302 0.0170031032879
0.0307018646468 -0.0262396377854 -0.0263691559799
0.0160335505147 -0.0276314516568 0.0241325984446
-0.00627790861923 -0.0198296154731 0.0191553967206
0.0169331520831 -0.0361825429309 -0.00449402549057
-0.0801955783393 0.0686414400949 0.0502069434567
-0.0142518220758 -0.0108117074435 -0.0234788708388
0.0309285815805 -0.0215977275154 -0.00292304743206
0.0177479961124 -0.00298668557627 -0.00801684634077
0.00382166521356 -0.0284975421276 0.00244120575023
-0.014234753525 0.00209784983278 0.0107114547247
-0.00323451228271 0.0240375631796 0.0152549276062
-0.0235874867261 0.0289243075882 0.000395598614219
-0.100549230857 0.0630936638665 0.0518729526382
-0.021136017978 -0.000339882149917 -0.00210132375139
0.00956754751052 0.0130943574602 0.00966663688943
-0.0246920781795 0.0237116522226 0.00909291388323
0.0301187272934 -0.0161140101473 -0.0329468674599
0.00181808408378 -0.00110362171818 0.0238573914357
0.00831226627213 0.017482106867 -0.0110611905389
-0.00835096691499 0.0342363307351 -0.0196254709102
-0.0144937544061 0.0274919055165 -0.0108328989129
0.0362958752999 -0.0282083928182 0.00526241091578
0.0353741646356 -0.0179133327049 0.00411246513608
0.0297181599111 -0.00383064339292 0.00227917341846
0.025860339106 0.00394038373262 0.00317139164866
0.00462262376474 0.0222350673108 -0.010380376282
0.0232351862246 -0.00250879415429 0.0175793115762
-0.00879588742489 0.0128311972375 -0.00923786878056
-0.00622483339275 -0.0139197283558 -0.0120914037107
-0.0253213461647 -0.00362340613942 -0.0321212243745
-0.0488180027056 0.0300927102309 -0.00233795300972
-0.0277703498537 -0.025887992479 0.00343142752954
0.0199692076557 -0.0246913539814 -0.0115094976754
0.00237686113216 -0.00950920363361 -0.0167591519983
-0.0223162894323 0.00965116257453 0.0077575005522
-0.00342699996514 0.0145343279301 0.00444772648611
-0.0137751248723 -0.0138725031076 -0.00799501132473
0.0275460344944 0.02220034186 0.0133344395431
0.0329474559243 -0.0163824820388 0.0180043940139
0.00991089401535 -0.0244490637453 0.00109152619833
-0.0251864322934 0.0350062804316 -0.00536373100638
-0.0261487763812 0.0140878041145 0.000985620449854
0.0295019968861 -0.0274722380445 0.0200589855012
-0.0113921654316 0.000696892774189 -0.00923987172337
-0.0162071866477 0.0109639554061 0.0132978861566
-0.0116648035363 0.0155240893766 -0.00424310041307
0.00587918641855 0.0099753223775 -0.00599371916664
0.0337805033222 -0.00485126956637 -0.0172221320609
-0.0302522857206 -0.0103517643303 -0.0161400408168
0.0148772322457 0.000556364525687 -0.00747804385154
0.0123978551548 0.00278071323717 -0.011879342957
0.0332944509719 -0.0118547456846 -0.0131668784635
0.0437016170635 -0.0302147899592 -0.0427992180722
0.0547573956992 -0.0347912065075 -0.0413383726221
0.0354500374003 -0.0109337854351 -0.0202098555651
-0.0324789931713 0.00997484933419 0.0235216565313
-0.00985183127541 0.0206199539038 0.00782319067117
-0.042254142005 0.00196710102858 -0.0160027827974
-0.0507209515218 0.00856404802207 -0.00824705397943
-0.0280469922219 0.0112315422043 0.0108820949938
-0.032840842416 0.0019817009325 0.0111752060646
-0.0090466482017 0.0270353822607 0.0139133754577
0.00627679340784 0.0470267633668 0.0193240018821
0.0628839753974 -0.0519964991499 -0.0253204707334
0.0733718657588 -0.0452541533831 -0.0148244472399
-0.0534502170283 0.042437106182 0.0282006564832
-0.0588993569963 -0.0583478408042 0.0120293807377
0.0174508104805 0.0335056807476 0.0166524420593
0.0261642148056 0.0448000091232 0.026552861846
0.0372159009002 0.00315722550865 -0.00917657719668
0.0314803237988 -0.0128555665973 -0.018945328186
-0.0197740204429 0.00299126959267 -0.00290740057287
0.00382661795565 -0.0325608974272 -0.0174845241916
-0.016490897874 -0.000745854424553 0.00575766933477
-0.048903124671 0.0274358723735 0.0466410579613
0.000192616586703 0.027248837952 0.0266008590961
0.0694340498096 -0.0244852961335 -0.0336296654768
-0.00228321764468 0.0084778116321 0.0157032982995
-0.0186724042715 -0.0281532278153 -0.0103565667684
0.00935758069483 0.0164990678772 0.00503926076706
0.0133857465621 -0.0150292942924 -0.0123701628254
-0.00370962129467 0.0014052008498 -0.00418077854068
0.00262950008399 -0.00416281128794 -0.010420977875
0.0106665484033 -0.0164276844533 -0.0157787726771
-0.0230660449715 -0.00965691669032 -0.00167011220827
-0.0208097890496 -0.00838563757316 0.000648426119891
0.0444805936665 0.00724846798916 -0.0202106993294
0.0615660698856 0.0181411215609 -0.0094464007878
0.026441114126 -0.0165214126318 -0.0183351863051
0.00850681982681 -0.00235142595994 -0.00752807634663
0.0128454180436 0.0138635428831 -0.00243812502251
-0.0567860800127 0.0172767778871 0.05023990024
-0.0463479913102 0.00109643406622 -0.00921606146843
-0.0830594433479 0.00979852135453 0.0654034252461
-0.0291268510353 -0.0110645768104 0.0013567472808
0.0531121628296 0.00842052425628 -0.02210828726
-0.0121861853185 0.0130237800215 0.018677718944
-0.050357385394 0.00541672102975 -0.00119607791784
0.133613458918 -0.056968337727 -0.0669316843936
0.0230540240189 -0.00651021976157 -0.00781465531877
0.0130091153652 -0.00326196179275 -0.00941886959541
-0.00960696055032 0.0535807757782 0.0223589307666
-0.0168158133328 0.0115106396899 0.0181561265368
-0.00800065827561 0.00752804820654 0.0112237348223
0.00237720129277 0.0148565867647 0.00600349250193
-0.0168697327983 0.00366271082377 0.011054949685
0.0198023992606 -3.49127555105e-05 0.000224524069975
0.00763561225478 0.00135937717186 -0.00368215972491
-0.0178959391508 -0.0049223406465 0.0184304738302
0.0925578124655 -0.00140564685572 -0.0410871470762
-0.0797649916954 -0.0101738911727 0.0225170588195
-0.014128105323 -0.0243822275997 -0.0201935361564
-0.0245020021956 -0.0240587771787 -0.00338178205017
-0.0208189273446 -0.022842338978 -0.00393172757026
-0.0360934644404 -0.0402049855532 0.0188540898308
-0.0424813995535 -0.039870478959 0.00624922999261
-0.0409754240681 -0.000137730411247 0.00833493851721
-0.0611027242475 -0.0857415612247 0.0190991972091
-0.0661539417182 -0.0613292703909 0.0134648685157
-0.0584300107306 -0.0671280732099 0.0214650491295
-0.0132599734246 -0.0276044871165 -0.00596423526674
-0.0203236574064 0.0237162527105 0.00599535765463
0.0170544276909 -0.00495930745023 -0.00633877642975
-0.04013849384 -0.042471160249 0.0173222700894
0.00467104978904 -0.0393538575991 -0.0054859829692
0.0130264781698 -0.0364236955297 -0.0142331984414
0.0552118356791 -0.0389264501316 -0.0229104172815
0.022818627097 -0.00141083301919 0.00139481729445
0.088914213363 -0.0554606956589 -0.0249901736671
0.109218980577 -0.0729183407396 -0.0240557732342
0.0841037408593 -0.0650688224647 -0.00982011140081
0.0838838572372 -0.0555042602475 -0.0143128721661
0.0174595423348 -0.00455875516548 0.00427758411861
-0.074689517286 0.0614585316169 0.0472825327622
-0.140579449894 0.107614949307 0.0782157873993
-0.0287526754209 0.0407986065579 0.0208376965293
-0.13103507449 0.0977751912487 0.0716006649186
-0.0265592702074 0.0378878015953 0.0200773374999
-0.074241210566 0.062760054217 0.0379729550629
-0.00976859427438 -0.00656451284518 -0.0113010461241
0.0258973774707 -0.0434379645721 -0.0446160265543
-0.0859290695202 0.0542742279489 0.0393958829336
-0.0449704132801 0.0120833151799 0.0122472607529
0.0241158314931 0.00729352285977 -0.00281530589587
-0.0466126632775 -0.0200799909941 -0.0266347817194
0.0166304125651 0.000518655320422 -0.00242980354399
0.0521639135442 -0.0255115597561 -0.0314131826
-0.00709361232729 0.0110056264368 0.00342212507396
-0.0389159501508 -0.0232764640582 0.00878539064753
-0.0401478528901 0.00374028719822 -0.00129016422443
-0.0313696854663 0.0178457730637 0.0243538275266
0.0496675020088 -0.0440278941761 -0.0160974394231
0.0490788951826 -0.0291579611937 0.0020648926274
0.0933024224894 -0.0612494571612 -0.0221368515785
0.00675625456541 -0.00199645497155 0.0134812092832
-0.0185704655214 -0.0106816034321 0.0157623515698
-0.0249870005789 -0.0142094977185 0.00938310302087
-0.0152373179791 0.0117543769748 0.0120170472664
-0.0292247378545 0.0320118076097 0.00937397043604
-0.0307903308947 0.033724463722 0.0162243133269
-0.0122179882215 -0.00277130509706 0.0218412345843
-0.00605215767921 0.0158678690626 0.0184282390024
-0.068103873499 -0.00890791496073 -0.0560319159824
-0.00943450411395 0.0122049644136 0.0131743332821
0.00464686986636 0.000694220589028 0.00548193648218
0.023778939527 0.0127228689809 0.00115823934869
0.0074829254818 0.00967951627029 -0.00137082406093
-0.013374920031 0.0301915818781 0.0365704129146
-0.0697513259416 0.0316683478086 0.0576268342812
-0.0114071091814 -0.0656736363254 -0.0291245335799
-0.0818468828925 0.00986207509434 0.0385303658335
-0.0644938159991 -0.00683409610757 0.0192124125821
-0.0437723835228 0.0325796372514 0.0234029420974
-0.0619635359364 0.0200188481821 0.0359389771467
0.0211627174281 0.00674405365339 -0.0221578054904
0.0267424676595 -0.00740718404417 -0.0087285651556
0.013922856355 -0.0107004865426 -0.0515387931162
0.0120349353618 0.0146142464044 -0.0040052892885
0.0441300030678 -0.00370678922699 -0.0203682760869
0.0675603172063 -0.0419407910515 -0.0376801757372
0.0943311013189 -0.0457146219173 -0.0518533409428
-0.0138129487449 0.0398672017473 0.0371597615015
-0.00898951778781 0.0239250375291 0.00272751154394
0.0158615480818 0.0103871390937 0.0030363387665
0.0272573685595 -0.00246553549015 -0.017221390453
0.0529808866569 -0.0240622897128 -0.0369709410695
0.0383637669055 -0.0103423552843 -0.0194635083984
0.00852830770986 0.0123155713221 0.00470656585084
0.00990427114351 0.00870448550229 0.00386510170793
0.0213573063234 0.00279872444886 -0.000706522718846
0.0223794597159 0.0010813334916 -0.00724886224243
-0.00106405616622 -0.0064703427939 -0.0138311741873
0.0135016450791 0.00676774242368 0.00733829407297
-0.000176468253828 -0.00231030417534 0.00611531041037
0.000372879246509 -0.0108827237038 -0.000616673840706
-0.00134213393652 0.0111181718493 0.0101742327619
-0.00586860420592 0.0132299241269 0.011035360232
-0.0194462559641 0.0055822664097 0.010509733828
-0.0353613220548 0.0365187161579 -0.0073834171827
-0.0243866164407 0.017260365948 -0.0157155324881
-0.00416498251943 -0.0133630370931 -0.00297432712534
-0.0343451781655 -0.030348378453 0.00124966152932
-0.0484808638343 -0.0423847415379 0.00758722417643
0.0461547201877 0.00898618491743 -0.0259311533701
0.0931883113373 0.00784664779633 -0.0462264911348
-0.065122906336 0.00384660646219 0.0127766004313
-0.0763633561556 0.0107872526784 0.0399628600674
-0.0176896644983 -0.012002675716 0.00713585995985
-0.00246829046285 0.0087338895854 0.00224678789078
-0.0213760699671 0.00331469259148 -0.00295823853968
-0.0262545054034 0.00564326986354 -0.00292177173473
-0.000694101257046 0.00508266828778 -0.003562213818
0.0114996862345 0.00766034781448 -0.00139387179363
0.0223255463692 -0.00187259792739 -0.0114329453969
-0.0131053663146 -0.00568016940617 -0.0110676155903
-0.013014820869 -0.017278954306 -0.0232299686263
-0.0211868258532 -0.0280647552785 -0.0334803616478
-0.044181652879 -0.00436627187239 -0.0134769912259
-0.0577243778107 -0.00608201518629 -0.0153879582524
-0.0518410489709 0.00343408883891 0.00555307810292
-0.0219978908067 0.00387449797526 0.00383294609398
-0.00624421238778 0.00527533039901 0.00797068098006
0.0162741312134 0.000804521081014 -0.00298920392345
-0.0408650098328 -0.0153707499554 -0.0217563602438
0.108151309958 -0.0432667588288 -0.0470366861608
0.132717302869 -0.0642586299103 -0.0621370873728
-0.0149741299822 -0.0034933538142 -0.0137691113478
0.0307153071081 0.00228369824209 -0.00708017813427
0.0248710681227 -0.0132584160178 -0.010345680324
-0.032595011505 -0.00276237809079 0.0200636898888
0.00914882109729 -0.0268160515689 -0.011934190273
-0.0529070409554 -0.0142342507342 0.013731135787
-0.0961262739487 0.00586090778352 0.00803728773174
-0.039570496538 0.00636731798592 -0.00630083789831
0.0676986377781 0.00217343694494 0.0636058699142
-0.0194767239472 -0.0115026088071 -0.0335656709548
0.0566944427435 0.00337023832436 -0.0196991240915
0.0602964060774 -0.0430455627869 -0.0424267033328
0.0329225215963 -0.0332424355637 -0.0357110532124
-0.0625383169451 -0.00899458137714 -0.0379860429638
0.0112056722825 -0.0118798611808 -0.0345822537778
0.0354784205847 -0.0269026557206 -0.033477320713
-0.0622243499559 0.0196379431887 0.0463478908485
0.0955919367218 -0.0589294372148 -0.0493498375438
-0.0757165381726 -0.00769374934672 -0.00463854207982
0.09732496857 -0.0489352709856 -0.0491923830331
0.0625006545921 -0.0249370761128 -0.031722052419
-0.0750707454255 0.0200396278795 0.0477064603014
-0.0817956868439 0.0135370859672 0.0356350433909
-0.0700979640635 0.0242168732745 0.0486330146884
-0.0705831486741 0.0201619402638 0.0474975026478
-0.0617391311026 0.000826130644811 0.0291354700714
0.00494406565807 -0.00430056691637 -0.0225519403139
0.0231964190764 0.00968247991449 -0.001913102667
-0.0654843200822 0.012907708052 0.0307501749686
-0.0299677386974 -0.0194734721477 -0.0105965584335
-0.037565766619 0.00684038577732 0.00991960493684
-0.0285843586963 0.0148835849305 0.0200383528663
0.0324718922578 0.00168999105539 0.0163617777748
-0.0355178066069 0.0206099840784 -0.00769640230711
0.0395289378222 0.00476172667795 0.0265143591485
0.0405171738455 -0.00667991715707 0.00890086483705
0.00891023123837 -0.00644752717729 -0.014885249625
0.0564482676587 -0.00269283906998 0.0547532011863
0.00139444249932 0.00122164223211 0.00549286284462
-0.0304215513723 0.0234607210421 0.00405916742474
-0.0393369531211 -0.068374986222 -0.0346120865145
-0.0329932561124 -0.0167449802042 -0.024823893469
-0.0309565891922 -0.00578409828059 -0.0356986023159
-0.0608302799613 -0.00571237877142 -0.0259133727868
-0.0571242270015 -0.0205341876019 -0.0534158390481
0.0133969332477 0.0159285818851 0.0120681198307
0.0122655055755 0.0204857041167 0.0158785780562
0.0135384384669 0.0129731950418 0.00908113150341
0.0135661719652 -0.0306752531146 -0.0394874133636
-0.0233149634121 0.0262588301738 0.0371700263222
-0.0456024458918 0.0330000376591 0.0523847106894
-0.00747269503462 0.0333572370581 0.0347577587272
0.0277613219607 0.0237257874951 0.00597171653531
0.077031587615 0.0116584983192 -0.0278176309606
-0.033172394301 0.0369543929507 0.0488529336513
-0.0878360288444 -0.00458780704647 -0.0210341395845
-0.0750196030814 -0.0147670109939 -0.0406137814428
-0.0801079109106 0.00125069652544 -0.0165344011823
-0.0433406741599 -0.00500747356671 -0.0426086455133
0.0132415401522 0.000174728581846 -0.0295533698273
-0.039467514419 -0.0183989406648 -0.0558995707143
-0.0489147433948 -0.0176410627877 -0.0230331007628
-0.0771949052315 0.0116768102511 0.0116876777552
0.0160730817498 -0.00409681534183 -0.0306299311847
0.0472785428622 0.00706140465404 -0.0219203174146
0.0359516546525 0.00383685439632 -0.0222329412045
0.0438318299278 0.00273560354993 0.00977857892445
-0.0385677532674 0.0129681110986 0.0169734770851
-0.000529487756594 0.00785628146537 0.0100111423538
0.0356241143629 0.00552361681113 0.00597117354947
0.0694874285629 0.00318864705104 0.0371970701692
0.0679820351151 -0.00600651369231 0.0454303999769
0.0060364071965 0.00936552376583 0.0229943978751
0.0448133703721 0.00144934088693 0.0293816928522
0.0567918878555 -0.00577936145123 0.0257777825461
0.0436520375599 -0.00607644699005 0.00496002173393
0.0292972097611 -0.00860409063285 -0.00979813010386
-0.0145150240301 0.0132678401373 -0.00744567894119
-0.140997889342 0.116281147601 -0.0345535787248
0.0134229427715 -0.0262218574166 -0.0247960740276
0.00553869642849 -0.0393636801734 -0.00756789200252
-0.00610751547466 -0.0588704961147 -0.046671564819
0.00182039377014 0.0642862458757 -0.0633850585704
0.017443773311 0.026785292498 0.0175194584288
0.0569980022729 -0.0104528100393 0.0377293630878
0.0261068206115 -0.0013376103536 0.0231580935352
-0.0109532215448 0.0171356032809 0.0121275666095
-0.0926037692129 0.0797786573424 -0.0868731360622
0.0376246217642 0.000617323108242 0.0604963162526
-0.0708028898031 0.0194131586356 0.0273071663311
-0.0622254160253 0.0193279153568 0.0351866181431
0.00464901151817 -0.00118524409415 -0.0218104868994
0.00403681708905 -0.000345546286839 -0.0160423705379
0.0370026198202 -0.00247618915809 -0.0145485417396
0.0823888596357 0.00422763435095 -0.0270540183674
0.0356044001081 0.0101401355055 -0.0324752350034
-0.0163603085827 -0.00596493252736 -0.0168200095566
-0.0205738753922 -0.00839647963645 -0.0119095709223
0.0151249530981 -0.00276128997585 -0.0183847300793
0.0355310318576 0.00431908635508 -0.022362313923
0.0123970349199 -0.00712346348789 -0.00802620943479
0.0786357467332 -0.00194300608343 -0.0347990485887
-0.0409528869051 -0.0147094316987 0.0221979307442
-0.0694461250814 -0.00736047296898 0.0422359988224
-0.085522697924 0.010011697724 0.0449856108468
-0.0646520817808 0.00789091643225 0.0515623857816
-0.0399078667004 0.00515065701221 0.0392238909495
-0.0272539070057 0.0172927786162 0.0298901083342
0.0253300216893 0.0151905083323 -0.00939672244926
-0.0742077609757 0.0162240410212 0.0627542294064
-0.0881437117716 0.0212698514639 0.0579533956803
-0.0082138489475 0.0178360310709 0.0145938774752
-0.0745992754137 0.0211702523557 0.0310440414801
-0.061011877624 -0.0109401470221 0.00981952621758
0.0110315773561 -0.00390918501295 0.00375097466054
0.0442300337153 -0.00911257522769 -0.0158431139232
0.0750193567175 0.00308362355581 -0.0366549284225
-0.00520312389133 0.0382970108965 0.0319455539441
-0.000494117170126 0.0298584524739 0.0195613487932
0.00852561170679 0.0162437849004 0.00156230989718
0.0766424221876 0.0113266790144 -0.0402533172741
0.00599844772924 0.00342355843378 0.00296212193258
0.00749502733275 0.00246157939318 -0.0210604525062
-0.0327551269305 0.00322058365754 -0.0117409289953
0.0310137646682 -0.00196333407004 0.043334867189
0.022657300975 -0.00758492639363 0.0148269122936
0.0300568558968 -0.00489079463875 -0.0113362457639
0.0110332890195 -0.0179151116593 -0.0394283015447
-0.0039232262242 0.00872348497968 -0.0166520601899
0.00355024668494 0.0112204234139 -0.024659285566
0.00320420745834 -0.0237533709557 -0.0288796355846
-0.0260850622218 0.0437790276624 -0.0707335799542
-0.0480086893432 0.16480252588 -0.146035335465
0.0115828001762 0.16707805219 -0.0308415649771
0.01714523234 -0.0150189735568 -0.0133338292981
0.0214650852445 0.0398515741542 -0.0280833027335
0.00608470511469 0.0966293429704 -0.0393260396634
-0.0830945553528 0.117041771653 0.0249058081764
0.0241067544212 0.0937600943252 0.0159815273682
-0.00727817765198 0.153286320082 -0.0961596593068
-0.138350131377 0.227063802363 -0.0503127632527
-0.0243995779234 0.0632680669147 0.0463235496723
-0.0116107212164 0.0128395338475 0.0194092216177
-0.00425067965984 0.107181178787 -0.11720206521
-0.0410129779686 0.0999212180233 -0.127194954106
-0.105253405432 0.143053035604 -0.133953823697
-0.156660868913 0.127749377484 -0.0810409560247
-0.106379262653 0.0650404880201 -0.0350080649589
-0.073556881091 0.0539780704992 -0.0138761393161
-0.126489529828 0.204772225157 -0.119966019298
-0.0559585239827 0.0577367772026 0.0256599230862
-0.0928217694402 0.0866735743924 0.000331128561581
-0.0540506840227 0.227758063345 -0.113785741304
-0.0537729095011 0.249520162802 -0.019011236398
0.0854239522926 0.00599265414501 -0.0297435455211
-0.0391157047104 0.0211030201186 0.0393403464901
-0.0561459841707 -0.0337437216178 -0.000887849438898
-0.0356820525459 -0.0474022729073 -0.0202252030048
-0.0251410297677 -0.0888280276702 -0.0360254526752
-0.0231316463496 -0.0775957966478 -0.0540877089972
-0.00881823716313 -0.0342192169352 -0.0524202933552
-0.00393051716753 -0.0387245629186 -0.0566109496309
-0.0238618970483 -0.0312244286426 -0.027397212899
-0.0015908656208 -0.00587001123889 -0.0121274329052
-0.000843300064607 -0.0753949271977 -0.0285473634936
0.00535254512266 -0.0622658167309 -0.022867208931
0.015403147185 0.00560039953133 -0.0111265776692
-6.01637646729e-05 0.0179966298478 0.0203948682227
-0.0722964445904 -0.00955206445955 -0.0235568462898
0.0155776502042 -0.00533711845759 -0.0472781616833
0.0285814725437 0.00694154086095 -0.0393470180875
0.0166923613086 0.0063237438422 -0.0196654297924
0.0309930612657 0.0070199258187 -0.0198696334202
0.0344509917978 0.00988243609666 -0.00548211757307
0.0657852994124 0.0137466801949 -0.013129787255
0.01448368167 0.0258547292477 0.0170028145279
0.0645796418227 0.00792656357137 -0.018601211534
0.0759461515913 0.00338913885154 -0.0305226565406
-0.106305895248 0.19045350806 0.020123097257
-0.142024980303 0.161171628821 -0.0156057859863
0.00806018949867 -0.0107082281549 -0.0125526048619
-0.132421190662 0.0993904826914 0.0748937847263
-0.123973201843 0.0946507912453 0.068620226278
-0.0826522993074 0.0629919512343 0.0485199744116
0.00259375492879 0.0196959595822 0.00496301539356
0.0898239950074 -0.0340494140162 -0.0407629004614
-0.0926108633804 0.0756703225435 0.0523747072404
-0.0482891226058 0.0449664514966 0.0261078165069
-0.0250769421882 0.0181673989253 0.00750632065949
-0.03422557822 0.0247346183102 0.0126045389198
0.00300116999918 -0.00736347717701 -0.0109944640552
0.0520202425026 -0.0356086090337 -0.0368828516427
0.0941070795993 -0.0544537948774 -0.0632268077263
0.00809502045473 -0.0300081763736 -0.0318085019154
-0.0520017796559 0.0436249419552 0.0270155256292
0.018965214045 -0.0429312911134 -0.0501146422356
-0.0216759982744 -0.0331032357519 -0.0376892597245
-0.0553680624071 -0.0135625835113 -0.0148449960662
-0.0666693813762 -0.00124114348317 0.00782029868212
-0.0602387201649 -0.00195333024582 -0.000145093819366
-0.0655630110157 0.00885544802293 0.0350884074067
-0.0694332652616 0.0144045329022 0.0509942232732
-0.0492248389135 0.0148814656189 0.0406607193608
-0.086208223813 0.0243096130087 0.0645114684753
-0.0890303572985 0.0774844922329 0.0520128133567
-0.0982306984812 0.0731047614731 0.056610431273
-0.136962433923 0.0944690804468 0.0756952385783
-0.0471006896676 0.0420137307728 0.0290805269501
0.0183446399926 0.00954503340879 -0.00506286096319
0.0350180699827 -0.00510841228437 -0.010542880504
0.0781946331177 -0.0340359631938 -0.034052583759
0.143375670585 -0.0584538872343 -0.0652369169349
0.139370871614 -0.0651561385504 -0.0631919663396
0.121015872118 -0.0503696059411 -0.0601355593692
0.00427473402565 -0.0124898731037 -0.0111281935797
-0.0142370556758 -0.0130778066844 -0.00591950234179
-0.0322950348576 -0.0187187416282 -0.00324319381626
-0.0403521154217 -0.014351118467 0.00228339760368
-0.0140312354587 -0.0211904686764 -0.0106666243301
-0.0647583161025 -0.0140064276108 -0.0154184824714
-0.0687950801205 -0.0141981586187 -0.024869995959
0.0276015916009 -0.019417341409 -0.0250497041077
0.0501818490109 -0.0323009014153 -0.0421547124437
0.0659825599649 -0.0383919613573 -0.0477870203301
0.0258331810983 -0.017781813495 -0.0293845004635
0.0105467192295 -0.012010352761 -0.0227078880241
-0.00734908447204 0.00435022376473 -0.00872137523582
-0.00752214904801 0.0108051534842 -0.000163214402292
0.0211253478328 -0.0165808752274 -0.028931665114
0.0501315756357 -0.031239189013 -0.0438225969985
-0.0199410944064 0.00500869728178 -0.00174864313224
-0.0265441071673 0.00687543745649 0.00972037020018
-0.0309663455556 0.00716283831068 0.0169645872424
-0.0218794934563 0.00483210621555 0.0174973633474
-0.021000553677 -0.00548791321238 0.0235962115398
-0.021528016267 -0.00687308150038 0.0279771957775
-0.00522235123858 0.0102531521566 -0.00128108978769
-0.00162746974539 0.000236581806941 -0.013662185583
0.00278229107303 -0.0059685406059 0.00703332595235
-0.00385732689409 -0.0131545287464 0.000778981279717
-0.00784044639641 -0.0254123013274 -0.00639640824117
-0.000931873964192 0.000160927483567 0.00303056409215
-0.0175516111408 0.01132562487 0.00799617796009
-0.0434235357992 0.0176742347014 0.0184804141313
-0.0328075306187 0.00255298117321 0.00900419740921
-0.0678102176377 0.0276951638115 0.0280104361872
-0.0230121737459 0.0349683096856 -0.0209092037446
-0.00478721831202 -0.00515193465689 0.00514861841488
-0.0239999556139 -0.0139890035042 0.000473975456918
0.003771616706 -0.0364969130369 -0.0161524522805
0.0356523046377 -0.0364382052805 -0.0244994266247
-0.0213502074842 -0.00297530811984 0.00620781854703
0.0406404558622 -0.00586306992124 -0.00445849759113
0.0201504033126 -0.00909011150499 -0.00523554973099
-0.0429506902876 0.00788593352024 -0.0229125227462
-0.0288088696941 0.0350699664483 0.0415243333048
-0.0180612020538 0.0226365465012 0.0269647684672
-0.025468806021 0.00506780172554 0.0151448049078
-0.00170790578837 -0.00957453482521 -0.0127716028208
-0.00325450306962 0.00396918462124 0.00153245959397
0.0351852694416 -0.0287662197169 0.0127377082674
0.0675032960515 -0.051925939726 0.00249264497984
0.0458319406019 -0.0436899116641 0.00228726550102
-0.000642897212938 -0.0115437280764 0.0121678956374
0.0212920206413 -0.0216382393015 -0.00142952072571
0.0287949094418 -0.00634648256207 -0.00785920083483
0.0583802931584 -0.0503968559883 -0.00832472149227
0.0692027721598 -0.0459229596549 -0.0087128403544
0.0522529432148 -0.0303532339847 -0.0102618177726
0.0434215401279 -0.0234622791378 -0.0148107527112
0.0667658582879 -0.0437965567249 0.00344367043039
0.00205840333866 -0.000498291928869 0.0265148571192
0.00177132520583 0.00743125632566 0.0258216781814
-0.0194301409847 0.021732936307 0.0259178397268
0.0118624875113 -0.0399891363185 0.00474504600608
-0.0483392652911 -0.0417209937539 0.00498696764184
-0.0501405830852 0.007704478993 0.0207102256653
-0.0012833661516 -0.0133011245901 -0.0598376593642
0.0632377825077 0.00597003512551 0.0249570785428
-0.0100339154996 -0.00650504809967 -0.0033891600611
-0.0234506971978 -0.01162178465 -0.000960067675809
-0.0354740288577 -0.0150122877391 0.000659776497587
0.0558270845449 -0.0253406072974 -0.0347103731135
0.0120135452944 0.00911796725649 -0.00135420049217
0.00876943871057 0.016459555232 0.0035713603542
0.0241649494502 0.00536042093316 -0.00413869727977
0.00843217359648 0.0169293201186 0.00385577622442
0.0098161831462 0.0137423154617 0.00380229795067
-0.0309884396965 0.0390266924301 0.0257633489625
-0.0298897652011 -0.0403290603472 0.0113714259228
-0.0433160665808 -0.0618295860269 0.0195511021581
-0.0289785738645 -0.0605575481289 0.0093724494271
-0.0794454057047 0.0152782691068 0.035925291282
-0.00780191851198 -0.00285480030733 -0.00438816825127
0.0112438065325 -0.0418297543762 -0.0193120810292
0.0249329817239 -0.0427843099533 -0.0271310141405
0.014647675833 -0.0303460681781 -0.0235300811172
0.013383101511 -0.0171977274156 -0.0203218886178
0.031821627361 -0.0156984847957 -0.023045656025
0.0368197536176 -0.0110444543329 -0.0184022624437
0.00881231984653 -0.00612486651841 -0.0139899909431
-0.0273067444933 0.0188917912739 0.00742649520092
0.0418319008982 -0.0125865468418 -0.0203441758044
0.0443979742114 0.0015478127716 -0.00607277442472
0.0439641140909 -0.0238785915007 -0.0225574066308
0.0416705104259 0.025003089577 0.0174847000678
-0.0157682476798 -0.0156343874815 -0.00892345332932
0.0341624969953 0.0223682090227 0.00726758129858
0.0222114754003 0.0245869899907 0.00635469638468
0.0114326098538 0.0415836312281 0.0194133982554
-0.0795556226668 0.0479427704018 -0.0395468282124
-0.0469186282446 0.0345570441532 -0.0385925558624
-0.00371960739083 0.0123035675995 0.00659060965206
-0.0487491757566 0.0631468640979 -0.0931415386004
0.0600155068597 -0.0333109486332 -0.0396632495723
0.0524262610642 -0.0303231043553 -0.0353000739037
-0.0115213422695 0.0152828632951 0.00809672676642
-0.026548818937 0.0319930869909 0.00950002781717
-0.0336991473286 0.0461738835853 0.00923793273877
-0.039989393202 0.0221321467658 0.00552612549539
-0.0505455655652 0.0188109708469 0.00682768535128
0.000160334919706 0.0198584107172 0.0124682167896
0.00857243441691 0.0123842215443 0.0170517146
-0.0101206422965 0.0177985869157 0.0173202613575
0.125093777306 -0.05225263461 -0.0626629563621
0.0327767534547 0.0417902692603 0.0281264478079
0.0170686778637 0.0537771627318 0.0304847754092
0.039282046767 -0.0165302446065 -0.0157547699082
-0.0327807376306 0.0409437031304 0.00161030810155
0.0288379192394 0.00159252417208 -0.00591133113766
0.0234059103708 -0.000154710107043 -0.00483787370584
-0.0239482125616 0.0124126799162 0.0253061322172
0.0072893516963 0.00221997020896 0.00373248833263
0.0276988766536 -0.00715551396334 -0.0110387439166
0.01918426094 0.000510536519867 -0.00599554009188
0.0264465401931 0.00225332293658 -0.0136911423998
0.0288348451775 0.005003915389 -0.0179892419788
0.00117380064076 0.013726060007 0.00800654762707
0.0298645950746 0.0108178814343 -0.0165252197833
0.0397263907684 0.00868900555571 -0.024101004221
0.032673542172 0.00502854884305 -0.0197921422739
0.0640309028766 0.00719768977973 -0.0333744009026
-0.0899247180489 0.00352295341035 0.0211909843554
-0.0285262029153 0.0229695105337 0.0130740440707
-0.0369692902411 0.0156123656949 0.0149976596214
0.0214127826861 0.00736076818272 -0.00448112363365
-0.00569552521103 0.0290417693248 0.00498630277202
0.098868803883 0.00479986544575 -0.0439792063247
0.0496984505096 0.00125663799208 0.0385641845969
-0.0392623141104 -0.0177130634593 0.000331953510335
-0.00968231981526 -0.0370153044189 -0.0425796270106
0.0051785654089 0.0173000192871 0.00828839385344
0.0853656786848 -0.0401732613623 -0.0545475195646
0.0726621854868 -0.0478376413269 -0.0532964421837
0.0532184288214 0.00626559703052 -0.0012293273818
0.0595760891041 0.00580811454544 -0.00326940076563
0.0433276718043 0.00538326222833 -0.0126392285411
0.032075186031 0.00723655927504 -0.0214425858064
0.0415221039741 0.00163304464058 -0.00716773529256
0.024880361653 -0.00403810936385 -0.0353791337354
0.027359914367 0.00414046819721 -0.0204722358982
-0.0596364847352 -0.0198358789367 -0.0530779388212
0.0640802504592 0.0109486084639 -0.0122334186864
0.0524698957903 -0.0263963410184 -0.00849080420129
0.0605951312086 -0.0334145404748 -0.0178115394462
-0.0272902026804 -0.0224443512303 -0.00458449959639
-0.0161174715754 0.025691300079 0.00416945196772
-0.0139548074032 0.0256025304646 0.00621053769316
0.0684752849342 -0.0292405406968 -0.0457078126562
0.00321539303878 -0.0145274534189 -0.021901914128
-0.00470383956999 0.0163816158503 -0.0157344906642
-0.00783375625082 0.0241422362682 -0.02061564129
-0.0123042841708 0.00390866521335 0.00437905410333
0.0278163530852 0.00437785372257 -0.0167225031914
-0.0614880410496 0.0287096536539 0.0540854698651
-0.0597531868738 0.0204061229027 0.0460485526895
-0.0876695276756 0.0107471615999 0.0626972831174
-0.0927339717162 0.0241823070796 0.0637879468676
-0.0260969921013 -0.0215916724608 -0.027545827855
-0.0306887772506 -0.0114180860174 -0.0177967723009
-0.00736533481051 -0.0128821432059 -0.0244030734156
0.144700106155 -0.0608489924123 -0.0680516282916
0.021310872569 -0.0253634723275 -0.0153927690705
0.0133392472113 -0.0145262989006 -0.0100033690213
-0.0168971400215 -0.00273340259996 0.0182692907876
0.0274542871623 0.00905505955977 -0.0146289559137
-0.0373355766325 0.0180190157023 0.0371885041928
-0.00134374615867 -0.025152169114 -0.0135759830817
0.0208793200642 -0.0189796830301 -0.0119653799783
0.0186010437154 0.00187431440819 0.000393370404211
0.00828927190061 -0.0302216170223 -0.015603765516
0.0910553482686 0.000941831849295 -0.0345417074252
-0.0460284017538 0.0343971620011 -0.0117332624065
-0.0193629643349 -0.027517173013 0.0104150415535
-0.0234459258825 -0.0394621313936 -0.00291646853186
0.0209853076453 0.0291687908394 0.0150730273351
0.00103572638084 -0.0129988987947 -0.0114227397093
0.00701953298315 0.00206203043607 -0.00307162140684
-0.066489464377 0.00582675608439 0.000512120073307
-0.0674311808122 0.0118861444841 0.0165982487232
0.023931178932 -0.00536434280997 -0.0223352533286
0.00341726052231 0.00673298777619 -0.0143006320764
0.103312489436 -0.0717394139901 -0.0149422169117
0.0143183986139 0.00494386036858 0.0323149410655
0.0691953378892 -0.00507578529195 0.0645586355302
0.0294281925732 0.015247434039 -0.0042830520677
0.0877688270921 -0.0485010056733 -0.0518802888053
0.0315130674337 -0.00895195516423 -0.0125396438018
-0.0250786895138 -0.0378442627297 -0.00254905486264
-0.0112410036722 -0.0212850320963 -0.033048601118
-0.0129483268655 0.0105767603107 0.00773225269503
0.0353878252255 0.015387356631 0.0131138636947
-0.0145059641918 0.0168212061752 0.00145015463483
-0.0722159599765 -0.0663036436122 0.0207835194721
-0.0138108578522 0.0105991552801 0.018242184613
0.00605210556062 -0.0464392783989 -0.0240127223665
-0.0210573494721 0.017891044216 -0.0212067769389
0.0237692534895 0.00804282360108 -0.00969208702874
-0.0106747939869 0.0158224213464 0.0064536351206
-0.00473851222542 -0.0360087251112 -0.0263919569547
-0.0117479614585 0.0372469459263 -0.0528296715418
0.026845860495 0.00964231583453 -0.0285340567909
-0.00541873296347 0.0177211960841 0.00404730976041
0.00766311489561 0.0414738396444 0.0208816161575
0.0364101719856 0.00494427958214 0.0557208560617
-0.00864267334408 0.0466311627911 0.0134965989343
-0.0347552016077 -0.0227305578999 -0.00373813212147
0.0361910910852 -0.0255192454284 -0.0288280304922
