-0.00412448770766 -0.107577563679 0.0324291992327
0.113281816566 -0.0563421235563 -0.0155246445472
-0.0548452272991 -0.0221687469845 -0.0377693211157
0.0261709170306 -0.0227901474996 -0.013950297059
0.0944466221546 -0.106259745597 0.0170963933963
0.115948700513 -0.115009179101 0.00575477340254
-0.109458512204 -0.0344096253644 0.192966031272
-0.119334424187 0.0830157507808 0.0531366733128
-0.0409103500404 0.0153069011962 0.00703667441405
-0.0109714257625 -0.000977872954317 0.0290242127945
0.103540916316 -0.112798759365 0.0140453589961
-0.0616939798132 0.0578428247969 -0.00961200527892
0.00914411859615 0.00970447868999 -0.00695399920468
-0.114373078649 0.139683822093 -0.0747703679724
0.0472295054486 -0.0257534273281 -0.0388003621875
0.0135303748803 0.00537702570297 0.128004035768
-0.0325320343019 0.0301353227759 -0.0277463193602
0.036873417121 0.00517752815541 0.0957785035917
0.0237119563073 -0.0154591456714 0.0187199086873
-0.0233508904635 0.0198663980421 -0.0258125051458
-0.0802325108322 0.11452309364 -0.0963113824581
0.0231872080034 -0.0237263409447 -0.0255224970498
0.070845384802 -0.0286471997412 -0.0504613632209
-0.00442257393792 0.0849039699655 0.0770690234271
-0.0954482435025 0.0288172156932 0.0181130377632
-0.0381093762013 0.0234551451459 0.00788852513984
0.00369703242822 -0.00132061515499 -0.0546510767128
-0.0177667404336 0.0117660674236 -0.00744872352368
0.0190420458333 -0.0164756370873 -0.0373109454972
-0.0457016114648 0.0414302777044 -0.0195169925403
-0.0454676296023 0.03550735699 0.00550657164487
-0.0257566704159 0.0281703656216 0.073856526967
-0.00392884593366 0.00221665583869 -0.0286827675689
0.0186908395359 -0.0195899329231 -0.0430290827909
0.124893364234 -0.135998672216 -0.0148473753229
-0.00145422729251 -0.00072411220829 -0.0196829379289
0.00717865311703 -0.0101369568116 -0.0183907644768
-0.0581922138645 0.0677422485173 -0.0570557110574
-0.0291574204966 0.0216624753388 -0.0151878551354
-0.00806879141358 -0.00535959713838 0.160915084177
-0.00412258777401 -0.021857742855 0.0033148525496
0.00538672892576 0.0182013784093 0.0238852030994
0.0598495218463 -0.0674871981802 -0.0200389714704
0.103683750354 -0.100291984461 -0.0100048116381
0.0605768702269 -0.0420551693328 0.00303543813139
0.0224484307715 -0.0201943945535 -0.0190585094098
-0.158949515758 0.0902598345288 0.0693057395586
-0.0151807869049 0.0109005262619 0.0475083503209
-0.0612014307131 0.0605220426153 -0.0267263206733
-0.089574101979 0.0923070464175 -0.0098516549064
0.0301525928728 -0.0177357815665 -0.00852693359244
0.00924926158612 0.00983785027484 0.00150562480849
-0.00982213904481 0.00481829700894 0.00117078885035
-0.0479127335535 0.0254254787817 0.147743308725
0.0263110876081 0.00546687168264 -0.0272912813738
0.0252247319875 -0.0696916898749 -0.00526779189317
-0.0433461740658 0.0196044187157 0.00671899522916
-0.0564097923346 0.0517701281214 0.0358540633148
-0.0106493039907 0.0429279396241 -0.00389133338189
0.14600820768 -0.164230754769 0.00289158344995
-0.0936409839978 0.117349934212 -0.0612116151583
-0.125273911062 0.156094987892 -0.0704347845848
-0.0621455087749 0.0653620455606 0.0478665540087
-0.0134491028858 0.0128550358576 -0.036785436892
-0.0332848502866 0.0371489650427 -0.0502122635746
-0.0358906273991 0.0492420698115 -0.074867896274
-0.0227667118057 0.0377718503512 -0.0747458377884
-0.0444619057779 0.0824387538943 -0.086920462763
0.0840770786308 -0.0955830380849 -0.0353888213052
-0.00466700175908 0.011097026994 -0.0383419945985
-0.000284144361286 0.00233071196747 -0.0119331861771
-0.0321107860784 0.00616877778447 -0.00504069598274
-0.0414359972951 0.0337505545842 0.0131362642273
-0.113320681073 -0.13586312485 -0.0215334889482
-0.0476744201235 0.0406919888538 -0.00582158560833
-0.0355383580369 0.0318368218944 0.0257385157039
-0.0289365420791 -0.00169149105565 0.0233727415412
-0.0424317148712 -0.00329683134314 0.00798353060273
-0.0579456509544 -0.0340103006366 -0.00394980454351
-0.0128121426499 0.0210648221455 0.00974191249305
-0.0308149115818 -0.0301008967441 0.100315630696
-0.0585564795098 -0.0300913376437 0.0478331398906
-0.0388812955301 0.0142812849487 0.00603608152771
-0.174610946773 -0.00733442875776 0.123661623193
0.078718741845 -0.0824300816458 -0.0243223253603
0.00544860984366 -0.0222315937814 0.00894531838106
0.110605398158 -0.123101405264 0.0142306211329
0.0261922415512 -0.00543187596129 0.0217403456656
-0.0464075016924 0.0996866778524 0.0424507236797
0.0267333369013 0.0217868721616 -0.0174556444935
-0.00325949715668 -0.0417540330824 -0.048014686631
-0.0445236169799 0.012966823636 0.033714736113
0.00621024130231 -0.0162621109309 -0.0187426020621
0.0624207798059 -0.00615996916419 -0.017853030743
-0.0230427214608 -0.00158094687644 -0.0208188641828
0.0211688519479 -0.0363416449449 -0.0394732965467
0.0870266177702 -0.0272383339378 -0.0474333771375
-0.053402838861 0.00211002656232 0.0324760163866
-0.0118215980855 -0.00534986277611 -0.0153636422333
0.0153591559912 0.00227946587307 0.0753049714126
-0.0178723101884 0.0296544349006 0.0355560179492
-0.0193954799449 0.0432852072381 0.000144622981875
0.00199320594222 0.0327553556637 0.0404145435031
-0.0209376234009 0.0258291383624 0.00520969173643
-0.0249106814397 0.0149196705856 0.00725251240805
0.12660404488 -0.0313761534489 -0.0450734258218
-0.0115538656585 0.0132759162093 0.0169682665483
-0.0167519358202 0.0257084905296 0.0263065167255
-0.0379083815933 -0.186708954908 0.00554626521968
-0.0106272746929 -0.0016960986914 -0.00181275369414
0.0122215368444 0.0240782893636 0.0246200345982
0.0604651684829 -0.0414566596661 -0.0183379839248
0.0932290842263 -0.081514430221 -0.0416841333842
0.081366261878 -0.0811095327683 -0.0409564614964
0.0547241698876 -0.0436130511745 -0.00735764387011
0.0807882840563 -0.0589236699038 -0.0660533259505
0.126545474523 0.0440559674085 -0.0141849847879
0.085901527117 0.0729036945299 0.0451119383946
-0.00682710053887 -0.0108312307751 -0.0305360497964
-0.0578615346178 -0.0179796429817 -0.0126753555051
-0.0778172644864 0.0433171450373 0.0415502709742
-0.0346445182336 -0.00938169572805 -0.00280217251119
-0.0306577819967 -0.0157252307825 0.00110850742401
-0.0623439083874 -0.0168192336508 0.00171390028641
-0.0635789454871 -0.00534009755265 0.00601483011868
-0.0079665328098 -0.0270259587434 -0.0165882849795
-0.0692887549248 -0.00313011523812 0.0209997233376
-0.0812086587841 0.0132643986585 0.0465254481129
-8.44203583894e-05 -0.024057985779 -0.0086752050439
0.119481217446 0.0246542849495 0.0257271406536
0.0752601475156 -0.0389880820456 -0.0489623915052
0.0633446800733 -0.0276001352434 -0.0434314383153
0.0446432462576 0.00669599521805 -0.0264435338533
-0.0752908469477 0.0452891701112 0.0832923429717
0.0374023750543 -0.0221458281105 -0.0561886353016
-0.0351795312133 0.00513672077298 0.0302415950338
-0.0439455574616 -0.0105840411283 -0.00575052046158
-0.0588526366016 0.015567761696 0.0727458466699
-0.00188603843788 0.0233232569258 0.0256184767293
-0.0268036861319 -0.0203191393451 -0.0387538597198
0.0580102184186 -0.0208942508035 -0.0035661456256
0.0404951124215 -0.0240768121593 -0.0252811170485
0.0272555857944 -0.0524772939257 -0.0421618272361
-0.0234836816205 0.0215993324874 0.0168938587432
0.00452039644491 0.00457502783625 0.00913901534581
0.00932964242821 -0.0181498155091 0.00631358109338
-0.0693744860243 0.0962800451865 0.0385423635801
-0.109361528691 -0.0246140269325 -0.000178780951393
-0.095721463682 -0.06958572553 -0.0219749861405
-0.00876319997262 -0.0493164343482 -0.0351000106041
-0.0702615430848 -0.00212498237681 0.0159469031265
-0.0519264359278 -0.0216875780981 -0.00144688222481
0.0440237439966 -0.0398094102075 -0.0871969759521
-0.0473129214653 0.00939732002913 0.0101951031274
-0.00131460279685 -0.0414646200725 -0.00791991508942
-0.0954483742536 0.0237700172282 0.0141744624858
-0.0754572714741 -0.0532235407516 0.0695495238634
0.0155000442117 -0.134803701778 0.00768752281613
-0.021664978864 -0.0816164584447 0.0111853641945
0.000832004402825 -0.182292918275 0.0268536105852
0.00575646709766 -0.149026053313 -0.00285177341938
0.0306867095296 -0.0991955374006 0.0251575080124
0.0710855613383 -0.056015237344 -0.0269675275425
0.0179824545797 -0.0395196769804 0.0239548509343
-0.0320797817255 -0.0423865648324 -0.0155934207656
0.0343700775946 -0.048053130305 0.0245105577342
0.120796417266 -0.0293180588795 -0.029551250659
0.162136400989 -0.0286737300971 -0.0446204907137
0.114815604577 -0.019270660585 -0.0311219840094
-0.0286358472297 0.0304620672956 0.0212289627643
0.0715234025354 -0.0206174452707 -0.0198531336001
0.024999031821 -0.0182065713071 -0.0162662825275
-0.00516798310155 0.00226938411839 -0.0197448594479
0.00932052523138 -0.0105316822236 -0.0097945028758
-0.033020067889 0.0261708962242 0.0305642049206
-0.131832461577 0.0994798137242 0.0791178107469
-0.152347646669 0.122069600234 0.0914270300939
-0.0433395116449 0.0592397555568 0.0321648127227
-0.0992281659543 0.0993170507814 0.0681550861807
-0.0618799336181 0.0233320086385 0.0081388884707
-0.109923047332 0.0336863752092 0.0259382582354
-2.46960456353e-05 -0.019980367303 -0.0207671424293
0.000916671151446 -0.0252993780366 -0.0201809288315
0.0266876671657 -0.00306187043481 -0.0072259031448
0.0861246980731 -0.0687177399216 -0.0518148593151
-0.0308865139343 -0.0241811178681 -0.0171175966385
-0.0447124636032 -0.0346554308795 -0.0521441376092
0.0499563565249 -0.0322690678778 -0.00996022166857
0.0888018427924 -0.0476166003789 -0.0614361606563
0.0283533862661 -0.0383227197437 -0.0275507010893
-0.0784574572279 -0.113364990678 -0.00719502388763
-0.0177018962476 -0.0573379914562 -0.0481840217665
-0.0427955284106 0.0183658276276 0.048721985496
0.0374162936303 -0.0264728885384 -0.0129655494383
-0.0422921877024 -0.0418953996137 0.0567270948318
0.0621885240096 -0.0367478539606 -0.0256306244509
-0.123402819902 -0.0471381066753 0.136364429502
-0.141157412489 -0.0525472467482 0.120242000278
-0.153614362976 -0.026979823587 0.0998659919545
-0.167929154418 -0.0388864621164 0.166845650347
-0.134035226514 -0.02917297939 0.190955253672
-0.0439290131772 -0.0279906262248 0.20878982391
0.0254102888628 0.00535588310501 0.0886647599574
-0.100778069731 0.0642288344278 0.0568613619771
0.0084215920805 0.00096958000126 -0.0429522083937
0.000376066297799 0.121819530854 0.102976055476
0.0473148628401 -0.00442936113596 -0.00699313266101
0.0866035968514 -0.0525181297368 -0.095436114319
0.0740536467577 -0.0727256600608 -0.112559858178
0.123777208663 0.00105093565836 -0.0401258242698
0.0169005682797 0.0122550769295 -0.00122104876524
0.0595169461048 -0.0927873078316 -0.0889220954122
-0.212160170059 0.0404424697215 0.11651611585
0.0552317065925 -0.0368884110476 -0.0712340720249
0.0589387045543 -0.0404654072025 -0.0847525521221
-0.117918180251 0.0188127026847 0.0661216836437
-0.0613650718967 0.021753570217 0.053357705585
-0.00864695457817 -0.0229776013365 -0.0403357144016
-0.125351579989 0.00856553503132 0.0508613953578
0.0440212271106 -0.0276245993391 -0.0827772455662
0.01980008989 -0.0515270551018 -0.0943335002033
-0.0583029921892 -0.0158174820362 -0.0136451684547
0.0668575391632 -0.00826012126384 -0.00874198815473
0.109253434653 0.100919692334 0.0604005849521
0.0624641985086 -0.0797517280755 -0.0069927402902
-0.0225886699223 0.0652096961116 0.0226940405094
-0.018898333507 0.0861716578917 0.013735182908
0.0211230582451 0.023944310506 -0.0273303715843
0.0444451584766 -0.0112140851549 -0.0320110651416
0.0149651707553 -0.00587134222198 -0.0118890068749
-0.0102450501727 -0.0472908929953 -0.0290286722044
-0.0512553799374 -0.0603955389166 -0.0290027372042
-0.0273499642578 -0.0436360061338 -0.0312734063305
0.00618742224421 -0.0346129215274 -0.0430926994412
-0.0735312649562 -0.0374581584293 -0.0129034450213
-0.120548620533 -0.0787436269191 -0.021133366341
-0.129088429776 -0.113626525228 -0.025913373766
-0.0780782525717 0.00147959675565 -0.000911464413176
-0.0881965564831 0.0464342483628 0.0223313577823
-0.0895370977211 -0.000765250588135 0.0178456264856
-0.132423605005 0.0142371792103 0.110997159839
-0.145584857353 0.0685251460037 0.0198909849043
-0.0799637235093 -0.0906450038933 -0.0191592501952
-0.0296253733391 -0.107877208866 -0.0175607857357
-0.0638992341931 -0.151835622222 -0.0147945182764
0.0123909687354 -0.0223077437845 -0.0431866448825
0.00751725391526 -0.0135650976695 -0.0202134958364
-0.0854103879214 -0.0214975548414 -0.0143274617042
-0.091947430359 0.00841736135678 0.03421325624
-0.125518748724 -0.094793433468 -0.0163556991247
0.0183624776526 -0.0474535840202 -0.0338727311578
0.0124432879348 -0.0497663720046 -0.0407679635532
0.0159370308496 -0.0651675641793 -0.054354513387
0.0318556020738 -0.0519114354763 -0.0410483215891
0.0304816633097 -0.00919048307726 -0.0158131646297
0.0401380648314 -0.0301340811215 -0.0345316787628
0.0056593943065 -0.0414343560064 -0.0424830568158
0.00441993831641 -0.0377580865911 -0.0518086215643
-0.0113074592763 -0.034472767724 -0.051387877451
-0.0131285369246 -0.0602624206456 -0.0665827678834
-0.0426944162826 -0.056992117012 -0.0749579771899
-0.0563244697871 -0.0403681045446 -0.0305993908134
-0.0185155073547 -0.0492808414538 -0.0293208672327
-0.00684998732835 -0.0173469131913 0.000878289874798
0.0303195499929 -0.0128291206903 -0.0143034840321
-0.0223120385669 -0.0401052656871 -0.0522123722805
0.00356739020983 0.0112845807026 0.0312407446208
0.0312709717609 -0.0101428413511 0.00242028043528
-0.0471509119645 0.0541396998079 -0.0429352219458
0.00762766704809 -0.0399685785747 -0.0725514058496
-0.0835896257079 -0.0114053566258 -0.0126446728609
-0.176220800162 0.0152165884866 0.065123628334
-0.122098357959 0.00302207697271 0.0255817368828
-0.16025494548 0.0166394548956 0.0709252373196
-0.0922022490534 0.0288478299411 0.0641914711983
0.0246306207536 0.00299652399454 0.0194760368096
0.159839135273 -0.0270393801899 -0.0692223395841
0.078739248165 -0.023355303178 -0.0791413933288
0.173753465246 -0.0201148220229 -0.0998372984403
-0.0249436000156 -0.00317291101755 -0.0106352347921
0.0330678079865 -0.00245237165722 -0.0111731171527
0.0256220099466 -0.00330123063446 -0.0478080978698
0.0607802812441 -0.00318767700858 -0.0220468548476
0.0504173186362 -0.00859534119003 0.000996806089686
-0.147946693417 0.0254137932222 0.0777606104189
0.00686103331044 -0.0149235491034 -0.00423937798534
-0.0707993713166 0.0200933818088 0.0328150477544
-0.0160243824495 -0.0175111984211 -0.0196717637308
-0.0380311582785 -0.031484641372 -0.0478975298983
-0.190438974582 0.0348651163119 0.117953997931
-0.16536290717 0.0337746873157 0.114940344667
-0.0766006199033 0.0142729286816 0.0484291346691
0.0665527179148 -0.00464566289106 -0.0362319210083
0.0980278618689 0.00852166762887 -0.0497138377814
0.00860782192423 0.00466329586429 0.018915219298
0.143404000031 0.0376846025082 0.0178897337829
-0.0144991669703 -0.0110698302195 -0.0122717934516
0.0289732489273 -0.0592156200648 -0.0790643378748
-0.0328897634836 -0.0140274982855 -0.0171045499377
-0.0770302684338 0.0129458426534 0.0344182266663
0.0141223527924 -0.0092875282973 -0.0231713779751
0.0375862632746 0.0327333227953 -0.0566650771076
0.100136245582 -0.019798360856 -0.0139380101683
0.0564136789089 -0.00103471816696 -0.0678763861963
-0.0999082392634 0.0233797421646 0.0649442806011
0.129283271112 -0.032725000636 -0.0776289067962
-0.00834625646632 0.00390459498003 -0.0261191648163
0.0650450176346 0.0669724247334 0.0645075684581
0.00871334354586 -0.0455582650474 -0.0664458882197
0.0180424651358 0.00382714689374 -0.0133825465728
0.0428187138766 -0.00161500961056 -0.0379476050477
0.0378885055521 -0.0295154267213 -0.0945919445019
0.0490393358522 -0.0411504895729 -0.144661319719
0.0567307666589 -0.0407232100321 -0.0666510869597
0.102074592014 -0.0176870267025 -0.0445118704805
0.0927888333091 -0.0208103926607 -0.0467132390703
0.0023681463643 -0.0156628231109 -0.0127968380505
0.0536626947435 -0.0104166887622 -0.0370822881539
0.112940436033 0.00790325945471 -0.0366670562831
0.11824490149 0.0496035231779 0.0130148625425
0.0794995039729 0.046122585216 0.0464276614045
0.0493721055875 -0.00604385954897 0.00514463148727
0.134524560446 0.0469332634169 -0.00627652424219
-0.022794079781 0.0126313678129 0.00506590910919
0.0235430746149 -0.0123627265314 -0.0627871041847
-0.0175859928486 0.0124359764743 0.0192969043473
0.0381629666599 -0.00454857108148 -0.0333211664176
0.101536815611 -0.0149899275352 -0.0503301405828
0.0665183895958 -0.0281612522285 -0.106766821384
0.0658493707563 -0.0373269254337 -0.111246458899
-0.0609681733028 0.0229384952785 0.0657052780915
0.117346249659 -0.0191817393025 -0.0748408693666
0.0939301698534 0.00993521946455 -0.0434984524563
-0.0895535945127 0.022471841289 0.0467396787134
0.0385663687527 0.0191378183271 -0.0245642644469
-0.0174695319163 0.0109619347384 0.0505856628851
0.0605034049664 -0.00729326408121 0.0110886783623
0.123250273877 -0.0191076239017 -0.0293992718342
0.16086144316 -0.0271950511493 -0.0548565826472
0.108761019265 -0.0277005928822 -0.0520277847905
0.029149258678 -0.0040476540264 0.0185926373275
0.0670415735831 -0.0173387089799 -0.0227392175571
0.065393792805 -0.017337430821 -0.0551151624823
0.0239272511525 -0.0128879264563 -0.0528117702199
0.0285040461306 -0.00853315455493 -0.0425090261261
0.0421484602811 0.0439000099538 -0.013063683593
-0.0553948401358 0.143794059745 0.0344613062296
0.0344268117373 -0.0514905499731 -0.0527075660347
0.0623989827555 -0.0217961654684 0.0272255509123
-0.0734041976995 -0.0237889035309 0.0286316035568
-0.00515692294911 0.101622526892 0.0524860245219
0.0762744060317 0.13711522917 0.12280067409
0.0818749230127 -0.0180087362775 -0.0662540019852
0.0853843799196 -0.00349327771016 -0.0806149923027
0.0542652277849 -0.0260866848655 -0.0773995776132
-0.0576115034975 0.0435026048325 -0.0549507151572
0.106069545415 -0.0367639630829 -0.0698823042557
-0.0988593059505 0.0324654611896 0.0858285699335
-0.142495080583 0.0312080949046 0.0963798688271
0.0335635500968 -0.00208224945327 -0.0145220638383
-0.0940989348562 0.0153651932725 0.059495846549
-0.149944932761 0.0105496245573 0.0843282648008
-0.019417935425 -0.00752206458844 0.0320574683079
-0.128471800374 0.0333894809043 0.0989616816315
-0.0034297446183 -0.00429368457106 -0.00624021898308
-0.0278559691703 -0.00566786839131 -0.00567304894792
-0.0983032581056 0.0119443712452 0.0485917270168
-0.138956275358 0.023942077931 0.0959182868128
-0.110727911549 0.00383294558487 0.0441736160938
-0.0937814853732 0.00249173400619 0.0397720219241
-0.0603817804467 -0.0137947316833 0.00725254329564
-0.00777751454717 -0.0207329609159 -0.0236228800187
0.0179798010399 -0.0317508101806 -0.0651277915602
-0.0352090657663 -0.000817064923561 0.0073875592925
-0.0607240684614 0.0208528025813 0.0475701844109
-0.050746431097 0.0369223675355 0.0485761300423
0.00369555759878 0.0174396499542 -0.00899458291924
-0.0715182840798 0.0305650149263 0.0700751036161
-0.0607060611578 -0.00124477775726 0.0107646886942
-0.00865806134382 0.0313732147592 0.0239210482565
-0.0164793963743 -0.0274213267132 -0.0587356881095
0.0353656712248 -0.0361855601996 -0.0901446983252
-0.0808014341831 0.00334085491182 0.0233039177781
-0.11349287019 -0.00866040046453 0.0270205407104
-0.0462799457738 -0.00482521852825 -0.00789742573027
0.0868209519482 0.111278667308 0.0781917714421
0.0450600359195 0.119269694754 0.0990821749009
-0.0163299092605 0.061450872335 0.0762051073181
0.000613618133069 0.00569793392916 -0.0193878433832
0.0549163249392 0.0225932311511 -0.0572553364152
-0.0544796633059 0.0153508089295 0.0426377545354
0.016443900293 -0.0187425131649 -0.0393802224624
0.0679245267288 -0.00369226707393 -0.0505342411523
-0.0431903499872 0.0148343080978 0.00875112200565
-0.0947191259551 0.0171796678357 0.0347670553856
-0.127437272647 0.00327130868485 0.0539746885368
-0.0598121831929 0.0373702828096 0.045805978597
-0.0436659645525 0.0561213839895 0.0935021450872
-0.0782041930955 0.0152360836138 0.0794511486961
-0.0379892771097 0.0368019080319 -0.0195819891298
-0.0599061785358 0.127110997517 -0.0692446320149
0.0169596097399 0.262573283153 0.0482329787099
0.0115800455244 0.0638476809635 0.100233594935
0.0277688175198 0.114956624468 0.0964605608574
0.0349944939942 0.168476649533 0.0758291335045
0.00340090956283 0.202180581019 0.114511689122
0.0673483601855 0.229897552616 0.10972042196
-0.00673742972366 0.181241727856 -0.00321052058809
-0.136529326099 0.226698788383 0.00633605160442
0.0671031181473 0.17930010109 0.135912853344
0.0765654390738 0.0801780457509 0.105500263426
-0.0160212362504 0.107509747691 -0.0229927906247
-0.0470556244196 0.0649502144445 -0.0570751736252
-0.0929491202274 0.083743822967 -0.0717914990808
-0.0973460221423 0.0984219138558 -0.0330971074483
-0.0179378194882 0.0843693264734 -0.0142571493653
0.0170466552905 0.100212504541 0.0423860565946
-0.126635150759 0.154358481774 -0.0564300205393
0.0575294431255 0.132702136264 0.110101237369
0.00969270831364 0.146843842163 0.0855245271518
-0.0824674014578 0.21489909359 -0.0527848985448
-0.0954575486626 0.311550277767 0.0214816480963
0.0314063068727 -0.0243002772502 -0.00716152737897
-0.0577047620792 0.00587799333542 0.0167555437391
0.0571111671189 -0.0323291001799 -0.0765226432409
0.0271097250192 -0.0746101645612 -0.0845363530837
0.0139299435658 -0.0833952662654 -0.0769555813597
-0.0462758516667 -0.0391097504587 -0.0255373871939
-0.0512032515245 -0.012528589077 0.00215717780514
-0.0999231894516 -0.0164033886926 0.0230025008102
0.0450624644083 0.000741216603911 -0.0258818942496
0.10905594305 0.0310090686486 0.00105422619631
0.0140708152938 -0.0613782563617 -0.0116149268799
-0.00991885223354 -0.00144663883927 0.0549343753244
-0.0410371219968 0.00412645604261 0.0260745559293
0.048804827199 0.110373695344 0.0843827936183
-0.00542501216238 0.00855182823588 -0.00979896555469
-0.0801013197631 0.0133043210279 0.0477172062909
-0.130293216801 0.0293337909997 0.0802567908094
-0.0992656167544 0.0130147563403 0.0757486699965
-0.013961285192 0.0145673311384 0.0512422905382
0.0519626099583 0.00831688127256 0.0288835075222
0.131246559054 0.0249422507111 0.0249695605238
0.153222310719 0.0668318497662 0.0405420316681
-0.000654725950054 0.00395818888414 0.0442256579913
-0.0812145402925 0.0089498049032 0.0651215116057
-0.0767461339445 0.263309429144 0.0842685583879
-0.0783141037591 0.199073774923 0.0601873004336
0.0526344941496 -0.00512766124336 -0.000412441478263
-0.173174683212 0.130342318505 0.0976061364144
-0.165960380881 0.103207734224 0.0831278100287
-0.12073465561 0.0876134110688 0.0886361694024
-0.0685812620916 0.0520577910143 0.0599215463717
-0.00566929155976 0.000347131124172 0.0259943897478
-0.141044299128 0.0701811588715 0.0516634417186
-0.061492873949 0.0158421346477 0.0038853850009
-0.0127333382871 -0.00819335414891 -0.0144457571749
-0.0431459089585 0.00359108341341 0.0057198053234
-0.0176696509545 -0.00757283240896 0.00647590512815
0.00159555543754 -0.0186817623051 0.00243466121146
0.0294459843035 -0.033097284089 -0.0232319244653
0.00240979932548 -0.0268281064441 -0.0266469211873
-0.0894819043058 0.0367759884721 0.0419837879847
-0.00726053095844 -0.023905813365 -0.0264398115585
-0.0341946231593 -0.0240795219431 -0.0345601005304
-0.0673933395979 -0.0243230319962 -0.0342074661239
-0.0849100064198 -0.0128244914433 -0.011672843051
-0.0651593755057 -0.016169186689 -0.0271008851127
-0.0947429561588 0.0136253535436 0.0491133567024
-0.093748790473 0.0317637587936 0.0762837624611
-0.0739313761215 0.0366879169873 0.0757448272805
-0.093259614875 0.0192374731038 0.0512154932884
-0.10468525621 0.0951139850126 0.0719497423389
-0.0389555581698 0.063366372021 0.0237532009862
-0.073102354151 0.0918971638923 0.0539061292041
0.000262751654944 0.0191415777268 -0.0234223848331
-0.00700633786052 0.0186248712199 -0.0121308241207
-0.0362394524863 0.039692878517 0.0441717269518
-0.0129836575124 0.0126017212557 0.0205195442447
0.0382332074498 -0.0157021167618 0.00755602331004
0.0481970409087 -0.00865781893384 0.0179183513104
0.0729235996656 -0.0120490612941 -0.000946955219182
0.0130653270059 -0.0248480220241 -0.0188581801623
-0.0447430180694 -0.0222688180333 -0.000711890152311
-0.100811696873 -0.00734502154935 0.0241641371045
-0.108626370979 0.0624463339798 0.069475219757
-0.0751743116895 -0.0200003644477 0.00842166866464
0.0650328603479 -0.0519428809253 -0.151648787734
0.0480107187213 -0.0396902472319 -0.119194327797
-0.0167509410423 -0.0189496229006 -0.0143637243973
-0.0158331168582 -0.0164119041371 -0.0258784775023
0.0405930316451 -0.0273743727739 -0.050917676303
-0.0528058629037 0.00691570255849 -0.000910191957689
-0.034351732412 0.0032553672348 0.00448522457694
-0.0836546374389 0.0294855493767 0.0219140001623
-0.0704828851922 0.017803357703 0.0215318646301
-0.0114138610164 0.0104620742869 -0.000812769751496
0.00168421359093 0.0104450787767 -0.0246648895106
-0.0256233411672 -0.0069269073487 0.0170791938324
0.0506284252617 -0.0682610620451 0.0146876087988
0.0291868216887 -0.0447327649523 0.02009335597
0.0198344368563 -0.0251746801696 0.0177406927222
0.0734104205463 -0.0715410670172 0.0153630036096
0.0739136597785 -0.0623571547965 0.0125561184998
-0.0809490053142 0.0134060365734 0.0172307085216
0.0128446694208 -0.00703112262677 0.0111384249147
0.0310178697699 0.0842411864005 0.0702103402339
0.0311735350281 -0.0125286265625 -0.00298662851449
0.0389127984579 -0.0318305652716 -0.0087146063155
0.0727839470594 -0.0498192670328 -0.0627617380748
0.0715386008631 -0.0739114402328 -0.101533715148
0.0708217962232 -0.0696934399629 -0.0886419597976
0.0869284458379 -0.0660392484194 -0.0607731196053
0.0664215894929 -0.0587105920341 -0.065352785157
-0.140446694745 0.116487509491 -0.0113279249152
0.00242428056518 0.14852403975 0.110295190095
-0.0482545187406 0.117382399003 0.0897415103231
-0.0176683782321 0.103616912757 0.0742347059947
0.0209668314175 0.0496607441179 0.0415251137639
-0.049531504552 0.0942881152533 0.0906498700941
0.0201658779096 0.0478997564833 0.0285021590902
-0.115646468801 -0.00126254995596 0.0387978156655
-0.0406599854047 0.0206943331102 0.0111987251254
0.121570202237 0.0816054125422 0.0313142683449
0.139158274152 0.0736770863631 0.0278078199756
0.128139985459 0.0474641738851 -0.000136654572541
-0.00531814903567 -0.0383771455286 -0.0489566794814
-0.0294881109778 -0.0110269507799 -0.0212562971734
-0.0247300435276 0.00799333553818 0.0697358639099
-0.0171232013234 0.00540594434655 0.0126493215076
-0.0144224704213 0.0219065494684 -0.0105539619662
-0.00834645255975 0.034671571623 -0.000510675827269
0.00484255426982 0.0125529741842 -0.0320152517877
0.0578958979571 -0.0369809838174 -0.0389813523612
0.00780947727987 0.00294547974354 -0.0331936697619
0.0244614183187 -0.0146422335744 -0.0264858599208
0.0293153926514 -0.0203301440416 -0.0123938260119
0.0686418334788 -0.0501077961726 -0.0341126660139
-0.0305427684799 -0.0107693057889 0.0456430179017
0.0073731574258 -0.0208732783714 0.126683645158
-0.0444676870483 -0.0429830723943 0.164017524298
-0.0241336232139 -0.0386230128414 0.198176724795
0.0568942510595 0.0291135599567 0.0805480564168
0.0439483898267 -0.0960917296133 -0.0165039973088
-0.0725224448645 -0.0109464326091 0.0167578073693
0.106717915266 -0.027937915969 -0.118482912812
0.15466145918 -0.00590079377452 -0.0723191865853
0.00404053151961 -0.0338684642005 -0.0243629877938
-0.0593352308118 -0.0294986382274 0.0036432492221
-0.106318181544 0.00855192948531 0.0411372430681
0.0473997569229 -0.00630222438513 -0.0405375434818
-0.0106834854637 -0.0205200648322 -0.0227012647249
-0.0158957945834 -0.00384608869401 -0.0120504840292
-0.0112006046816 -0.00969651797568 -0.0109158639351
-0.0154763382728 0.00886048278758 -0.00432122854351
-0.0179191154478 0.016005219647 0.00332795408937
-0.0967876424499 0.0455085863985 0.0325820882592
-0.0913863684775 -0.0344265415171 0.0575085255131
-0.0279492974109 -0.0762703326512 0.0466674931599
-0.0425487215696 -0.0551437986831 0.0327040257822
-0.0749890874147 -0.00667694200176 -0.00410764779374
-0.0570561658715 -0.0112544569381 0.0161407045772
0.0111123202677 0.0350239585071 0.0466539234617
0.0298778065428 0.00295060575253 0.0259206301533
0.0625573687083 -0.0656707681692 -0.0178598447902
0.0846164039958 -0.0899120415911 -0.0369691926602
0.087696096291 -0.0857117819808 -0.0367891458463
0.0825644433363 -0.0758649337849 -0.0409292671898
0.0883841120131 -0.0854576131985 -0.0392609896858
0.0553865161621 -0.0426977005034 -0.0175131609253
0.0694097212791 -0.0509184611691 -0.0154449912105
0.0412544662644 0.000475777280903 0.0110337529042
0.043997786614 -0.00389144981271 0.0140778043805
0.0232726199228 0.0429461083908 0.0303201037911
0.0688344831274 -0.0858642846291 -0.0419185248272
0.0350273157672 -0.00125150339766 0.00703894649806
0.0406270872445 -0.0067202192447 -0.00500143923188
0.0116006930862 0.0124705250833 0.0101840373252
-0.0155562749683 0.0380376074749 -0.04907694913
-0.010854851147 0.00290547728481 -0.0613774432089
0.0344030496401 -0.0266911736165 -0.0685516100059
-0.0392007312551 0.00982033398261 -0.0751669642461
0.0691425030319 -0.0436592670465 -0.0586369695809
0.0719028016032 -0.0476362181259 -0.056160362436
-0.00697908233861 0.0261372891377 -0.0143220753519
-0.0274617825146 0.0296301225904 0.000949133115329
-0.0385258735949 0.0279953030033 0.0147577556585
-0.0341304270199 0.0420045587044 0.00508365783442
-0.015645134006 0.0403545997178 0.021952502525
0.109069334129 -0.128555835372 -0.00350812362387
0.116565488526 -0.13643197997 -0.0185091803529
0.135115242991 -0.154189326877 0.00982671368566
0.0297458349131 -0.0315078079668 -0.0148137376007
0.00194978918935 0.0268709302893 0.0202207069774
-0.00966719564963 0.0176139864912 0.0184700631809
0.0814536413896 -0.0615761242976 -0.0438091954419
-0.0936503949164 0.00638067039249 0.163013622348
-0.0615228140123 -0.0549956820351 -0.025223758722
-0.0708128092497 -0.0545149437906 -0.0182623226261
-0.0332395468127 0.0203045302655 0.0414660735931
0.0222351071199 -0.00381866218775 -0.00348644620084
0.0714138767848 -0.0216552101275 -0.0364290858253
0.0560386665521 -0.00657948408386 -0.0230246911116
0.0730790147041 -0.00601721487382 -0.034873943294
0.0571909585003 -0.00546371511747 -0.0328486993257
0.0315893639502 0.0189706800021 -0.000665572722193
0.0378448138565 -0.00938518352487 -0.0403077551582
0.0141717947537 -0.00235822782996 -0.0144202955076
-0.00838320455588 -0.0362232510878 -0.0323931561369
0.00161487680365 -0.0279211655656 -0.0310879054201
-0.161037783598 0.0366863287762 0.0884007408548
0.00234767339487 -0.0107158091511 0.182350002878
0.0502936500342 -0.0146174731919 0.148864154011
0.0674967251843 -0.069130621715 -0.098618803077
-0.0241510739324 0.0147261776955 -0.000752522322299
0.00782123391974 -0.0225533596259 -0.0145107226111
0.104776559713 -0.000433356974441 -0.0563766262493
0.0824682252545 0.00718183654754 -0.0352835499647
-0.0159691277976 -0.0313258515668 -0.0465382360082
-0.00654456931055 -0.0164993662594 -0.00590596172088
0.0541711483392 -0.0146301741049 -0.00477383938151
0.0342632237642 -0.0164043321697 0.00123204695252
0.0904881163751 0.0115537751131 -0.0419942554594
0.160863303335 -0.00816102769572 -0.078878929592
-0.00150335091262 0.0176190177496 0.0091574379692
-0.0706801575459 0.0233756407198 0.0523719608221
-0.0370169127087 0.0209025680653 0.014202124847
-0.129550214773 0.016964123498 0.053604515512
0.0312449501061 0.00760907640217 -0.00323199978247
0.0448079371494 -0.0272352474408 -0.104383556102
0.0746366157144 -0.00886798780121 0.00486397217471
-0.0155841465347 0.0215752599215 0.0215027516853
0.0500735095823 0.00162871259364 -0.00476468215248
-0.0679528286619 0.0944367153413 0.0700344643009
-0.01594097 0.0400459079405 0.0401833891947
0.0380923056394 -0.0357328864092 0.0303103300584
0.0707120769311 -0.00659870533506 -0.00747169354553
0.054956967862 -0.00928916108365 -0.0129842703819
-0.0656534806798 0.0965194437126 -0.0655496495855
-0.0675250280841 0.125215780801 -0.10803507705
-0.0553864262893 0.0556848112424 0.0746585677227
0.0854666159102 0.0236851725012 0.0218230483088
0.0887669751966 0.00451278639193 -0.0322839295952
0.111964226236 0.00937261716971 -0.0402971360194
-0.00963288995064 -0.0135380464328 -0.0151843336238
-0.0246855152077 -0.0163549622107 -0.0276590968945
-0.0353225787644 -0.0172540447985 -0.024420767787
-0.0248850591979 -0.0160530736676 -0.0232495744289
0.011152086434 -0.0140202531947 -0.0175325383353
0.0662791014679 -0.0129877848768 -0.00956863911444
0.115110383212 -0.0244569063689 -0.0328927679498
0.0375112025541 -0.0338733631864 -0.0211585124088
0.0274796900041 -0.00982827784876 0.00802654993195
-0.11600046847 0.0184849598591 0.0944239473323
-0.0479081854428 0.0444591652448 0.0662672613768
-0.0562280035578 0.0126793962646 0.0200817445516
-0.0155321232275 0.0361945658954 0.022844170539
-0.0266941288181 0.0246110064816 0.0116128616631
-0.0228599894748 0.0755612812104 0.0443685865434
-0.0317646844728 -0.0198982377552 0.0117526257916
-0.0409444141052 0.0185100442945 0.0138073182118
-0.0676178919207 -0.0369185490797 0.0571417237199
-0.0104763468485 -0.0346133887654 -0.00623672309356
0.126932173849 0.0665697899422 0.050754660321
-0.0443982992344 -0.0380502216516 -0.00771737737432
-0.0454587890793 -0.0134384457333 -0.00143936307471
0.0275215977139 -0.0400707221494 -0.106602111419
0.0141045429837 -0.0317998117558 -0.0727700622662
-0.023864683896 0.0818086003399 0.0154723746293
-0.0137849149303 0.0587408208642 0.0224039507756
0.000389598136152 -0.0117823988748 -0.0125301392943
0.0606545771859 -0.0223252660584 -0.065583303252
0.136699763586 -0.0344511934338 -0.0640582481361
0.0249616989389 0.0235786613047 0.0386491163573
0.0321655342597 -0.00799429630624 -0.0158515785729
0.068543127251 -0.0203635856653 -0.0361145650461
0.123135235866 -0.0517167392615 -0.0312510789343
-0.0217216472378 0.00143839411722 -0.00715752376075
-0.0257412406793 -0.00290764703691 0.0178370296928
0.0102252878475 0.055675403839 0.0247826703897
0.0388784835817 -0.0680174103188 0.00492576222115
0.0561444591506 -0.111307111202 0.010968445248
-0.0128232660687 0.0102961121869 0.0265837731217
0.0533200937838 -0.0630240673105 -0.0373141379418
-0.0319185762212 0.00600774469974 -0.00472182915286
0.0575284218269 -0.058244504308 -0.11142615295
0.0772741811261 -0.0785581807985 0.0222629312071
0.0258437021158 -0.0725859367643 -0.0701986385412
-0.0384906419166 0.0591611577727 0.0353387412093
-0.125044882759 0.0312415966361 0.0902066605243
-0.0658337601802 0.0983415545212 0.0458549981624
-0.0258053254917 0.0164912898211 0.00515748949679
0.114830081273 -0.042209824011 -0.0759583481581
-0.0298985358779 0.0151139491842 0.00971577634508
-0.108888072704 0.0284629277926 0.0460337541353
0.025232775681 -0.0323040621501 -0.0312664034656
