0.0570709077425 -0.00237692098257 -0.0146389298341
-0.0373358622943 0.0278804561365 0.00532881876671
-0.0393953937705 0.00899065287936 0.00619030637018
-0.00507948503759 0.00196249139496 -0.033525903501
0.0835500595451 -0.151119631227 -0.00347968604835
0.00721838778665 -0.0161373116631 -0.0196823602996
0.0490834345324 -0.0119854223394 0.040987728471
-0.0424556651367 0.0713776749915 0.00243081043621
0.0379554565678 0.00566003875026 -0.0311149220352
-0.0281472992295 -0.00361254962449 0.102589625304
-0.00823835483727 -0.0231968311949 -0.00112925438462
-0.0241079680422 0.0298644232474 0.04230862319
0.0155362209374 0.00533747149334 -0.0108465567724
-0.0337476499086 0.0636520387027 -0.0901378258799
-0.0177732541672 -0.00232498469051 -0.0104522998165
0.0144547179061 0.0192612463603 0.213259377504
-0.0206613908629 0.022277705031 -0.00425812840431
0.0302218532898 0.000167720273579 0.174230363264
0.018235120034 0.00706328093486 -0.0114528681779
-0.0216166885577 0.0177285256048 -0.00366373219126
-0.0301257568034 0.0357829290957 -0.057029713896
-0.0114902770456 0.00934624922616 -0.030343177363
0.0463394982273 -0.00498392584906 -0.0329675752147
-0.0170998713281 -0.0609738363054 -0.029905807077
-0.00579610178507 0.0107630541566 0.00840742572518
-0.0131470277862 -0.00371621126037 0.0581609683978
-0.00690041671237 0.00795575017791 -0.0386908754112
0.00564864905697 -0.00850045659403 -0.0513492627677
0.0563027147177 -0.0838346146248 -0.0418451009634
-0.0231640471774 0.0236421863186 0.0188470117807
-0.0174824255542 0.0129476456726 0.0635957364995
-0.0164323637623 0.0323578237935 0.166131671468
-0.0173245887258 0.0152716288935 -0.0202122070753
-0.0144694723892 0.0128976723533 -0.0335863727814
0.0184774167735 -0.0301864987299 -0.0199303373268
-0.0147728247141 0.00646707597805 -0.0182874253039
-0.0209027055334 -0.0186055122872 -0.0439665942881
-0.0355450406961 0.0400244292902 -0.0153427616621
-0.0228622883627 0.0115978269879 0.0197586606556
0.0573868957254 -0.0131440730415 0.139432585406
-0.0314408319803 -0.00137535400586 0.00774639741338
0.0759706782871 -0.060377041732 0.0210732156882
0.0254717548847 0.00280722826175 -0.0045523662604
0.00213957322777 -0.0089241541235 -0.0313304669714
0.0126771319405 -0.0029898981479 -0.0392816010258
-0.0162584973035 -0.00736647156631 -0.0394508741332
-0.00274917372886 0.0458998106482 0.0299898749471
-0.0158655786755 0.0138315892854 0.147873953715
-0.0240960187442 0.0323745969896 0.0100364571593
-0.0310039284562 0.0467577809536 0.0416439656137
0.00267298168257 -0.00954053838629 -0.0508918379122
0.030527239386 -0.00305296951409 -0.0473534729405
0.072854054634 0.0279658222127 -0.0114878654154
-0.00608269174732 0.0375234029407 0.149487376264
0.0361699517051 -0.0210485842144 -0.0107495198653
0.108811526403 -0.159923997722 -0.039099187172
-0.037004212095 0.0522618262535 0.0479731072497
0.0805522886383 -0.123064769522 -0.00354684386876
-0.0367590241417 0.0384340174668 0.00851872154407
0.0335516967397 -0.0691866315513 -0.00576340761418
-0.0511638630335 0.0605519508887 -0.0127936105958
-0.0537612261751 0.0722451365881 -0.0546025921617
-0.0416533634876 0.0572692465728 0.0944119654249
-0.0190071401957 0.0206886045381 -0.0218823324786
-0.0224138797137 0.0273781242185 -0.0259244835331
-0.0250217780979 0.0269897248005 -0.0409166799561
0.000133432202645 -0.00104789755717 -0.0489709054314
0.0235895081365 -0.0307358197286 -0.0620441686128
0.0347677559747 -0.0491864668576 -0.0268543684895
0.0797490900816 -0.104604048707 -0.0476740807477
-0.00297229343305 -0.0175697315772 -0.0573415635113
-0.0354136235549 -0.0207700589895 -0.0124433477263
-0.0235002289455 -0.0158431817428 0.0103629610708
0.0350698080046 -0.0336198658829 -0.0215572869938
-0.0226272460371 0.0205694982708 0.0470840698927
-0.0260018957752 0.0267259523599 0.111915864468
-0.0170753215244 0.0160577548776 0.00612865424281
0.0363330916769 0.0239474414488 0.00771119187862
-0.00638184662412 -0.0165705841613 0.00206181329504
0.0675563954244 0.0480333117596 0.0217865072535
0.0692815721347 -0.0458764340069 0.0224002502392
-0.0148552426175 0.0203478175534 -0.0229029065104
-0.038424786394 0.00528250776854 -0.0237086240663
-0.00158886365865 0.0629555714217 -0.0545587410289
0.000219577334603 -0.00518573139963 -0.0331288297027
-0.0371273979477 0.0041242695756 0.0143266425953
0.0145521125087 -0.0706041695091 0.00778177201506
0.0117636619155 -0.0552444464444 0.0144013454106
-0.0122649021791 -0.0163639278057 0.0143351277067
-0.0402566183469 0.0788960852309 0.0272563156772
0.0221905646883 0.0121124985786 0.0070629099854
0.0580209154185 -0.0477518149322 -0.0404313117501
-0.024175697328 -0.0112581266079 -0.0141432369312
-0.0949306903202 0.0539411917633 0.0427804317411
-0.0171769590463 0.0303720458385 -0.00654152495688
0.0349739158091 -0.0154876953349 -0.0203207622628
0.0449021454307 -0.0341873396798 -0.02705793981
0.022814658199 -0.0212009297291 -0.0103531969525
0.0870925326442 -0.00116863465779 -0.0029593632008
0.000654629023129 0.0100285065441 0.180954543651
0.0095727874982 -0.0183326531985 0.0888619722163
0.0371774000148 -0.0514129493776 0.00326809047499
0.0550226705209 -0.039228304333 0.0741959294233
0.0585084538152 0.0136619082696 -0.0290911753142
0.0373953290085 0.0386332315944 -0.00708771448049
-0.138538601297 0.0451639822562 0.0219776425228
-0.158097519319 0.0720860397587 0.0387733850426
-0.0303104945074 0.0438094546838 0.0193909704599
0.129275573666 -0.128110175899 -0.0237832281882
0.0748074824261 0.0482132560935 0.0103174512914
0.0292208541418 0.0567901374212 0.0211164612951
0.0351827091669 0.0311634558456 0.00153374366182
-0.0117231264012 0.0313463289944 0.000645167606284
0.0094041986226 0.00520004721879 -0.000930217744277
0.0187258338754 -0.0438867672409 -0.0213292391704
0.0111075197219 -0.0278696012722 -0.0135740954461
0.0416929286379 0.0075132407603 -0.0141765337221
0.0164366133952 0.00289540840365 0.0100101892684
-0.0517888166601 0.0164038581391 0.00866979329562
-0.0536185267295 0.0209118131323 0.0436250494778
-0.0329238601953 -0.0346968855328 -0.0101804372867
0.0641406759698 0.0332352628977 0.0137697500729
0.0310611244805 0.00816114742079 0.00416573401505
0.0209482370039 0.00934002974773 0.0113141079944
0.00505944874875 -0.00124385744128 0.00614932136046
0.0104543460771 -0.0225452404563 -0.00760485890071
-0.0444319414659 -0.0271172489413 -0.0011334156114
-0.0613144513803 -0.0281209744201 -0.0049736792587
-0.0125746825332 0.010992935297 0.00311368401421
0.0386510255045 0.0168043191797 0.0203148039631
0.0371580160806 -0.0332133729162 -0.0253298784458
0.00932318276948 -0.0280460597729 -0.0215550110167
0.0107276291065 -0.0123822449771 -0.0271849908075
0.0149242800577 -0.00169047293646 -0.0132562897278
0.0310832558793 0.0278151297139 0.0588992770835
0.0526931634164 0.0197475525264 -0.000680974388371
0.0864027688648 -0.0124572603604 -0.0616286812053
0.0250446952565 -0.00450281102565 -0.0154198823315
0.0328127923147 -0.0268463483141 -0.0217185370917
-0.0153403115714 0.0309422028714 0.0439860019571
-0.0368091153455 0.0155783000054 -0.00435432520151
0.0544444132445 -0.0326684052341 -0.0281824879892
0.00655627189361 0.0196230295319 0.000772685498425
-0.0118918989367 0.0326501243113 -0.00136367069806
0.051643829616 0.0140167309878 -0.0241629853534
0.0381489061089 0.0236024208646 -0.0123385889294
-0.0163364395416 0.00303832593227 0.027133879188
0.0420957125689 -0.0539165970264 -0.00441488066762
0.00678838529533 0.0196495284555 0.0166569050495
0.0178841282996 0.0407643100403 0.0347223551269
0.0795599792314 -0.00395821301703 -0.0327858129201
0.0419928815434 0.00291394851825 -0.015741757456
0.0986202677365 0.00962335598651 -0.00213390649285
-0.0868743467459 0.0307230644993 0.098722082308
0.0756478116198 -0.0763943006301 -0.040787264653
0.00268280726744 0.057649380271 -0.0664356924036
0.00647669744806 0.05795462558 -0.0355142645348
0.123383030997 -0.137809945061 -0.023669713901
0.143826101428 -0.191416291842 -0.0273481400831
0.0896414364236 -0.049417064828 -0.00469129822495
0.0379477879537 -0.0231713304556 -0.0131055551999
0.0194145286143 0.0247835240549 -0.0103372503751
-0.0546434428369 0.014624334339 0.0105012223446
0.110349485451 -0.183152557342 -0.018450474475
-0.0245999292332 0.0227287833838 0.0169000887454
-0.0210843558422 0.0431894398692 -0.00663997825441
-0.0815991884915 0.0360658207818 0.00994207874345
-0.110202161087 0.0388159559977 0.0258243945517
-0.153393167355 0.0555159232937 0.0386413641266
-0.11265637645 0.0763858447655 0.0520354837935
-0.172230373575 0.0677124514536 0.0431829555528
-0.124435321827 0.0417088860137 0.0236961821474
-0.0129686488857 -0.0154090707298 0.00345764772765
-0.104566824971 0.0369089869069 0.0173073788582
-0.104292484563 0.0658066943143 0.0294672797629
-0.0416573483618 0.058412588768 0.0325319489359
0.0609919571076 -0.0115426451456 -0.000317509730207
0.0112935658929 -0.0131008738656 -0.00795249554632
0.0254071587048 0.017918376605 0.0141483877951
0.0288026824432 0.0301887698292 0.0218029935649
0.111027201723 -0.0354810883961 -0.0220234416112
0.100985510974 -0.0484260211067 -0.0423233668633
0.0172569802508 -0.0294189264765 -0.0380538830702
0.0213323899279 0.00492002877937 0.00285078338645
0.0294496344376 -0.026380608501 -0.0115186574382
0.0296071246372 0.025455728113 0.0190496670106
-0.0159126776248 0.00223903995399 -0.000720847608924
-0.0581235022373 0.043283111154 0.0149455854439
0.0601931983234 -0.0331181967165 -0.0338582505616
-0.0370879949433 0.0716424482271 0.0461451928926
0.079659055397 -0.109289997014 -0.0322905869141
-0.0272006631143 0.0268982286098 0.0205037642145
-0.0857913112988 0.0439421381355 0.0470693410059
-0.0736395640079 0.0272745307768 -0.00190770036041
0.0104575122997 -0.0168155765945 -0.00770783343712
-0.109018337634 0.0331997058088 0.0177963317116
0.0416973074573 -0.0142850649711 -0.012654638512
0.0198079494263 0.0278484688579 -0.0377364126705
0.00659259524821 0.0638521276011 -0.0581225518949
0.0321000972103 0.0146345663919 -0.0222903990632
0.0153342305009 0.0240962017859 0.0181513841231
0.0210902238374 0.00951993360724 0.121372170895
0.073851807654 -0.0363889098164 0.096425756778
-0.105025031446 0.0785834232824 0.0473614971122
0.00241123011732 0.0032914751197 0.00391464966182
-0.0368419937948 -0.0344846880527 -0.00640411668112
-0.00796760224207 -0.0113833030687 -0.000338381227399
-0.0161512404785 0.02905929024 0.0299498424934
-0.0102003107323 0.00735045362432 0.00338012778541
0.012798717809 0.0252428922192 0.0255714044825
-0.0340392111621 0.00809511278397 0.0135222481611
-0.0338204104357 -0.0550634295724 -0.0447066404264
-0.110085428401 0.0166507105465 0.0538122431048
-0.027592722434 -0.0254380270651 -0.0465836657698
0.00958259046728 -0.0138285347378 -0.0112387612632
-0.0815135817126 -0.00120357517665 -0.00242885689481
0.0403676947484 -0.0030970070126 -0.0692078214042
-0.0466455790672 -0.00941335669651 0.00813503583436
-0.00817071638334 -0.025973016049 -0.0181696007152
-0.0193460701889 0.00999670779254 0.004558608873
-0.0419610531994 0.0257563183137 0.0233384306405
-0.0807413186397 0.0281659287984 0.0580501084725
-0.0584107881215 0.0350049796784 0.0538833578515
0.0505670150176 0.00773645257861 0.00411218726318
0.117897598329 -0.175969723275 -0.0244082104569
-0.0519663003131 0.0715116154695 0.0448465394395
-0.0447699008532 0.0600119551111 0.0276485335679
-0.0249679797939 0.0605157384289 0.000733460795575
0.0099762438442 0.0347147460511 -0.00939677740159
-0.0529332744328 0.0850855629105 0.0597780113447
-0.0339743410681 0.0679599071431 0.0572449410377
0.0065183503237 0.039502472945 0.034326146047
0.0536313880238 0.0184569972189 0.0162319621403
0.0930299163328 -0.0137794308139 -0.010949598233
-0.0143127449877 0.0336950098668 0.0339134451385
0.0175844946328 -0.00943529786717 0.0030809053675
0.0224135439722 -0.0054368454328 -0.0067607236337
-0.00180190651111 0.00694886979428 0.0260599237469
0.00809173489291 -0.0234688270753 0.0163811869499
0.0517082169951 -0.0945752129384 -0.0130328959687
-0.027020178535 0.0681134363618 -0.0251332307596
-0.0336232772851 0.0887777751301 -0.0812869723567
0.00264372756518 0.00134254947551 -0.00205658101341
0.00277862577624 -0.0076798873244 -0.00800399395292
0.0507428441256 -0.0572114610508 -0.0268408046834
-0.0035890062481 0.00516722448956 -0.0210279304068
0.0247263150433 0.0125337914715 -0.0140933966922
-0.0232668660545 0.00355257825885 0.0132878779828
-0.00869282707275 0.0114676815674 0.0141201780153
0.0385965614723 -0.0473999144916 -0.0168476449002
-0.0349203424234 0.0730472193461 0.0563102300624
-0.0101139672643 0.0477455344362 0.0353706751767
-0.0377196699289 0.0532409047925 0.0371635869448
-0.026510223173 0.0534213188724 0.026603997651
-0.0357057602238 0.0743497006386 0.0350692591559
-0.0111613242049 0.0496631248982 0.0116680210324
0.0407259704494 0.0171288141388 0.0131257806927
0.072761580075 -0.016837797446 -0.0155850485525
0.0363318303681 -0.0184852485092 -0.020942805735
-0.0269573091417 0.032362672601 0.0251765922152
-0.0403551737566 0.0221705461486 0.0212857841029
-0.020602927538 0.00707789879643 0.0117749584583
-0.0022510663666 0.00729061312117 0.00563282509251
0.0308766048905 -0.0151409542334 -0.0151427175177
0.0339357090142 -0.00075142627037 -0.0198774036911
0.0038815711144 0.00616892575591 0.00175293942667
-0.029032681108 -0.00065330503163 -0.0126822063456
-0.0636965964647 0.0240253726176 0.0185234792444
0.0354583970175 -0.0211825155033 -0.0604034922663
-0.045922379095 0.0313048143842 0.0440399585893
-0.0743392049983 0.0281694532056 0.0626604282674
-0.092099502332 0.0153709524871 0.058626401688
-0.0937348653906 0.0254476416017 0.0784433365644
-0.106422200972 0.0151850089161 0.0627721464341
-0.0997400952235 0.0283422804492 0.0545075646462
-0.0424180797551 0.0227317319697 -0.00892987077031
0.101598713382 -0.013696688661 0.0660856218143
0.0784499049169 -0.00290680159456 -0.0909227583043
0.0941674191568 -0.00900135933593 -0.0479542237732
-0.0796651787863 0.0376785418357 0.0920162839819
-0.0649231919077 0.0314131866025 0.0795488288061
-0.000762369086414 0.0145395730706 0.0638890837231
-0.0258913884734 0.0312679564708 0.0687999820641
-0.0417724355778 0.0268807449527 0.021936431317
-0.0774485266258 0.00797327669296 0.0328655937307
-0.0770366516556 0.0266338443635 0.0428808206843
-0.0914813280854 0.0249769017575 0.0805635973671
-0.0704081313746 0.0245819209659 0.0289237211868
-0.0652889453431 0.0263784068874 0.0366163892212
-0.0938219819673 0.00316394874203 0.0114708359901
-0.10891757236 0.0210981528737 0.0219931590887
-0.0613478617207 -0.00532581450984 -0.00525590495695
-0.0165080359847 -0.00626188596778 -0.0211338802729
0.0143562197956 -0.00768888300881 -0.0387965814148
-0.00855821358144 -0.00465204020946 -0.00788780512882
0.033237722235 0.0117893248613 0.0119471660178
-0.0531735990388 -0.0159865910925 -0.0231197671298
-0.0472899262309 -0.0369460769263 -0.0347418865829
-0.0654460386586 -0.0114379169032 -0.00679668706637
-0.0825020663449 0.0189838826892 0.023295681208
-0.048191057838 0.0292661117176 0.0386063902996
-0.0297558088052 0.035059431833 0.0788152912766
-0.00590138850197 0.0271596307398 0.0158761079267
-0.0174230878292 0.0225367445604 0.0643582647793
0.0384627060505 -0.025277852261 -0.0266008889754
0.044563722632 0.0135106421203 0.0992797744229
0.0869221182432 0.00230759919267 0.0152941199892
-0.0376227396099 0.0270812897755 0.0815350918468
-0.034504314614 -0.0307846455472 -0.0510002900418
-0.0536508560282 0.0237576077303 0.0807829467642
-0.00812713326179 0.0241084130075 0.0801370325747
0.0640990135787 0.0177065785075 0.0562810686686
0.0996173081655 0.0009831640479 -0.00190581697798
-0.0180996954866 0.0283078802245 0.0347829096729
0.00573194018958 0.0249353025428 0.0263444880885
-0.00153450313706 0.0142136795028 0.017126663685
-0.0435700971135 0.015696715502 0.00275503692533
-0.0217133128692 0.0235164213205 0.0346856674843
0.00730636591414 0.0163839708057 0.0122066921342
0.030097786553 0.016972924579 0.0165813474728
0.0126601649005 0.0120605651322 0.0208655376165
0.019691680056 0.0171294630668 0.0105156822794
0.0402648573481 0.0167485639905 0.00618985048276
-0.0559809972712 0.0165473611222 0.0423606439697
0.0155062725819 0.00499808539796 0.016988393853
-0.0563867551932 0.0184940560525 0.0129281747385
0.0024197966627 0.0044479073401 -0.0306964836907
0.0345643569795 -0.000276442687054 -0.0452837989687
0.0660817313503 -0.00477449301456 -0.0574935104345
0.106411686283 -0.00401317225687 -0.0643147403881
-0.0901598745812 0.0322097113145 0.0279345775557
0.0726524332085 0.00034539876266 -0.0834227350917
0.093380898214 0.00253567713847 -0.047967863773
0.0252641579536 -0.0118108872684 -0.0304706627516
0.0913816691793 -0.00678307938458 0.0157851494965
-0.0742228666417 0.0364433157871 0.0182550488085
-0.0300901966694 0.0274036121718 -0.0026017845175
0.0231417920733 0.0105748184775 -0.0151470149834
0.0638429343383 0.0031358675398 0.0172943875094
0.0220609790427 0.022693904871 0.0532091699518
-0.0520627270925 0.0379368808688 0.0242318046407
-0.0248312111712 0.0346655658234 0.0398004375813
-0.0153636461632 0.029857233635 0.0563682657531
-0.0343800673285 0.0148100630817 0.0391909688055
-0.0300586395286 -0.00613198082038 0.0297093139402
-0.0353323541944 0.0245341969704 0.0683299481356
-0.121428187523 0.0996603716723 0.081758447189
-0.0373044179755 -0.0399670240049 -0.00991980678379
-0.0133279636461 -0.0299291392874 0.00311926627317
-0.00719168028741 -0.0450486364451 -0.0432484532163
0.0717494880578 0.0830057366299 -0.0474170332007
0.0485420151488 0.0893085259745 0.0395540752615
0.0175681994786 0.0230512381141 0.066178801752
0.00638245183028 0.0280154605027 0.0902752863831
0.03934264545 -0.0020752590379 0.0629600590582
-0.0375092929084 0.0502196451733 -0.0209949322956
0.0983942467588 -0.0187907282844 0.0833381944516
-0.103081658001 0.0395673233339 0.0448103316117
-0.0999625192939 0.021640291611 0.0203180473779
0.0611355750263 -0.000370545528112 -0.0892466535905
0.0537576266989 -0.0111605711674 -0.0738452557105
0.0407692464638 -0.0168869656138 -0.0428938300476
0.0403230005768 3.71125489298e-05 -0.00596008388792
0.0283745169421 -0.0063755156517 -0.0400529330684
0.0637395400957 -0.00628091881755 -0.0891738388981
0.0810689793284 -0.0103411591103 -0.0776195257973
0.0762926348746 -0.0134022888252 -0.0610416701951
0.0412216683476 -0.012326678102 -0.0481787787548
0.0737669900234 -0.0160436433672 -0.0504618947303
0.0682978131569 -0.00973906136612 -0.0300076892264
0.0687769350369 -0.0109501858668 -0.041479093241
0.0879936451084 0.00402784313029 -0.0198849111847
0.0915536025828 0.0270658726656 0.0320689370685
0.0863803241159 0.0115529180318 -0.0142833418337
0.040811272349 0.0074302111504 -0.0250507897327
0.0277960557569 0.00527854254041 -0.0228128081746
0.0177685010752 0.0024871130591 -0.0285152702026
0.0295677439889 0.0135155804969 -0.00695335745608
0.0230131607561 0.0284599066312 0.0302031154315
0.0240841245028 -0.00758267406473 -0.0208099756761
0.0446726244521 0.0362594784358 0.0614269946298
0.123701789125 -0.000493434780254 -0.0373316549663
0.0449657148275 -0.000287552192222 -0.0320628846028
0.0451716379182 -0.00771427832372 -0.0308036250258
0.0462702347814 0.00411848489365 -0.0282471414258
0.0322636569749 0.00102365963455 0.00662584640249
-0.00849892889319 -0.0132990498064 0.00699296745046
-0.0468238430971 -0.00656168895075 0.0114592378629
0.0336850591681 0.00859461277626 -0.0281650398702
-0.0206747973472 0.0297095927468 0.0773171956722
0.0528818519426 -0.00545011033148 -0.0806176421026
5.82494020299e-05 0.0322778555385 0.0526387269319
0.112682012718 -0.0151448925856 0.0586273602041
0.0594294757964 -0.0086020633016 0.00619181676687
0.0313256488127 -0.0222556456447 -0.0139880282846
0.00514924939757 -0.041281699082 -0.0287037766532
0.0599555594305 0.0105407666422 -0.0243556294956
0.0622077794119 0.011144228295 -0.0384697594449
0.0301996883082 -0.0320531467875 -0.0405390520817
0.0529920203385 0.0471095316447 -0.0445665846675
-0.00524002729935 0.137001094224 -0.095422912228
0.0336124234132 0.221704354219 0.00947196809906
0.0620664599227 0.0189527491936 -0.0299815408119
0.0836720416924 0.0742151149798 -0.0271747100886
0.0544662419412 0.133432954416 -0.00379718300042
-0.0761094180407 0.145783685382 0.130905265373
0.0516824015469 0.178387694214 0.0554327325942
0.0341437620763 0.168643744529 -0.0524344272631
-0.135261331148 0.189448488531 0.0163513505819
-0.0168972327373 0.127983299474 0.123551827253
-0.00596390861305 0.0396453271003 0.0677517327918
0.0616095680147 0.115882131749 -0.0822239878625
0.0248876808306 0.0849121713533 -0.0810326731536
-0.0587537052387 0.0910673280865 -0.0683213136116
-0.121110593195 0.0784988197712 0.0142485469504
-0.0857704509349 0.057840258856 0.0735688114774
-0.0657699630543 0.056846662392 0.087113827142
-0.10220936971 0.142835613776 -0.0573516230929
-0.0524496627429 0.0817917355429 0.125993247314
-0.0815680803248 0.0927685541747 0.113356848144
-0.0380800706973 0.199539873461 -0.0737093682506
-0.0651144046194 0.264265278158 0.010808907918
0.0338412171684 0.0132083472384 0.00652728202283
-0.0538356513187 0.016319588534 0.0395873926083
-0.0157798389194 -0.0244879938615 -0.0551840060007
-0.0379034890354 -0.0470700719738 -0.0616792805975
-0.035012109799 -0.0524573032002 -0.0673959532287
-0.0319601621014 -0.0355931798752 -0.0399712907648
-0.0261673137098 -0.0197094571238 -0.0133701671261
-0.0190649896964 -0.0376370647423 -0.0256700709891
-0.0173748322775 -0.00473835611593 -0.0121894929406
0.010602384596 0.00873823933339 0.00571795926129
-0.0188684213728 -0.0528046774131 -0.0485746292614
0.0188122882263 -0.0263838217043 -0.0421695378273
-0.0439652633355 -0.00364597641107 -0.00176805102951
0.00087250334417 -0.021366997805 -0.00464429461856
-0.0503110521244 0.0179146107471 0.066239765292
-0.00841620444071 -0.00996192424064 -0.00826662944688
0.0104647853177 -0.0114688704127 -0.0305844261421
-0.0112080296474 -0.0128800300952 -0.0274568502742
0.00869915206002 -0.00140686334388 -0.00734204300622
0.0204332610819 0.00290350896429 -3.46246925886e-05
0.0467591460105 0.0127447810378 0.015406271685
0.0482951059033 0.0135274517302 0.0154133360729
0.032471427505 -1.85081176467e-05 -0.00453857508496
0.0477789562226 -0.00783488586542 -0.0215675773555
-0.112314038492 0.209924017321 0.105037141628
-0.132642628522 0.149760125551 0.092142351476
-0.0274176901268 -0.0192791442928 0.0267608719467
0.0301409985336 0.0231565453756 0.0152700202413
0.0738829274023 -0.0105606511336 -0.0035199169155
0.061420440356 -0.036489580229 -0.023204554279
0.0277669275696 -0.0285305016047 -0.0218299303634
0.0110121425161 -0.0241480110407 -0.0306920427124
0.0655094739004 0.00726326060376 0.00565333897789
0.0992675586565 -0.0133049799155 -0.01031039236
0.115156454421 -0.0336298933629 -0.0278977525472
0.111716678575 -0.0502114046486 -0.0387968133497
0.0797927932113 -0.0541106201255 -0.0474655411274
0.0381862436308 -0.0426338451368 -0.0462798290318
-0.00762069360251 -0.0114797828294 -0.0292034655643
0.061583586713 -0.043538154564 -0.0437099820525
0.0925550098287 -0.0471997364559 -0.0326853553382
-0.0263355166794 -0.00359021615227 -0.0175528484599
-0.0164783637885 -0.00691571749001 -0.0143151726121
-0.0313554772557 0.00482271547479 0.00540929610915
-0.0300522447059 0.00898599991723 0.0146713668675
-0.0339014762346 0.0199306815252 0.0253086128936
-0.00403903863643 -0.00390299990848 0.00183742330645
0.00660813454455 -0.000186780162232 -0.00176781394497
0.0154801153983 -0.0185005866262 -0.0130016625116
0.0184751159647 0.0174136883221 0.0156392458772
0.0471606587777 -0.0235392377822 -0.00930756554077
0.0297725390208 -0.0204986146423 -0.0107887621846
0.0430316979309 -0.0126715043464 -0.00556300506115
0.00336740909599 -0.0128144539186 -0.0114970203174
-0.0213723171081 0.00116184692391 -0.0038272658552
-0.0197327700356 -0.0105529085933 -0.0154928124904
-0.0478879316959 0.00442786541092 -0.00757658997338
-0.0195157362666 0.000473753924069 -0.0171451060961
-0.0509469572238 0.0155665935813 -0.00152007414329
-0.0508998491243 0.0305968775024 0.0238836143022
-0.00094266329146 -0.0291544384084 -0.0107837350369
-0.0163082949571 -0.0272026414487 -0.00233262317753
-0.0415871615105 -0.0311986328138 -0.000771813321024
-0.0817856046889 -0.0402898690324 -0.00435945580814
-0.00771931591256 -0.0169429727323 0.000679276134239
0.131631761224 0.00665939243554 -0.0087081226505
0.0874716619571 0.00956834340479 0.0222295045831
0.011908856075 -0.00221378064684 -0.00870794746286
0.010911982799 0.00871844815469 -0.0134029187301
0.0181778077612 0.0192712462617 -0.0244958434267
-0.0147602210428 0.0199884166441 -0.00123231209067
-0.0373184947451 0.0247924433669 0.00410864342795
-0.0235028571855 0.0200981092015 0.0127619765594
0.00300991006855 0.0177027505711 0.00922902791893
-0.0401738849027 0.0268233301219 0.00247508366231
-0.0253093271336 0.043508573087 -0.00709137909982
-0.0372614295001 0.0138941148267 0.0142129320766
-0.0261492559133 -0.0134581337433 0.0133848860258
-0.0199584981382 0.00249618351063 0.00588543535912
0.0092105622731 0.0132744855646 -0.01074610304
-0.000906781426172 -0.00203791088471 -0.0132171562121
0.00820557839497 -0.00263835241509 -0.0166104439207
0.0137915813374 0.0115357270276 0.0126953357233
-0.0272243375043 -0.00773804652728 0.0113059792725
-0.0083427716746 -0.040426391294 -0.0168299324887
-0.00682311739399 -0.0334393707646 -0.0143728598119
0.00679677644902 -0.0487422676735 -0.0232043382977
-0.00100695294942 -0.0129519652344 -0.00479082612278
0.00180409051371 -0.0116696837074 -0.00945476335919
0.0155301270953 -0.0252175444251 -0.0162645931288
0.0247354299844 -0.03570634638 -0.0167435660157
0.0293395054063 -0.0288239643228 -0.016277496027
-0.047673485461 0.0839522348414 -0.067299000159
-0.0295659110276 -0.0563635458947 -0.0259550730255
-0.0653885343786 -0.054031935034 -0.0187367406711
-0.020398025652 -0.0574242866159 -0.0307922656627
0.0265180608014 -0.0233984786594 -0.0172404988351
-0.0642761803874 -0.0415915422371 -0.0084046571268
0.0475829985162 0.0234154610789 0.00677732724895
0.0653854584901 -0.0137415685105 -0.0394873580176
-0.0266082933773 -0.0172278439173 0.0297064545067
0.0561039981406 0.00935021404508 -0.0046846815647
0.050138988943 0.00867652122284 -0.00255453165048
0.0298564243834 0.00531017300463 -0.00992459816494
-0.0540421295083 -0.0249642550872 -0.0124351536969
-0.0651195385872 0.00197255035107 0.0137474540736
0.0784844706892 -0.0447198801976 0.0457231897145
0.0434238651994 -0.0408176501898 0.0100528111042
0.0485918163056 -0.0504177715217 0.00293386187967
0.0610536126363 -0.0621032349487 0.00566195526452
0.0340742439243 -0.0385262229549 -0.0151613489918
0.0168299581554 0.00640454292536 -0.0146416840098
0.00839243886349 -0.0251338075332 -0.00734366107589
-0.0474900850139 0.00265642242697 -0.000778786589816
-0.0828345476273 0.0394109567404 0.0118309899848
-0.0432808777588 0.0295763553137 1.08171145431e-05
0.043753536162 -0.033641072593 0.0132125809666
0.0769880711135 -0.0410990350108 0.0765674915491
0.0696273908296 -0.0396543832632 0.0497887328133
0.0521527990723 -0.0192310798259 0.106467655502
0.0205602568724 0.00242276628666 0.00022564508481
-0.00986565380179 0.000817050059588 -0.0024001421377
0.000308045137911 -0.00853600904554 0.000532124715747
0.084066191391 -0.00725406152722 -0.0800698092635
0.107597228948 -0.00764678180292 0.0178811255605
-0.0170719528761 -0.027800447002 -0.0141546999093
-0.0428013800072 -0.0296767379814 -0.0104619031659
-0.0634582674706 -0.0337802690326 -0.00283529211745
0.0123491996153 0.0319001840804 -0.0204471630603
0.0682516990167 0.0109050210071 0.00775724187393
0.0414971748969 0.0233839333111 0.0160751926312
-0.0173754766028 0.0376172658247 0.0281436797193
-0.00410022547978 0.0409514569035 0.0297357119479
-0.0494169463252 0.0573452826685 0.0430711895518
-0.0257094886357 0.0538864045793 0.0377798166342
0.00911856214351 0.0657628314697 -0.0491036246476
0.022039333725 0.0452635318102 -0.0249423957116
0.0297987360182 0.0425847298546 -0.0299421619239
-0.00807357002223 0.0247798291659 0.0333826775674
-0.0489506785195 -0.0170081993408 -0.00658023337056
0.00224986078107 -0.0580999028257 -0.0298383676127
0.0187083721749 -0.0399488227718 -0.0222542370969
0.0210468855951 -0.0217512222828 -0.0123781027071
0.0136333970976 0.00394105846051 -0.00289135629249
0.0132135448655 0.0215136114424 -5.88296226637e-05
0.0162981617637 0.0292536127184 -0.00357605777985
-0.0071269849458 0.0252702761488 0.00333244506851
-0.0144796622775 0.0294805422991 0.00915926541949
0.0324703352147 0.0207445283274 0.000763758041637
0.0473352485153 0.0320041626213 0.00852278327019
0.0388130451301 0.00342300454412 -0.00427781440499
0.0494993361231 0.0542034968419 0.0239558260542
0.0202560548346 -0.0258950472584 -0.0132627253321
0.040090910145 0.0420214616304 0.0109983394171
0.0238134986709 0.0236784775853 -0.00162499252941
0.017468786289 0.0349376867048 0.00481006481834
-0.0418663963983 0.0369564299989 0.0389520088496
0.015559231207 0.0194241337528 0.00940636733994
0.0795458927083 -0.00891584566372 0.0382363208992
0.030020501892 0.0340024708424 -0.0467728033284
0.0464119508606 -0.0116023594756 -0.03206519277
0.0497081628898 -0.0276588296002 -0.0289707787008
0.0232623508044 -0.0317444962008 -0.0164477192597
-4.83512366862e-05 -0.0112986336316 -0.0105642449929
-0.033949638974 0.00662533638575 -0.00793881552862
0.00988531143421 -0.0334259301675 0.00579501671048
0.0222914578993 -0.0349764791877 0.0435558809801
0.0889083221414 -0.141248345564 -0.012188250129
0.0717886298236 -0.104725830263 -0.0125247755957
0.0614071477768 -0.117091775635 0.00395511338973
0.0110662634136 -0.0182615196448 -0.0325793436718
0.0554358028562 0.0653021180892 0.0284125965694
0.0283273295819 0.0589700578801 0.0168164940554
-0.00766396542417 0.0210812817495 -0.00766886397306
-0.00960345989376 0.040629110903 0.0631138868606
0.0308881401152 0.0227438126721 0.0180429790048
0.0072046207919 0.0206725783422 0.0146332876063
0.0324031024814 -0.0284541618401 -0.0182016569691
0.0474469673025 -0.0343511635991 -0.0243848684411
0.0555976687475 -0.0378127689358 -0.0314671624212
0.0434665545218 -0.0316108580197 -0.0255375042332
0.0271662673819 -0.0222535804204 -0.0240329301066
0.00214778238429 -0.0115203340854 -0.0204234551255
0.0248459056791 -0.0207175010765 -0.0251030796065
-0.000929163670347 -0.00370248102016 -0.0242723036289
-0.0168043225966 0.00135741323876 -0.015024171525
-0.0191483186453 0.00340392306261 -0.0107988515656
-0.000733879025647 0.0119256252212 -0.0104830196505
-0.114196322258 0.0277036220405 0.0764650226684
0.0229563360415 0.0137289288503 0.18482035595
0.0312083181615 0.00681312566388 0.200432251654
-0.0129916551089 0.0177336509861 0.0136737082297
0.0256385271513 0.0131450811308 -0.0325035030601
0.0341987339913 0.0123504920006 -0.00524020350689
0.108862277164 -0.0111986287771 0.045377925206
-0.000822370852679 -0.00626370367942 -0.0267665737896
0.0158575663984 -0.0202210525766 -0.025760349311
0.0673435200817 0.0344447986659 0.000414637874706
-0.0458628385132 0.0248534539061 0.0118316720803
-0.0417837889471 0.0100419518381 -0.010187709183
0.0940842840167 -0.000963159267351 -0.0113045314242
0.100485095462 -0.00223020860859 -0.0296525803014
0.0558100353008 -0.00111202137239 -0.0343066232251
0.0309352124956 -0.00464741944649 -0.0503341110975
0.0524606056379 -0.00861621103867 -0.0114686478361
0.0103480659963 -0.0272283803884 -0.0223987744571
0.0613842329891 0.00205670194759 -0.0722104321778
0.0592954769404 -0.00205997433089 -0.0231502487044
0.035613111649 0.0126816443377 0.0122620375219
-0.156391432036 0.0811986804307 0.0510018692082
-0.161091315236 0.0734382794376 0.0499512657517
-0.0625748447203 -0.0488130522467 -0.0164502997779
0.0607334415859 -0.114871904111 0.00193631699136
0.0759291524436 -0.146908230936 -0.00585887924138
-0.0443869951119 0.0339625168222 0.0449388902714
-0.0235840317676 0.0288112352489 0.041149192552
0.026666900743 -0.026194017231 -0.0687001655757
-0.00241540995655 0.00668569996814 -0.0778367744395
-0.0621817713914 -0.0223363919675 0.00206022275408
0.0187094850703 0.00856411338219 0.00871966044574
-0.0038228842763 0.00548663375596 -0.00363548633474
0.0140867517456 0.000691759142931 -0.0199281575977
0.0838586477884 0.0217193708528 0.0076278221876
0.0698922407474 0.0326446677437 0.0366188011785
-0.0412126341795 0.0139308712467 0.00761793841972
-0.0356973866204 0.0228725541235 0.0213527304104
-0.0327464311879 0.0271805594616 0.0265316311935
-0.056328295944 0.0350859920479 0.0378777672056
-0.104483560513 0.040183402629 0.0318151644712
-0.0630673531565 0.0279496831107 0.022316569373
0.0328185056962 0.00419837852999 -0.0345339090228
0.00247994501175 -0.0110204413047 -0.0304240589231
0.0181610729612 -0.0151904755747 -0.0185662306618
0.00166200285941 -0.0155214692711 -0.00388847249692
0.0282306413958 0.00161611237895 -0.00144571721149
0.0473525380916 0.025175081484 0.0124160505464
-0.00215625585176 -0.0273193611189 -0.0157780078971
0.0404446073695 0.00260824246611 -0.00710340974629
-0.0552372354256 -0.0021130809074 -2.85499465496e-05
-0.00622623506481 0.0386673496343 -0.0329128995747
0.0612878089889 -0.0316147095359 -0.0302892813945
0.0374158444252 0.0135906505986 0.0202795363742
0.0190375101694 0.00393102199165 0.00555908658308
0.0429189192815 0.020338236148 0.0121571417687
0.0887813965882 0.0269116405852 0.0621145899529
0.0611505433062 0.0322217713057 0.0596049169193
-0.0357259329114 0.0353454365341 0.0167183704751
-0.0103235646532 -0.0127693839525 0.0156576299181
-0.0528245422902 0.00614861535141 0.0111498666637
0.115731717882 -0.021591918195 0.0608556465512
0.0662922704984 0.0046731798116 0.0747514448625
-0.0124458716789 0.00766846337416 0.0146901511256
-0.0685513250289 0.0373283152073 0.0753752415607
0.0568997673378 -0.0274808480451 -0.0348144772166
-0.0606255596286 0.020639608686 0.0100091876713
-0.0292797522026 -0.0197526605228 0.00627256409829
0.0101582099109 0.020876310702 2.81126781242e-05
0.0545514540432 0.0455756309103 0.0205933828801
0.11318029592 -0.183573091334 -0.0310132139202
0.0147480885887 0.0187042745661 0.0019431591572
0.0386344987476 -0.0296395006384 -0.022559528309
-0.028696222174 -0.0490793329438 -0.0192703068234
-0.0391648909551 -0.00924835509721 -0.0410866338547
-0.0240549094064 0.0180799361803 0.0118384681259
0.0298101788066 -0.0950718798879 0.00231970206126
-0.042024164576 -0.0499188263622 -0.0377019731204
0.0638299741755 0.0470406523434 -0.0438151935136
0.021176641677 -0.00768771310726 -0.0498972773804
0.0142662084471 -0.0485298588481 0.0118461920814
0.0780232506782 0.0406000121822 0.00209431823199
0.0707319120682 -0.0105667340997 0.0955394196787
-0.00806778657417 0.0274937577943 -0.0128492518944
-0.0564214825862 -0.0378127207677 -0.00538961762599
0.0292040632134 -0.0260985587339 -0.0163230657215
