0.0354759061382 0.0462369558735 -0.0319814473994
0.0295214960018 0.0224407024751 -0.00225927108059
-0.0333013284977 -0.0244254017416 -0.044483218814
0.0316029061617 -0.0158086997342 0.0253196634309
-0.0308737075233 -0.0203341566051 0.00545652269905
-0.0347334080463 0.00680686800789 0.0537355474464
0.0113335524334 0.00143927182067 -0.0597087164486
0.0407749585598 0.0228273306498 -0.0517620277014
0.0778890169928 0.00963601359136 -0.0173234441512
0.0129424556112 -0.039302621431 -0.0448166521901
-0.0732660098064 0.0168516572369 0.0445330245266
0.0404595564499 -0.016800575906 0.00733232310521
-0.0259351779756 0.0562977812728 0.0143376878872
0.0186945156004 0.0622230238374 -0.051113020097
-0.0643230969982 0.0561640001988 0.0041299169741
0.0200220247986 -0.0400035406962 -0.0505176247418
0.0350583995942 -0.0117892043354 0.0211843113501
-0.00518169597271 -0.0239297790177 -0.0634091915893
-0.0116397058257 0.016904757541 0.0391437128258
0.0437244843281 -0.0207933261585 0.016882063937
0.0290282904949 0.0265085229749 0.00403740798828
0.0297273975544 -0.0134771551399 0.0328563618139
0.0466222363213 -0.0213426638966 -0.0266470583588
-0.00760827193313 -0.0962946560465 -0.0469645907594
-0.0755415128796 0.0241185470622 0.0133519029684
0.0376223888074 -0.0334157134976 -0.0162209521793
0.0121019404375 0.00928029132314 0.0369269593234
0.0806892442698 -0.000897656848852 -0.00313661513008
-0.0405894741998 0.00618322052686 0.0402740438437
0.0416973438398 -0.0183969360211 0.0118790719046
0.042408912994 -0.0312088640334 -0.00544480288033
0.0460340718697 -0.0422962184335 -0.0291084756037
0.036112516493 -0.015074550026 0.0258396132625
0.0304230708497 -0.00663387322565 0.0340445610936
-0.00706508610639 -0.00563965065784 0.0556587822317
0.0438608406269 -0.0249079577184 0.0173100457005
0.0809051928459 -0.061013247068 -0.0030807767914
0.0439939609618 -5.14459561747e-05 0.013569772301
0.0521743359909 -0.0340772416033 0.00381975669638
0.000151223948795 -0.0152160576657 -0.0524360590009
-0.0544665275476 0.0388357766238 0.0119142190547
-0.0555719929339 0.0413245617921 -0.0227617476745
-0.0104761485763 -0.0191842259717 -0.0067991858036
0.0221772508772 -0.0228642117967 0.0495110965414
0.0315919109216 -0.0139900847756 0.0316483244938
0.0701920398396 -0.0505285240019 0.0107738991786
0.0612115744115 -0.0355841452585 -0.0242565273509
0.0392524975522 -0.0512879895641 -0.0328333822623
0.0315270958516 -0.00509475880197 0.0192830420022
0.0374892914172 -0.00421650123987 0.00728043090919
0.0627026350584 -0.0314369204932 0.0119959621966
0.0793517462499 -0.0197033038059 0.0164981403823
0.05392452645 0.0575672138236 0.00250125055246
0.0400730038463 -0.0251387088251 -0.0422171527885
-0.015411528699 0.0264002880878 0.0277499164495
0.0136053849751 -0.0262847416846 -0.00287043876872
0.00688066485768 0.00109636893044 0.0182565408107
0.0535336844393 -0.0469296466823 -0.0337937748975
0.00343561302812 -0.0208046340039 -0.0254018280723
-0.0610088842071 0.00514293247516 0.0530219727253
0.0514955594353 0.0110064386172 -0.00947751373272
0.0367720729943 0.0360916374865 -0.0270147562812
0.0607715104764 -0.0173524264929 -0.0338802859972
0.0305439839013 -0.00683421312473 0.0290558583332
0.0270393647246 0.00285129588691 0.0284688543534
0.0338174451621 0.0101529204817 0.0193084530016
0.00758127661285 0.019651685252 0.0273124307743
0.00783561902272 0.0261909649317 0.000603969073772
-0.0144806709208 0.00774236289595 0.0450824868317
0.00170494947293 0.000439685596365 0.000123832409874
0.082588734019 -0.0347379085 -0.00345159707371
0.0406127762795 -0.0202268142522 -0.0229514493859
-0.025535121792 0.0450124843337 -0.0138788502428
0.00929419830736 -0.000931748027068 0.0011049825493
0.04600976991 -0.0274658963384 0.00151360517717
0.0542860518537 -0.0432025743497 -0.0179079433031
-0.0695740449095 0.0383260144249 0.020641801026
-0.00631823220984 0.0482726294107 -0.00566247175129
-0.0111714286542 0.00106248289807 -0.012744844597
0.0391659850559 -0.011110585872 -0.0070922857988
-0.0198944895143 0.0192331080183 -0.0407393661554
-0.0112718246744 0.0232959113333 -0.0111329889024
0.0281866893044 0.0381559361778 0.00384253214537
0.0146388082412 0.0538887727769 -0.0712720496616
0.0165629379348 -0.0102551028747 0.0464793232793
-0.0750652536792 0.00402432224892 0.0116384372232
-0.0672805150647 -0.00186228658017 0.0253493233722
-0.0182258358589 -0.0248281560695 -0.0151243708832
0.0373924646409 -0.0342704244653 -0.0356453307707
0.0480180273887 -0.00329180025945 -0.000476966614314
-0.0576288625353 0.0470511531973 0.0235844915368
0.0645629792845 -0.0478215061786 -0.0379045806183
0.045191046166 0.0251237292918 0.00550706772888
0.0322705284027 -0.0209513683862 -0.0221656312812
-0.04390289317 0.000283956080341 -0.00951028736446
-0.0185445209564 -0.00378196058854 -0.00466437280624
0.0310635262486 -0.0052152458456 0.000705277511886
-0.026763361493 -0.00217834923709 -0.00316097005273
0.0260170414073 -0.0247799754379 -0.0213171418147
0.0073711338001 -0.0385995391861 -0.0555465869406
-0.0271408076686 0.0124167448947 -0.0434682867975
-0.0596935497896 0.0541529352353 -0.011062848874
-0.0418948560128 0.0246245361188 -0.0406088607441
0.0843709458481 0.023284885236 0.0149790817521
0.0687340358833 0.0567466972323 0.0231752344756
-0.0130987128336 0.00509002852224 0.0119471221469
-0.0122928345895 0.0209006639719 -0.0011558497173
-0.00772538650231 0.0220361129441 0.00728494015342
0.0631705873654 -0.00448660327649 -0.0225888289359
0.0532562002734 0.050977986573 0.00745694320793
0.0175257047093 0.0227081854448 0.0218881439548
-0.00628090590344 0.0137795414701 0.00276358479609
-0.0340389118308 0.0326073865437 0.00272774963822
-0.0285227968122 0.0201259654763 0.015725923092
-0.0299205319711 -0.0254525678477 0.00374401925238
-0.0646698834031 0.0298375032772 0.0426903581139
-0.0653937072198 0.000541368450084 0.00264280638999
-0.0761833795224 -0.00849069400012 0.0167696914284
-0.0253217148015 0.0340448593503 0.0329633103597
-0.111998798806 0.0297734857301 0.0931153070943
0.00356969819471 -0.0984842400835 -0.0555981056537
0.0253770703759 0.0286877702553 -0.0072456869303
0.0147525608957 -0.0370283707213 -0.0295834631118
-0.00754676429083 0.0166651413938 -0.0131008191493
-0.0302646745708 0.0192292790508 -0.00670957313321
-0.00841969482788 0.00421371720808 -0.0061912751449
0.00056112796112 -0.0045217237213 -0.00245587678009
0.000519168404013 -0.011102396011 -0.00888579915728
0.0306704988521 0.0440342916695 0.00502042818158
0.0377718454755 0.0214810940929 -0.0267055768382
0.0258541493871 -0.00320017104984 -0.00836927416584
0.0384457236752 0.0118151922779 0.00322864658133
0.0523307970278 0.0153986508589 0.00467641386838
-0.0310895914803 -0.000421182636463 0.0160054528324
-0.00552058027213 -0.000635609110492 0.0223980467643
-0.0300514969206 0.0128043315534 0.022812360895
0.0873657470916 -0.00630283062934 -0.0573738144377
0.067921680578 0.00151141646478 -0.0162413054427
0.0058322738003 -0.00771171038189 0.00402336232549
-0.0254945736367 -0.0266415812741 0.00208875111141
0.0862745481196 -0.0458999324987 -0.0423562535612
0.0195914143358 -0.0143116210579 -0.00756553537338
0.00934835330943 0.0209433100388 0.0132446516133
0.00912897846623 0.0647889868691 0.0252207928126
0.0368931052128 0.0374469080548 0.0109715787166
0.00255150528585 0.0599165602027 -0.00668134465848
0.0462907824816 -0.0314828424295 -0.0188307905531
0.0259222906029 -0.0271190976316 -0.0058387546832
-0.0312268846366 0.00831441440461 0.0143040253241
-0.0582740792283 0.0456376922026 0.0434457944427
0.0789057734301 0.0014731902696 -0.0406047668983
0.0936608156411 0.0159248993754 -0.0359815210035
0.0132982857893 0.020274121737 -0.00733221811758
-0.0426377386976 0.0316414451756 0.0462840612721
0.0221609611601 0.00619855386331 -0.0162965838502
0.00830158353832 0.0603527688365 -0.0436764473376
0.0158883719361 0.0517963830139 -0.0318160251587
0.0515388984208 -0.00826012902797 -0.0250500059305
0.0590813232793 -0.0388330688101 -0.0307817289229
0.0538288780718 0.029577630513 -0.0202625503969
0.0397329588591 0.016740291968 -0.000364532401113
0.0336970064106 0.0359562891651 -0.00949927840093
0.0236079044709 -0.00114053328021 -0.00530023249327
0.0181226888926 -0.0378899839998 -0.0207184049149
0.00819032694387 -0.00838994872482 -0.0109458491479
0.0247744358372 0.0405559348028 -0.018725420806
0.0101671381455 0.0196912527895 -0.00437266997994
0.0175657559865 0.00207434909835 -0.00256917463565
0.0122449998184 -0.00975574038883 -0.00557712844245
0.0409853482149 -0.0225066529825 -0.0232511442915
-0.00979635384417 0.00903289467594 0.00714253313404
-0.0474316518333 0.0331533973942 0.0173871974965
-0.0744019568503 0.0575479162727 0.0071569153453
-0.0502325357052 0.0453773941278 0.00969115048426
-0.0131467607236 0.0284888879174 -0.00101638832182
0.0277045243013 -0.00199238435771 -0.00689076218035
0.0484743574826 -0.0221127611435 -0.0069758536392
0.0140728632316 0.00951011157783 0.0125507368204
0.0161577739895 0.00234054821698 0.00834473825685
0.0622019042772 -0.0474472096665 -0.0356755380827
0.0744697394537 -0.057203600487 -0.0342041006503
0.0117641333456 -0.0241702812392 -0.0256112860617
0.00651213805898 -0.0345073034211 -0.0471491208255
-0.0146441569171 0.0218884730086 0.0199290685506
-0.0426250116651 0.0216268893292 0.0321772688505
-0.0058016220436 -0.00526340364351 -0.00583314575814
-0.0526240440507 0.0157893494909 -0.02077610728
-0.0451084637119 0.0367309926428 0.0173335748086
0.027034549447 -0.0149981728848 -0.0108845612193
-0.0137550819512 0.0517183900856 0.0447678195423
0.0426612343776 -0.0242001133957 -0.0137050168284
-0.0444447210375 0.0566451746387 0.0249192058044
0.0714619789218 -0.00226464688615 -0.0478834128817
-0.0260201085396 0.0150964404046 0.011790326653
-0.0191778911064 0.028093941375 -0.0222944371655
-0.0307394109842 0.0246800491424 0.0131194623061
-0.000545314289899 0.0217321081301 -0.0474986526177
0.0107332198805 0.0419127280853 -0.0501615121477
0.00756372237616 0.0557735361662 -0.0491372891925
0.00904421952844 0.0263153207273 -0.0573331628652
0.0296972399938 0.014940027143 -0.0789063181365
0.0380234745675 -0.0236305582979 -0.0750648362592
-0.022807014168 0.0057422073811 -0.0525139098198
0.0290129196363 -0.00694247985092 -0.0122571540887
0.0321286854053 0.014230466114 0.00686146545698
-0.0110437476539 -0.0823948215212 -0.051252653172
-0.065626293293 0.0180509850164 0.0337949420972
-0.108496645246 0.0457433280612 0.0773880276922
-0.074262134372 0.052298867854 0.0578777169822
-0.10679921846 0.036424861345 0.0734217779998
-0.083404379088 0.0202706914664 0.0774533299221
0.0535717030272 -0.0597357546738 -0.179668026227
-0.0787996820826 0.0123840052512 0.0618036924504
-0.00135878172759 -0.00198716018693 -0.0296651565303
-0.0423012196831 0.0434015247057 0.0423394925395
-0.00299496442333 0.0132021145429 0.00297616614766
0.0113398581244 0.00267409360786 -0.0196678088787
0.0887024883149 0.03422385555 -0.117261287644
-0.08187864696 0.0123181445733 0.0534608288984
-0.052159872356 0.0424758658704 0.0457263001988
-0.0793447459938 0.0436323361235 0.0614598023717
-0.0619314428416 0.0332249752031 0.0608555236805
0.0451957016889 0.00179100792315 0.00186623248633
-0.0595187462004 -0.0219324885151 -0.0171341879372
-0.0117187573851 -0.019567779786 0.00690968000214
0.0419363738089 -0.00837211951466 -0.00172410888357
0.049719088069 -0.0245259805019 -0.0212784564907
0.0439422142566 -0.0196186757029 -0.0263833460055
0.0528176000538 -0.0110635095739 -0.0160192250993
-0.000269878967983 0.0295660248302 0.0390759871812
-0.0440830496397 0.0421190406785 0.0531127539961
-0.053430133878 0.0297281051701 0.0352933607576
-0.0460461916408 0.0211127423734 0.021029303392
-0.0404667036756 0.018230135565 0.0137143463043
-0.0220806430025 0.0082857439952 0.0226961765893
-0.0141128709953 -0.00419624128029 0.0120837627021
-0.0208884483722 0.00466750932636 0.00880848731362
0.00708013803629 -0.0127932905872 0.0123186071498
0.0349828937083 -0.0297029809895 -0.0103944094388
0.0433071076042 -0.0369924309731 -0.0217003956571
0.0338273286308 0.0453766469671 -0.0921825713677
0.01432828264 0.0721018029238 -0.0723852571154
-0.0011669763146 0.00148544863728 -0.000729972190415
0.0190882811247 0.00642865241171 -0.000590543368248
0.0324223499853 -0.00229577577994 -0.00294827068158
0.0695808291204 0.0364319635427 -0.000569524326881
0.0981174316918 0.024492602429 -0.0282673472544
-0.0650043850682 0.00942362046131 -0.0133849270959
-0.072481650594 -0.00993385550542 0.00326429237424
0.0121065377029 -0.0144629334077 -0.00162507889195
-0.0409297530579 0.0583332244038 0.0573414182975
-0.0496318270194 0.063306429691 0.0472837931481
-0.0404894687765 0.0718664369383 0.0492538247874
-0.00101556107688 0.0446775373718 0.0336956059295
0.0266638018449 0.0220004852515 0.0202801508453
0.0315512943918 0.0143102571239 0.0103901033823
-0.0572816831838 0.0461999883041 0.033575575085
-0.0514367592507 0.0256318867328 0.0123340620995
-0.0453710865176 0.0118049222977 -0.0120699746421
-0.0622352522626 0.0669947885057 0.0330483760289
-0.0640486336556 0.0514643457609 0.00841057814564
-0.0530061698854 0.0324672833298 0.00144336006026
-0.0262677578828 0.0329829847483 0.0139730512027
0.00527997407688 -0.000282360071122 -0.00494066730378
0.0404013361845 -0.010461582616 -0.0147954747995
-0.0567832472488 0.037111684362 0.00486971246547
0.0501525027276 -0.00916741642429 -0.0102176697992
0.026276200705 0.0140085286585 0.0101016801596
0.0154754391553 0.0349695837159 -0.0316166311634
-0.111699559525 0.0350632134031 0.0849063151132
-0.105992057023 0.0262185784238 0.0878372845242
-0.104207656842 0.0207292441518 0.0850230148321
-0.0859956609115 0.0292074724048 0.0755080941808
-0.0791743001848 0.0281776194003 0.0528553730874
-0.0183714126019 0.0171913640178 0.0161805353322
0.0558476042051 0.00656588241028 -0.00979853223593
-0.02386959209 -0.00385165209237 0.145355436427
0.0535528962085 0.00078405708987 -0.0318549970861
0.0273926309565 -0.00682100239734 0.0594993725081
-0.0330214848911 0.0295153540498 0.0558168748683
0.00141611464918 0.0217377355252 0.0201506990996
-0.000615520293507 0.0174786570934 0.00988497590756
0.0387690577747 -0.00741114869547 0.00119947641044
0.0471474590584 -0.0282998806313 -0.0195031730304
-0.090802352263 0.0162508654595 0.0836820045455
-0.00863752551067 0.0284465180229 0.026750830835
-0.0407277745658 0.0286016245566 0.0310648237527
-0.0275437356834 0.032780438978 0.0377902028316
-0.0728304150121 0.036320779079 0.0607512211892
-0.0504099871114 0.0127090912982 0.0447108554362
-0.0261734783071 0.00892842333959 0.00949131167381
-0.0390346466207 0.0198365941114 0.0481335969088
-0.0396701617011 0.0184091399541 0.0309914254948
-0.0403587523315 -0.0190746336551 -0.0301248806901
0.00217662668561 -0.00341999407776 0.00712277362055
0.0198215211637 -0.0122020089038 -0.0358684735501
0.00363402699446 0.0134799021729 -0.00341966875519
0.0609169845096 -0.00139267920699 -0.0990459789883
0.0507304156296 0.0110020964086 -0.0605356434654
0.0523691324641 0.00778788337384 -0.0578955563401
0.100792778063 0.0184167823721 -0.090490584764
0.317184869825 -0.00328705190915 -0.098710682523
0.0866032841763 0.0067720842077 -0.0149262610145
0.182246043195 0.0252231015994 -0.132665425045
-0.205724537589 0.0213389208194 0.11317065256
0.208765845527 0.00470122155908 0.0177107715864
-0.166745539528 -0.0109461985599 0.237275656696
0.179202925694 -0.0496240970355 -0.240561551139
-0.0884216151903 -0.0866496309315 -0.0471338991077
-0.0130236787125 0.0252448451011 0.0162897487069
0.0150258220984 0.00562187741004 0.0106593671645
-0.00787718444815 0.0116677427466 0.0224062644184
0.0226316526806 0.0151605974455 0.00565321709757
-0.106775318079 0.0446507086745 0.0854506604032
-0.0938583616926 0.0437546231613 0.0649118166662
-0.0938836759777 0.036471008279 0.0579378505042
0.0236364091746 -0.0439246054412 -0.0427029644197
-0.116476545936 0.0322985961583 0.0955035596458
-0.0953552570398 0.0296835287479 0.0704135161003
-0.0889570835141 0.0140807234656 0.0355234776963
-0.00494304508276 0.0149563085428 -0.0107225236881
0.0558431772722 0.0338862973566 -0.0181454415919
-0.0918855182846 0.0131749455273 0.0349759366885
-0.00541415637186 0.0228328319155 0.00724822925162
0.00676246086406 0.0209023562287 -0.000723483081518
0.0202052961168 0.0150007408624 -0.00129891103586
0.0516196032322 0.00990396621373 0.0023037287673
0.0694832572154 0.0034296529343 0.0228731069464
0.0461517444833 0.0107008789736 -0.00914306302987
0.0640629978789 0.00590017288551 -0.0368905132063
0.0197723634969 0.00784995133789 -0.00601839105755
0.0374827358817 -0.00081323937887 -0.00541106587784
-0.0310443940194 -0.00609417337978 0.0275038459997
-0.0682125256664 0.0319779560536 0.0236068555302
-0.139444549741 0.00777205049638 0.109266215953
0.0538764850473 0.00313644912316 -0.0257806243993
0.0743683764325 0.00430188300834 -0.0159712397773
0.0762101703707 0.003128353611 0.0200167590854
0.0360531857297 0.00413973070143 0.0576583795838
0.0946595701085 0.0182801298016 -0.0142173738069
0.0816942806386 0.00485955957583 -0.0432790659336
0.102316432233 0.0127899741897 -0.0552195472806
0.129167240425 0.022501605874 -0.0831566509251
0.120522140423 0.0307794785432 -0.120541105805
0.13400122055 0.0295787584829 -0.157870035393
0.228198744139 0.00453167224442 -0.179909034471
0.307106987872 -0.0479168900868 -0.16095925466
0.0964786164503 0.0057763308718 -0.162565743065
0.0309894874695 -0.0690838856111 -0.186494984925
-0.207228203056 -0.068024472426 0.0625005527529
-0.271662215309 -0.0780949913558 0.211123408231
-0.162703734451 -0.14416391109 -0.0592634123338
0.13266386858 0.0244062863209 -0.0406442797947
0.260239335308 0.00811931595484 -0.0713099899252
0.209349380717 -0.00914492288986 0.107032382342
0.15166652842 -0.0279465460747 0.109264924537
0.0118993945546 -0.00938740190475 0.195635038395
0.024865285319 -1.43290812934e-05 -0.0145312681405
0.00397177150243 0.00517267083868 -0.0123657106815
0.0325486577958 -0.00242057726783 -0.0313236336534
0.0685184711913 -0.0110503211829 -0.0458883841291
0.0857111735236 -0.00710512266504 -0.0435572092448
0.0779093142008 0.0134473491353 -0.0265036086604
0.0470692796134 -0.00554561965477 -0.0127863105621
0.055575625193 -0.00449295921889 -0.0459352183351
0.080936431595 -0.00925190524051 -0.0550016054708
0.102961447301 -0.0200558379512 -0.0580214533383
0.0802086991112 -0.0122055344568 -0.0369973900863
0.103722232982 -0.0137153199186 -0.0600925635666
0.121583716155 -0.0132874570863 -0.0594846063853
0.0639301092556 0.00658369887764 -0.0480844039468
0.0343441950858 0.0147499649247 -0.0216571611197
-0.0323684951241 0.0153871502997 0.0343348137091
0.02533880429 0.00965102717539 -0.0025258915532
0.0247294932826 0.0120202017379 -0.00271450364067
0.0186072825608 0.00747937904129 0.00952680735987
0.0651187113583 0.0148896821104 -0.00185523495987
-0.0379652105009 0.00591005157169 0.0246217918261
-0.0753289394663 -0.00218273442575 0.0358635405097
0.0176385011192 0.00268260786706 0.0122909335757
-0.057084004336 -0.00341867479256 0.0470878600524
0.0678398227268 0.00579991526225 -0.0351318515051
0.072410364027 0.010116480134 -0.03090324122
0.0873144778413 0.00624251402998 -0.0440438667501
0.106814496587 0.00862909355691 -0.0380309203371
-0.0554844391135 -0.0321890765213 -0.0173031183553
-0.0192156600765 -0.0542486637363 -0.0418768118676
0.0195189702369 -0.0149020408661 -0.0304413608377
0.107148576871 0.0113054317087 -0.026929220555
0.249923900479 0.0118342978024 -0.137287164143
0.0443332595718 -0.00674905750589 -0.0366556384095
0.0039190953541 -0.0212043652832 0.0112436194111
-0.16038936965 -0.0108670650758 0.218269463133
-0.152378021993 0.0320071137653 0.112534956578
-0.13401353688 0.0442588460167 0.0625982871945
-0.158218903217 0.0189087520675 0.0773221048017
-0.209690134713 -0.00083764225383 0.173289025738
-0.278680010375 -0.045067884956 0.159599283645
-0.250853949346 -0.0384648736376 0.11178832178
-0.158472394068 -0.0389857785034 0.254693335525
-0.106755653619 -0.0758334598283 0.216658926079
-0.172181921636 -0.126586928442 0.0426941664079
-0.299071589442 -0.118615957822 0.0932058812542
-0.310393439849 -0.112843029907 0.148232301066
-0.203540534664 -0.110769126307 0.0889563874893
0.163161464969 -0.0997225469899 -0.22331030005
-0.175022034852 -0.153688025085 -0.0369282423067
-0.188975561941 -0.100684435092 0.164700539242
0.149803235772 -0.0637817627031 -0.0663530330841
0.0461335707119 -0.137188465276 -0.226025670659
0.0406870814627 -0.099677071038 -0.200087974252
-0.254469110362 -0.0882750041219 0.277817248788
-0.128533773367 -0.0624894514114 0.265620835854
0.0793525509697 -0.0478417491162 0.147202426606
0.30792931831 -0.0340386407491 -0.0383680729426
0.351427350355 -0.023398432393 -0.134641689397
0.257462391035 -0.030390639483 -0.191203338373
0.101305169184 -0.0550153296926 0.0687538533353
0.182011876595 -0.0936819041465 -0.268083106839
0.236890646907 -0.0656176425876 -0.221467501522
-0.0707141685096 -0.0811079812555 0.117940133741
-0.0223814968023 -0.0896476265612 -0.0366160573187
0.0568136794418 0.0349397715713 -0.0132617841667
-0.110699122142 0.0223672802687 0.0977258445957
-0.0341031729279 -0.0449674041604 -0.0579576091311
-0.000379747089599 -0.0288374447365 -0.0770276949998
-0.0616307108615 -0.0939298037793 -0.103125109595
-0.168667398393 -0.0988077572491 0.0203737144426
-0.0855654853512 -0.0374801561797 0.0339392982827
-0.140828345662 -0.0270174137449 0.0637843730532
-0.0577764818932 -0.0594629847299 -0.0189716406602
-0.013451454334 -0.0407893633578 -0.0338257176121
-0.0759201087301 -0.0829640625822 -0.0977619824494
-0.233603848671 -0.115695343159 0.0233650775449
0.0363477645255 0.0211935170772 -0.00452950374357
-0.0501935961179 -0.0512654079173 -0.0165370775077
-0.0159733783628 0.0262643119773 0.0125820065876
-0.0258297128854 -0.0038022573787 0.0313066402368
-0.021917722399 0.0161324744835 0.0205533500149
0.0192714638049 0.0184267424607 0.0133117010964
0.0388618301841 0.0045335032905 -0.000167782328847
0.0386160933189 0.0162279407098 -0.00400005555884
0.0557203321911 0.00635977801825 -0.0379084015571
-0.00630070450044 -0.00300069106008 -0.0341497814921
0.0671012466239 0.0112900690446 -0.0181765688261
0.0985636459281 -0.00755832153419 -0.0414797966717
0.145649965743 -0.091784158952 -0.178723145305
0.243368703948 -0.0692490027579 -0.171721966184
0.12869652916 -0.00737207180336 -0.198688543782
0.0582737354516 -0.0254521976685 -0.0181124687452
0.0745854154743 -0.044861488328 -0.0277895673586
0.0695369836799 -0.0394869842369 -0.0285212314286
0.0558428129151 -0.0246869392271 -0.0161836057106
0.0689773258802 -0.0390167066855 -0.0330789697701
0.0775049678741 -0.051888487723 -0.0350701479614
0.0631366485379 -0.0497833052615 -0.0360691148121
0.0306572223645 -0.0305313309611 -0.02536704281
0.0548553536366 -0.0475026659492 -0.0363498643437
0.0418254837068 -0.0433235547111 -0.0397712034043
0.0449282034451 -0.0468560601094 -0.046012388472
0.0569301557533 -0.0540943276504 -0.0550612551602
-0.00141875516019 -0.0237235151739 -0.0334204232665
0.0717065946072 -0.0521482539085 -0.0361382358679
0.00869913305757 -0.0412366535189 -0.0545447069811
-0.0282138369257 -0.0180433437737 -0.0442636489291
-0.0510810859343 -0.00198016118457 -0.0329797278599
-0.0610908967297 -0.0100637748596 -0.0239123084988
-0.0470321683422 -0.024422545096 -0.0219610121711
-0.0612815588092 -0.00638680902819 -0.00562155423182
-0.0598052702989 -0.00588356269093 0.0108710658302
-0.0327050233452 -0.00887356355986 0.000359540630381
-0.0797043133892 -0.00139046963023 0.0320339802723
0.0385172796647 -0.0124677599514 -0.00103036761437
0.00684153828287 0.0144974780567 0.0163540309341
0.0253994927321 0.00271869540116 0.00487177860417
-0.0136802377999 0.0298977505771 0.0267342756242
-0.0101572741056 0.0271741150576 0.024675794509
0.0281474162308 0.00425056778387 0.00118082587765
0.0141999625233 0.0173921078874 0.00966275316271
0.0790957433113 -0.0370490418077 -0.0335880585905
0.0618508741277 -0.0144888690608 -0.0176900397701
0.0787228568843 -0.0261615875359 -0.022961072966
0.0112688364538 0.00419083053914 0.000836981818932
-0.00715958184722 0.000191806119242 -0.00343726242793
-0.012714531048 -0.0270820672427 -0.015887927662
-0.00350803227654 -0.0814252420098 -0.0471789301765
-0.00553280873841 -0.0324946312245 -0.0250317686788
0.0324445264098 0.0145171747968 -0.00323408505317
0.00274168631318 0.0185818968958 0.00862477142625
-0.021862055903 0.0107867722203 -0.0142556744406
-0.0378313933301 0.00220452550902 -0.00734768455098
0.0139219316566 -0.0140910533404 -0.0255765093111
-0.0621038677664 0.0150507463262 -0.00133192320777
-0.0688496667909 0.0128393660964 0.00016509301987
-0.0889782023743 0.0287321065511 0.0210388183643
-0.049963835297 0.041537735331 0.00593892071123
-0.0358223990515 -0.00489159281793 -0.0170595851698
-0.00172348581189 -0.0127688780957 -0.0262987892751
-0.0907882622134 0.0210912415602 0.025115214234
-0.0845485892143 0.01237677942 0.032194434154
-0.0754411987032 0.0264452511824 0.0371698464073
-0.0339431522825 0.0442827992945 0.0169624002473
-0.0475335814949 0.025268801758 0.0379496941512
-0.0128046034575 0.000607388486639 0.0482467776722
-0.0344846021535 0.0333979901127 0.000627182865617
-0.0419355304376 -0.0106609297689 -0.00890113293075
-0.0407579699054 -0.0547827408019 -0.0157824169301
-0.0528478742638 0.00342409609131 0.0228687518005
-0.0416796448231 -0.0102249547055 0.0140655331147
-0.0732255422365 0.0349956646502 0.0476903527365
-0.0593619766685 0.0485170991364 0.0500964638768
-0.0461081366576 0.0416890634762 0.0430336732105
-0.0536545444082 0.0237552705082 0.0370790994036
-0.0305513443156 0.0315621628719 0.0330492275346
0.0257264819442 0.0524510073258 -0.0554031369306
-0.000606928503116 -0.131354463798 -0.0746451731037
0.00866857844547 -0.134361107119 -0.0800711273322
0.0212948309378 -0.1500193714 -0.084568768714
0.0264847496196 -0.115968634982 -0.0592188209485
-0.00110157605458 -0.0823337379217 -0.0512399037771
0.0362529917064 -0.0868032717374 -0.0422244216289
0.0971733628924 -0.00548556607692 -0.0551718501791
-0.00152956636532 0.0116186220058 -0.0304338458627
-0.0630639803067 -0.0142592213444 -0.0149526845726
-0.0329481816121 -0.0220553977002 -0.0408774649619
-0.0293480764013 -0.0318146430165 -0.0448581825637
0.0775525495372 0.0203080555349 -0.10623744923
0.081482241555 0.0170151102459 -0.0953573960889
-0.0482448069644 0.0311019485039 -0.0217023723499
-0.0672795157233 0.050196409602 -0.00101186346652
-0.0756434251256 0.0598585357858 -0.003398004962
-0.0666463964213 0.0528551475776 -0.0126595670216
-0.0647075573172 0.0661646142274 -0.00670472525655
-0.0391635961174 0.0523428484663 -0.000606904295944
-0.0728401294694 0.0641185456581 -0.00369523580155
-0.0680530731443 0.054362198889 0.0123690102825
-0.0466657513264 0.0456669479326 0.00565281679097
-0.0466830909728 0.0472127554381 0.00014036252789
-0.0515359636066 0.0371295558312 -0.00689855421763
-0.00724602933715 -0.000327772255087 -0.0592514492894
0.00739536173755 -0.000948759841989 -0.0673170368756
0.0236095499466 -0.0208326131994 -0.0768232482768
-0.121627430378 -0.124470833524 -0.100970860832
0.0301074369546 0.0120941723783 -4.5540763423e-06
-0.0472729294685 0.00883962711627 -0.0059208279126
0.0571547065448 0.00248460587952 0.00324393525891
-0.0699715996265 -0.00746999517073 0.112576952486
0.0220821150206 0.0151771780491 0.00541201553364
0.00533859111303 0.0099742110221 0.00494060091931
-0.00559041022118 -0.0264601472858 -0.0145543612578
0.0500446032986 -0.0204522506964 -0.0318595261526
-0.00806192959716 -0.0029176864355 -0.00277998460292
0.0248417914942 -0.0233260349895 -0.0222870877611
0.0227693556152 -0.0203056411939 -0.022221994033
0.0451719291065 -0.0348291195741 -0.0325044004037
0.0500941335958 -0.036680151462 -0.0300364909563
0.0583146633722 -0.0401301546809 -0.0277410027405
0.0121065528445 0.06087903601 -0.0397086865652
0.0242425954055 0.0510020257892 -0.0254085766864
0.0220696138566 0.0726229793907 -0.0519803247695
-0.0732150252768 -0.0131775612387 0.0121035254695
0.0188876990828 0.0168244521976 0.00313521257903
-0.00689306732323 -0.081294129324 -0.0349259070796
-0.00107995365071 -0.0743725615637 -0.0305064492998
-0.0228682569304 -0.0210449453502 0.00142788679339
-0.0278454806003 0.00524753349629 0.00886935438279
-0.0234813375921 0.0110891558303 0.00294816916887
-0.0200262945164 0.0303149701805 -0.0040320070187
-0.0287500371546 0.0249257107836 0.00712078208228
-0.0226593853789 0.0270928007964 0.0110392614643
-0.00784154529995 -0.0122089489738 -0.00218629555205
0.0177314761159 -0.0332150757447 -0.0109202208652
0.0130300795171 -0.0629972368049 -0.026176266406
0.0325328971116 -0.0350970813747 -0.0070052321856
-0.0317484976985 0.00606565972786 0.0168002793784
0.00971748121256 0.00724943563397 0.00847734921904
-0.0193679965748 0.0311080396958 0.0185055911807
-0.00334338189859 0.0432231620705 0.0227238006245
0.283264803357 -0.0133503259559 -0.00878009149751
0.118632307257 -0.0161189547635 0.142302811261
-0.0137750967029 -0.0214005680417 0.24174977959
-0.0351850423522 -0.0427251507689 0.266443216609
0.0222413054967 -0.014797324341 -0.0213572438816
0.0139232991026 -0.00988269271803 -0.0104816900716
-0.0515300812264 0.0625233750769 0.00324279043836
-0.0256472498587 0.0646574730244 0.00269404282415
-0.009680691849 0.0590932316328 0.00976307797101
-0.0434792667936 0.0553864562771 -0.0121991413628
-0.0454022160391 0.0341556443162 -0.0299919283942
-0.0402197701651 -0.0082642200271 0.0280239217422
-0.0303292352803 0.00082449915044 0.0389610345558
-0.0527238386531 -0.00859944492432 0.0290940736778
0.0773343995451 -0.0528774677141 -0.0464525725197
0.040197925087 0.0141613935841 0.0144710371685
0.0363209677082 0.0534606486011 0.0293433530787
-0.0420505844983 0.0455339352236 -0.000834541406174
0.0412546015132 0.000256433696901 -0.06869204605
-0.03996981725 0.0134544936108 0.0146441117891
-0.0161983090083 0.000746932472578 0.000399946224662
-0.0105529243915 -0.0104674336994 -0.0015363376428
0.00939193935248 -0.0119289469547 -0.000989039854743
0.0298798115261 -0.0141886428474 -0.00736818243217
0.0235637168139 -0.00681835559599 0.00311636810035
0.0416444762495 0.00379434159606 0.00526249992147
0.0567369674612 0.0163004764589 0.003969790659
0.0304437700648 0.00142433122454 0.00556019407776
0.0649515893236 0.0268669103987 0.00310157635839
0.0684848464407 0.0261119556919 -0.00316669838393
0.0423448978824 0.0448022542715 0.00891032321692
0.0671462679024 0.0406058136814 -0.00554202303723
-0.0594108163593 0.018290080371 0.0464581296528
0.0292034377331 -0.0366589151209 -0.0610085955993
0.0176815399815 -0.0411307844456 -0.0720226662932
-0.0811682958255 0.0541192843748 0.0630380998275
0.0777381009636 0.0356906550955 0.008031433564
0.0866154073982 0.0269375351223 -0.0284536220332
-0.124661036117 -0.00425691926014 0.155123962318
-0.0387359010247 -0.0406658875772 -0.0386421574675
-0.0297877617963 -0.0107576642937 -0.0345397840234
0.0321725283476 0.0579095110117 -0.0090371500999
0.0762506003216 -0.0451566207795 -0.0385690947356
0.0557621430745 -0.0472680088317 -0.0471293916066
-0.0797354510217 0.000106216515299 0.0676355363023
-0.0242527657768 -0.00740636985291 0.0609852705339
-0.0578222457643 0.0161153057779 0.0209540294677
-0.0266851451924 0.01711848531 -0.000187215625075
-0.106433149642 0.0288257240008 0.0520087512668
-0.106242379428 0.0358195659881 0.0529606584378
0.00220503215255 0.00087644787085 -0.0132873299649
0.0287174306815 0.0160753001543 -0.00535227656285
0.0372034450471 0.0345883055446 -0.00486307225917
0.0148576402023 -0.000993432942798 -0.00871574634651
0.01857298805 -0.00958187010033 -0.0115677090657
0.00826161990705 -0.134308842572 -0.0779813638155
0.0276115223956 -0.0401351267521 -0.0323959577501
-0.00378608917836 -0.0307560077922 -0.0170942106867
0.0668640860605 -0.0222510659833 -0.0148942107661
0.0291978953064 -0.0129476427141 -0.00239154730894
0.00148572839689 0.0231083795822 -0.00350373592401
0.0253859574999 0.0481896042807 -0.038842765685
0.00413252341562 -0.0289186848616 -0.0258445666472
0.0276499235725 -0.0139293830818 -0.0203566297536
-0.0691032325588 0.0257266907582 0.0561135168314
-0.0513275712449 0.0140116602404 0.0190451088799
-0.0194777385393 0.015127622255 0.0220267759528
-0.0617568437313 0.00884753226722 0.049485186313
-0.0131614312341 -0.0354729057952 -0.0411912380327
-0.00902300286865 -0.0347681831514 -0.0246320704583
0.0205085808418 -0.0352757715508 -0.0181104801403
0.0578941755076 -0.00267627967939 -0.000300151385929
0.0235897963606 -0.00920944926799 -0.0110104360081
0.021657581486 -0.0108902606113 -0.0137874142399
0.0348227640632 0.0122700935131 0.0190587278419
0.0423426968284 0.0114580690714 -2.41399024543e-05
-0.0109754102011 -0.0039623546597 0.00857421637956
0.00860064927433 -0.0731685693215 -0.0436059624905
0.0266451208997 -0.0922510415052 -0.051591638572
0.0276402043727 -0.0490733131499 -0.0291969413916
0.026192294689 -0.13882667167 -0.0783332924989
0.0803579661658 0.0187891234388 -0.0282393972612
-0.00604423758626 0.029654703549 -0.00902377696085
0.00343910464229 0.0324561500208 -0.0189225985267
0.0309033849402 0.0476664473148 -0.0514712589451
-0.00896504758921 0.00377304970424 -0.0240765936434
0.0024871580963 -0.00643383792863 -0.0219850958858
0.0140515565345 -0.00195459606092 -0.0173742027301
-0.0278580697475 0.00906164933408 0.0421281908468
-0.0367854196831 0.00283740716222 0.0423732450016
0.0328115109323 -0.028274259825 -0.0306803662005
0.0104878245172 -0.0304085366845 -0.0275926218207
-0.0644675599451 0.0468034515774 0.0157041169422
-0.139197862118 -0.0309587816439 0.296243090572
0.0767945598606 0.00987891812827 0.0689773157902
0.00943919836587 0.0217587561269 -0.00643751868821
0.00927608346128 0.0203268725513 0.0280579543073
0.0433563023274 -0.0207731048337 -0.0205004822629
0.0252107149244 0.00726093327075 -0.00110170613344
0.053237436176 -0.0486223816239 -0.0221324050566
-0.0339603083675 0.0509092416211 0.00311896408286
0.0380658328841 -0.0632143439356 -0.0270517703456
-1.97468944902e-05 -0.0307375070951 -0.00238125073728
0.0414737007278 0.0350849099183 -0.00310509327057
0.00830095076999 -0.0125100127708 -0.0103968787197
0.0667577673076 -0.0369874260665 -0.182443089013
0.0539115134132 -0.000781774223106 -0.00528582017401
-0.0748973452322 0.048101025774 0.0577027775516
-0.042484767405 -0.0138533406238 0.000760588751449
0.0602733504597 -0.00352494850348 -0.126559115545
-0.231528818596 -0.0391797539748 0.223957526274
0.0113017041603 0.00752945350245 -0.00501686960332
0.0471524295905 -0.0397426129492 -0.032258948213
0.0696899876255 0.0555469460111 0.0178350447284
0.175660246919 -0.00469346954699 0.115695798093
0.0373627510334 0.059881261671 0.0188612763287
-0.00807446261248 -0.0670495571403 -0.037023103539
-0.00710742874853 -0.00167264931267 -0.00248150574947
