0.0045691964112 0.0542934506731 0.0114197283558
0.0208566716778 0.0342071000423 0.00491410154886
-0.00670925117383 0.0216698295964 0.0368504822059
0.00368428802385 0.00479300208381 0.0083184224602
-0.0139545669762 -0.00570386644107 0.00031476346059
-0.0290184405945 0.0189348035989 0.0121683304811
0.0259087691509 -0.0371403530319 -0.0226098766964
-0.0290836529969 0.00237007385952 -0.0349092021313
0.0182028388014 -0.0111698528071 -0.00715412663512
0.00125366676589 0.0172652181212 0.028297082298
-0.0440147352678 0.0242873130748 0.0133927810714
0.00598292229306 0.00521093879758 -0.00728315585787
-0.0505825575599 0.0398129119375 0.0170929169672
-0.0305213174808 0.0127956805329 -0.0168622074768
-0.00159018177867 0.0304344256447 0.00398399460442
0.0100169935407 0.0105186508762 -0.0107046735233
0.00311317037378 0.00428378641277 -0.00188016277965
0.00590837923745 0.0195783731154 0.00218836435078
-0.00813643519803 0.0272862744116 0.00727198103913
0.00554503682396 0.00350786386596 -2.20059406005e-05
-0.0155614822714 0.00582012318234 -0.0181361352583
-0.00212668257587 0.00493855719083 0.00427524451958
0.0152203298955 -0.0183182623056 -0.0173477713079
-0.0398086235288 -0.0297974006142 0.0011336425558
-0.0108155639075 0.0196052629337 0.00541955052314
0.0139783883889 0.00546360103566 0.0114184468157
-0.0126516684448 0.00579282474714 -0.00342002953457
0.0298557732671 -0.00939801829645 0.0169868886086
-0.00636702906645 -0.002933359771 -9.13631721007e-05
0.00631020743703 0.0043216825657 -0.00339556140724
0.0118809227674 0.00526927467524 0.00113329051923
0.00656434055655 0.00939761880007 -0.01500358552
0.00149672520313 0.00406508668127 0.00153778362018
-0.00819676360021 0.00535055134077 -0.000677491523338
-0.0280823164745 0.0111482645834 0.00944911192938
0.00784449850746 0.00261875340021 0.0059182518584
0.0255919888083 -0.00806696552391 0.0196502412746
-0.00561184634687 0.00538702669645 -0.0137319379676
0.0113244633211 0.0027679256239 0.00224928689472
0.0271819640141 -0.0139568888408 -0.0188026674744
0.0528987624817 -0.0412413893048 -0.00854842291167
0.0190943228605 0.00907480868738 -0.00261252354757
-0.0099645691764 -0.00298091417473 -0.00984522062391
-0.0165967730116 0.00944929730886 0.0114545648083
0.000940963531197 0.0117195296805 0.0108921691143
0.0157917710051 -0.00266707944636 0.0130267645916
0.0047751151305 -0.0338623371067 -0.0187696829422
0.0110882131816 0.0106780679868 0.00251255364893
0.00205937383992 0.00481555770489 -0.00694181686808
-0.000343876617489 0.00537537023121 -0.0165311721955
0.0166074687598 0.000437993486261 0.0134037081437
0.0300342576956 -0.00103297966535 0.0089324434087
0.032400853031 0.0119026574552 -0.00920872400136
-0.0015982713946 -0.000605977895896 -0.0310373494975
0.027158602204 -0.0179302584707 -0.0131485515391
0.0178814714164 -0.00480430996154 -0.00571003642199
0.0339145389055 -0.00854741110438 -0.0013680006868
0.0317279823828 -0.0133785263877 -0.0125664536232
0.00209277001425 -0.0238130365618 -0.0137327245151
-0.0375814048612 0.0126959237103 0.0114689934241
-0.0140313923173 0.00688135021131 -0.0264295435535
-0.0254140681922 0.00669478878365 -0.028813857206
-0.0110842355687 0.00743320995259 -0.0337905800746
-0.00216008156584 0.00473957362481 -0.00170082728301
-0.00576416794381 0.00506583334734 -0.00645689558981
-0.011549711642 0.00565999024313 -0.0115413185843
-0.0138329722791 0.00496611981234 -0.00776429455277
-0.0103509815379 0.00486916053476 -0.0103433008936
-0.0222657811148 0.00731995834412 0.00317445841753
0.00604758337937 0.00146973749002 -0.00462196074394
0.0296676365572 -0.00850364002629 0.0188065512408
0.0111779149837 0.00140548797132 0.0326865523946
-0.0397386728229 0.0369560046972 0.0376349169258
0.00420274493362 0.0625558134545 0.0184126040671
0.00943034163682 0.00475367386848 -0.00290584417583
0.00886041916119 0.00755996328474 -0.0090572672298
-0.0233783220131 0.0317245596466 0.00806939537799
0.0282007965227 0.0224016662675 -0.00832454777168
0.0263319127457 0.00488513306914 -0.00322577721642
0.0136905921275 -0.0394718448246 -0.0401577801848
0.0588171464948 -0.0444494778767 -0.0173226431324
0.049291649563 -0.0393304626327 -0.00464617303238
-0.00813037407551 0.0041128812563 0.0316028284309
-0.0210943990032 -0.00622646656123 -0.0114894141783
-0.0155482458043 0.00775637589031 0.00643141515054
-0.0435057595752 0.0105502110137 0.00786150170503
-0.0418596163956 0.00954589598484 0.00945064660676
-0.0164619590243 -0.00991366607679 -0.00401929482299
0.0249927734179 -0.0322229283674 -0.0188903783884
0.0457263574606 -0.0396045996319 -0.0251469883644
-0.0364864701593 0.0220318175342 0.0201295020046
0.0288022044228 -0.0234958672574 -0.0325810059814
-0.00255610077485 0.0156360566854 0.0130703720092
-0.00727566639085 -0.00185042541344 -0.00478301919907
-0.0172066326817 -0.0035977401673 -0.00177313745382
-0.00658098480477 0.0024873751268 0.00102648739771
-0.0262481273609 0.0105228727376 0.0126929587011
-0.00893753903965 0.0104112833073 0.0132152189325
-0.0498495134892 0.00771203727828 0.00782726170195
0.00258284287571 0.0211937391627 0.0110891323797
-0.0186153486542 0.0341434825431 0.0264260929354
-0.0344037330604 0.0450884796621 0.0200606300845
-0.0060488432559 0.0288880466107 0.0108218401315
0.0415913207582 -0.00560237468717 -0.00217364871295
0.0208111378667 -0.0162076755816 -0.0024560422097
0.0394606610545 -0.0400246535022 -0.0119607697755
0.0271748981488 -0.0323708677843 -0.00916099292633
0.0298530746375 -0.0141456879685 -0.01280929561
0.0203257493935 0.0671972379888 0.00865706099416
0.0204788481794 -0.00506114448595 -0.0174478370729
-0.0398019774596 -0.0089244781316 -0.00882136015309
-0.0283938995275 0.0190337150508 -0.00303480303431
0.00531219359479 0.0207779061306 -0.00106081163364
0.0182878584485 -0.00467499421511 -0.0076070578587
-0.0183458277814 -0.0159554071756 -0.00219447938833
-0.0184225092686 0.00638583357711 0.0204996977059
-0.0234240204547 -0.0114655516574 -0.0233143370805
-0.0476022998905 0.00629331748073 0.0244562986946
0.0231845358603 -0.00197977364719 -0.00998923445188
-0.0995239782442 0.0595471274124 0.0959889861991
0.004061906793 -0.0351192478284 -0.0265215014439
0.0348408725294 0.00109002629922 -0.022677804084
0.0132147975938 -0.0186085519276 -0.0254540265197
0.0340599746116 0.00819026814228 -0.0124367069008
0.0179192064549 0.012835818532 -0.00090473284839
0.00873846841248 0.00762906400553 0.00415776417744
0.0119203309863 0.0120116341819 0.00498499745877
0.00736199131629 0.0124101038938 0.00585584058252
0.0324403248781 0.0200922907759 -0.00222538856757
0.0909166198077 -0.00167809517088 -0.0484601821743
-0.00534443045653 0.00505690584088 0.00621992920281
-0.0128816538241 0.0119681219361 0.0155144305745
-0.0322252430552 0.00827076096851 0.021883782193
-0.0330871663845 0.00943799033757 0.0304915242801
-0.0104952654278 0.00260592262645 0.00557651624849
0.0125667211894 0.00225114370384 0.00433555034853
0.102221627568 0.00614672026759 -0.0770990706947
0.114287128439 0.00222096665796 -0.0550065212999
-0.0344814202303 0.011798803192 0.0207585245291
-0.0038346931379 0.00465099735658 0.0380765464988
0.0959192063862 -0.0286184187807 -0.0462832907698
-0.00414451348292 0.000315424859782 -0.00202790242556
0.0275619859166 -0.015695806372 -0.0115404465044
-0.0363703680732 0.0136906990492 0.0192148452141
0.0219544373484 0.018396370872 -0.00159707080555
0.0162899129618 0.0290278569719 -0.00318425890945
0.0409221731262 -0.0275667463606 -0.0160815538158
0.0319783172217 0.0220536427807 0.0068023926907
-0.00594442046601 0.0376243623808 0.0212181983273
-0.0220787889836 0.0225168418687 0.019358370933
0.091276337927 -0.00328571814562 -0.0536925761002
0.0976131265288 -0.00106611211914 -0.0458812585907
0.042980231165 0.0146615824694 -0.0385631983529
-0.120089245941 0.0294760173909 0.0733712553177
0.0104441001168 0.0176904287256 3.60594750872e-05
-0.0142151772684 0.0205880908021 0.00282924675498
0.0143662360033 0.0129784541867 0.00888343370528
0.0180110342985 0.0350278615462 0.00132876667926
0.0263090790566 0.0119877900144 -0.00558879270321
0.0127050393985 0.0761502748258 0.0120831453021
0.00843709533801 0.0693099783377 0.0114300190909
0.0154419191771 0.0470939933445 0.0103907068476
-0.000957401478568 0.0322885310916 0.00377591562063
0.0156725462117 -0.0164704490413 -0.00998508515542
-0.0196487479549 0.0319640587664 0.0111593827753
0.0335164567248 0.0131875523706 0.00593622751784
0.0431664235567 -0.0127961531818 -0.00428041097871
0.0203396506217 0.000944318133905 -0.00526389423661
0.0189215384524 -0.0315065050525 -0.0138240019807
0.00851904725104 -0.0340860859812 -0.0153259996842
0.0331574506441 -0.0424165842532 -0.0143782170516
0.0366176999707 -0.0349327706401 -0.0068121339721
0.0215129370886 0.00127165321693 0.00104384286028
0.0248919616609 -0.00710481850634 -0.00340861839466
0.0262199093595 -0.0130877622746 -0.00762886925326
0.0243584789512 -0.0300486283895 -0.0177300294292
0.0298081548457 -0.0340542295466 -0.0317255403745
0.0552643191147 -0.0264481914159 -0.0363953079824
0.0312614544109 -0.029041938545 -0.0237925983682
-0.0276498883373 -0.0113805006135 -0.00504711822805
-0.017220477782 -0.0181461060856 -0.0157097282519
-0.0425699094497 0.00747383322342 0.00541475758256
0.00269360655266 0.00476533004159 0.00220492374599
0.0297706356332 -0.0178614663571 -0.0149160480009
0.0103627360603 -0.0120426337485 -0.00536637314964
-0.0375457692323 0.0243185288494 0.0150463071138
-0.0263027650553 0.0280278506667 0.0308628121495
0.0185073494276 0.00741119631987 -0.00688727922524
-0.00699844348857 -0.00051108756333 -0.00178894858344
0.021725046553 -0.0117627058669 -0.00243053762815
0.0190839687233 0.0307411681132 0.00283790002025
-0.000328520511579 0.0109205842063 0.0156423117795
-0.0535540493649 0.00890602502131 0.0149551559749
0.0529726991 -0.0469775826437 -0.00846085699915
0.0676699609797 -0.0572333513386 -0.012975847495
0.0542159696203 -0.0487802884412 -0.0122651727077
0.0477886033059 -0.0498707857184 -0.0128127010179
0.0274450463588 -0.0243348506266 -0.00153960399322
-0.00174402737689 -0.00140159072742 0.00223581136992
0.0163247831713 -0.0326269260833 -0.012730824566
-0.00858429078514 -0.0194486539141 -0.0267003749058
0.00550814899209 -0.0161920836546 -0.0337411116862
0.0257259694361 0.000401069882009 -0.00853354919621
0.019278752291 -0.0354034184185 -0.0162272835208
-0.0766957755791 0.0182132715152 0.0418840076974
-0.0201159043127 -0.0190012942789 -0.00229602330061
-0.0348271037979 0.0208092071619 0.0328289768285
-0.0534699393662 0.0461090765328 0.0598566757023
-0.0205562776446 0.0247415331731 0.0322187090943
-0.0550386057942 0.0442824089085 0.0535109736114
-0.0974447926565 0.0453715278549 0.0816629036599
0.0344768014064 -0.0834444236194 -0.183418902918
-0.176495556046 0.0331178070248 0.117768836239
-0.0166131822944 -0.00841017462221 -0.0407000634176
0.0101850855932 -0.00105874996196 0.00424352470985
-0.0813304007838 0.0286452398541 0.0477614056003
0.00528041817677 0.00722679991506 -0.0239433873212
0.0548892642461 0.0430923830831 -0.0851859119394
-0.0675895385583 -0.00366574122569 0.0279555354149
0.00875656282229 0.00455259581229 0.00625451018173
-0.030217050753 0.0289146373516 0.0372232801529
-0.0566646581147 0.0239075745625 0.0436811203665
0.0341968420091 -0.00697760925653 -0.0210368121076
-0.0219925473676 -0.0247776905918 -0.0176462951748
0.00391269716226 -0.00625192706334 -0.00303733737979
0.0436093983157 -0.0357529714063 -0.0196486665687
0.0392979982405 -0.039167986241 -0.0239101478804
0.0291372071304 -0.0367079112399 -0.0250216797807
0.0352114858381 -0.032143394818 -0.026050238097
0.0349514628042 -0.0159685202371 -0.00432029266645
0.0177126312312 0.0143622555291 0.0157044766121
-0.00819054555044 0.0305127907488 0.0224672584453
-0.0412784772918 0.0332552102139 0.0236296811293
-0.0608399049215 0.0270199382913 0.021712921331
0.0161886923497 0.0177006392058 0.0132388861515
0.0190213699203 0.0408804759023 0.0200428763469
-0.000517599475563 0.0602125706746 0.0255880971863
0.0369116157135 0.013500106571 0.00828976547728
0.0368978827647 -0.00768197434222 -0.00569725437239
0.0290254744242 -0.00495896078727 -0.0076162049696
-0.0406878720973 0.00133684181708 -0.0295270349695
-0.0392309732361 0.010464752465 -0.0145518229541
-0.0112926788331 0.0557153794354 0.0189876846307
-0.00414543118589 0.0627155661179 0.0145284850271
0.00809422581609 0.0582710081335 0.0109658756018
0.00383153772754 0.00701137002847 0.00616137254837
0.0586148301635 -0.00675712829915 -0.028631910696
-0.0198800817541 0.026173806257 0.038600327036
-0.0246943766246 0.0182469277346 0.0443730467686
0.0163487782224 0.0406906396248 0.0134429065815
0.0101433777353 0.00426221647832 0.00970266455131
-0.0112063343451 0.0102688260909 0.0125538312132
0.00721101939402 0.00394652703617 0.0103475044121
0.0299024733133 -0.0166126439538 -0.00767870192697
0.0394645307258 -0.0302255941139 -0.0177797961616
0.0385018081954 -0.0289617936001 -0.0203613348975
-0.0399365503107 0.0219871868135 0.0191027624939
-0.0573188730995 0.0274471712401 0.0229781223087
-0.0422748326836 0.025372182761 0.0230580104072
-0.0194203648787 0.02222894727 0.0241103865423
-0.0222282692946 0.0294535380159 0.0340172653333
-0.00853292193124 0.0191402734188 0.0251124941168
0.0102301644109 0.00239389251649 0.00604958773877
0.0107890640091 -0.00374028160115 -0.00469055055058
0.0241714259478 -0.0187676393822 -0.0186219897534
-0.0327494051311 0.0250777455694 0.0243742177752
0.0855972509129 -0.032248555167 -0.0552303334079
0.0595944448115 -0.0167041120161 -0.0378844368121
-0.0055931029406 0.0165689877159 -0.00366278850597
-0.0756958346324 0.0476295435986 0.074039718119
-0.107204831174 0.0417862165635 0.0879943294219
-0.148779587809 0.0471835676272 0.112900573058
-0.124759446528 0.0353552582654 0.0881674432726
-0.15605505732 0.0399093429852 0.0960214463025
-0.160946908583 0.0232241184954 0.0883826115638
-0.0591188078255 0.0137396276431 0.0347531601559
0.0174528527919 -0.00729954475173 0.126787603949
0.0317073592211 0.00424411142886 -0.0371543606629
0.0491132032025 -0.0180058797489 0.0392703718562
-0.0666966404653 0.0187326986812 0.0491960992682
-0.0414863061294 0.0157250132164 0.0197716660641
-0.0819154688998 0.0243325428541 0.0312573592358
-0.00194804076161 0.00131527559962 -0.00199320380512
0.0493262959479 -0.0147220736801 -0.0202687735832
-0.136442785327 0.0505404578205 0.113510915902
0.00219555628149 0.00469505991547 -0.00477763467535
-0.157301239 0.032396678954 0.0877742879264
0.00578326563066 0.00493090507882 -0.0006858316878
-0.0411996735406 0.0274212980995 0.039186667145
-0.128292535801 0.0393711775738 0.0930785914678
-0.14527793102 0.0237805543188 0.077908789138
-0.0816919840473 0.0436213035497 0.0703985721935
-0.0396430325129 0.025893732001 0.0191989620629
-0.0140246563837 -0.0334078208945 -0.0604198346628
0.0426113355526 -0.0158157548117 -0.0400119032781
0.08683170368 -0.0341613927557 -0.0788954663396
-0.0439520902581 0.0205145100527 0.0142917118123
0.0199545098521 -0.0122468350903 -0.084645321374
-0.0175591384766 0.0132913053449 -0.0229887801491
-0.0429298446088 0.0181676952611 -0.00121481502265
0.0360935781828 0.036722820019 -0.0515241330668
0.319278771955 0.00280412147415 -0.092746831904
0.0268700911358 0.0195812310657 0.00184741057715
0.168694425793 0.0465447162658 -0.113922995612
-0.173838298866 0.0203106984153 0.105429697181
0.201479728597 0.0181695864942 0.0126331304749
-0.133960547145 -0.00919144887208 0.229525207714
0.197137631239 -0.0583239733024 -0.240685115588
-0.0778894227529 -0.100470424923 -0.0822727933434
-0.089266729231 0.0274870952479 0.0406326725536
-0.0501544742485 0.0146499943472 0.0195860161505
-0.0282172356656 0.0111169704499 0.0057955803225
0.00191799802311 0.0107279626093 -0.0109239980897
-0.0579331365963 0.0586285097836 0.0705767077192
-0.0375565036525 0.0437010369702 0.0467604151925
-0.0452021759436 0.034543273325 0.0461322876792
0.0379750329475 -0.00436682914142 0.00444781830128
-0.0893258377911 0.0581825679244 0.0876868204593
-0.061624390246 0.0414745243475 0.0516473363992
-0.0426146163967 0.0157343242132 0.0249611753243
0.0355507101642 0.00794235305559 -0.0154886360293
0.0744655211241 0.00723601046714 -0.0313310858583
-0.0466585678676 0.00971033181527 0.015082191468
-0.130526659135 0.0290789576587 0.0637589868351
-0.0743451253525 0.0255723502839 0.0225767053846
-0.111810968655 0.0213794137816 0.0567408758536
-0.044060027868 0.0126269221662 0.0307731950093
0.0206134107612 0.00175386164916 0.0261427942342
-0.00048790290127 0.0101007027525 -0.007496830208
0.0633834601853 0.00848751316484 -0.0567802204324
-0.122058913589 0.0154353240241 0.0627861669602
0.021527388356 -0.00185342867837 -0.0102728882203
-0.00986537044978 -0.0148812171918 0.0140108925143
-0.0592785718404 0.0279374801689 0.0209317196463
-0.0974416954615 -0.000337892240517 0.0979561442282
-0.0703599025265 0.0134693226621 0.0312213215495
-0.0177658462985 0.0140904506984 0.0164156691793
0.031007946353 0.00682333821216 0.0241944945982
0.0427234582359 0.00662959256458 0.0457876791561
0.076645070011 0.0368031744402 -0.0107566634879
-0.0142851371033 0.0192747931527 -0.00133155965596
0.0412338596736 0.0318032111097 -0.0290935846061
0.0921879160249 0.0452050462234 -0.0619569588769
0.0869076974481 0.0490232885096 -0.0905412115799
0.128045141661 0.0396837126132 -0.136606485255
0.239788626169 0.0132555047813 -0.169596103894
0.317030260601 -0.06856641673 -0.162708031898
0.0828145900641 -0.00238370773094 -0.14695468273
0.0377343296025 -0.0832706736581 -0.19162825167
-0.193203399077 -0.0776365645494 0.034911400871
-0.261153473937 -0.0655862612544 0.199175799301
-0.157158914271 -0.134501015565 -0.0731283432453
0.125704022923 0.0463268732667 -0.0359408739073
0.252099192052 0.0258357572608 -0.0658847329243
0.212486927299 -0.0154902579641 0.105628602351
0.148963784255 -0.0436670826365 0.114073419955
0.0415003325242 -0.0129053007594 0.183439678826
-0.116515449416 0.00838969556255 0.0578577173808
-0.107696657483 0.0187233006625 0.0518916738884
0.01689774533 0.00323813476438 -0.0333539629705
0.0708264243626 0.00324094186201 -0.0593644667845
0.111246168073 0.00952264048674 -0.061553258283
0.127477279079 0.00745073241948 -0.0561373226281
0.0635080473559 -0.00367833376913 -0.0399669212178
0.0420229554027 0.00665570986849 -0.0514009431717
0.0844397652036 0.00314512787008 -0.0716204098646
0.121547528617 -0.00806108072662 -0.0827757471868
0.101794025003 -0.000160635589726 -0.0614890974781
0.124737623107 -0.00127952772091 -0.0796421146141
0.140431069791 -0.0157369809251 -0.0782976144344
0.0830201396107 0.0147626748466 -0.0627467694041
0.0689414547291 0.0092493926267 -0.0474989541415
0.0220759398074 0.00381596823434 -0.00222123990588
0.0547775640783 -0.00280829776056 -0.02313407572
0.0164077509158 -0.00295478318903 -0.0048774314583
-0.0220551486663 -0.000728273647138 0.0197067860522
-0.0205516519569 -0.00175484560423 0.0143622666626
-0.0163979492935 0.00425872293899 0.0247971026704
-0.0203092388724 0.00840480180966 0.0425503524485
-0.0445210299434 0.00795447346997 0.028350968292
-0.0140319232254 0.00180027521024 0.0384363063554
0.0990292441596 0.00562187435892 -0.0678576338884
0.0532454147963 -0.00462472317661 -0.0302001908732
0.0882151550422 0.00217341173533 -0.0482107500528
0.0656432337166 -0.0145216472732 -0.0346837756503
-0.0300019289521 -0.0187516439957 -0.00358513356156
-0.00899614971102 -0.0171098456376 -0.00885528203714
0.0266516118215 0.00681358871294 -0.0118942199646
0.0304632357779 -0.0151638487112 -0.0165980450397
0.250292428101 0.0286206798559 -0.126128571629
0.0378654144947 0.00238676855514 -0.0447563238071
0.00606366868984 -0.00394545945925 0.0151888371915
-0.111268725084 -0.0157538346681 0.205358575212
-0.114865606143 0.0370228149725 0.107262655165
-0.108953797422 0.0412774535835 0.0596266215552
-0.138314664646 0.00741632728745 0.06321794987
-0.17732798469 0.00561147584075 0.165770827875
-0.252779851668 -0.0387060749422 0.145919184866
-0.227620947824 -0.0419724962096 0.0940323850466
-0.148266470831 -0.037093458286 0.250392152418
-0.126031693548 -0.0783283859787 0.217722621427
-0.183778455934 -0.108649988868 0.0351121417369
-0.284988485342 -0.10860994432 0.0739290021077
-0.298870448534 -0.096438361917 0.131781659354
-0.200542011419 -0.0965252697849 0.0770601086899
0.171105789753 -0.113123280289 -0.233439143027
-0.179883343025 -0.135649061459 -0.0484709869467
-0.199948455486 -0.0891796863639 0.157996181788
0.142628517513 -0.0836208244665 -0.0667388769861
0.0502311727682 -0.142581374257 -0.238040426675
0.0540753177425 -0.107956142824 -0.209126863517
-0.262226384532 -0.0783013542196 0.270443768853
-0.138602470643 -0.0653010364282 0.26529732744
0.0648434284983 -0.0668846255841 0.153764068194
0.306334404962 -0.0619624610636 -0.0332355912559
0.359633110646 -0.0341479249862 -0.130651609928
0.2755324984 -0.0354988996954 -0.190013716362
0.0864787660851 -0.0752648874747 0.0739910611722
0.196454774256 -0.107904126614 -0.276182523534
0.25294180783 -0.0794106581883 -0.226915588113
-0.0905947440131 -0.0814424266815 0.119522296951
-0.0365064880941 -0.0865515413591 -0.0371584566067
0.0960720590021 0.0139047851283 -0.0360865260522
-0.120333672712 0.0571034157586 0.108553330297
-0.0235126147292 -0.0606084981493 -0.0882336909274
-0.0113187425332 -0.0443784294196 -0.0924332063223
-0.0686398805101 -0.110850490445 -0.124828576348
-0.15720529497 -0.109916488082 -0.0173246880095
-0.0631007134887 -0.0556100689538 -0.0109512378506
-0.124895541973 -0.0436882901428 0.0313946236493
-0.0219687901826 -0.076569271896 -0.0666173888541
0.0412153119436 -0.0616200206433 -0.0816198270709
-0.0747744687076 -0.0964329861531 -0.112953334347
-0.2234849907 -0.115916338584 0.00183637247701
0.0195200626425 0.0171719832423 0.00111905074804
-0.0495276883359 -0.0112521339788 0.0165871956203
-0.12097073091 0.031869792264 0.0567601449923
-0.00233539807392 -0.0199607233584 -0.00995192637072
-0.0135518132968 0.00880568319019 0.00260235564779
0.0394482734422 0.0203681654747 -0.0128988039584
0.0855734258266 -0.00219373723123 -0.0453338386387
0.101814202845 0.00866574563746 -0.0478741953593
0.120864094975 -0.0168208292678 -0.0741590653388
0.0544727190884 -0.0220047841269 -0.0534526503286
0.125129797971 0.00695994201842 -0.0563888694943
0.140023108811 -0.00600471933142 -0.0730165316448
0.143667261217 -0.1057649 -0.186178399279
0.248459049706 -0.0915413836602 -0.177417086431
0.136883576947 -0.0119216888588 -0.18915322293
0.0192561840516 -0.0354339752068 -0.0235576966397
0.00850108421837 -0.0326568827758 -0.0254305772302
0.0257572938314 -0.0317603816471 -0.0330875091634
0.0600123352544 -0.0330360731367 -0.0469586722282
0.0731932827996 -0.0311734935768 -0.0501004819795
-0.0108418532145 -0.0272031110049 -0.0164203066201
-0.0383736901511 -0.00802887686686 -0.00317353937926
-0.0495286992357 0.00394891584477 0.0046370804438
-0.0276610138069 -0.00827891791481 -0.00811333976045
-0.00920063138565 -0.00796810214209 -0.011783446983
0.0235142407862 -0.0124742181104 -0.0209134324422
0.0562466807568 -0.0133718586827 -0.0221196932882
-0.0262339108015 0.00986711676219 0.00670966821731
0.00277036404864 -0.0225037139871 -0.0240589508926
0.0211150623364 0.00506848568519 0.00888195493091
-0.00972845661226 0.0195397005182 0.0240935522421
-0.017359173782 0.0269709210334 0.036973623247
-0.0197113092322 0.0253065978733 0.0446556041151
-0.013563951451 0.0187396458933 0.0472575790544
-0.0203596098995 0.0188972023325 0.0340397549467
-0.028162832674 0.0147922418398 0.035353431623
-0.0235415966292 0.0132951680055 0.0236844919497
-0.0346864505359 0.0132718577464 0.0462890020201
0.0466707856127 -0.0324316782661 -0.038652043158
0.0370022481892 -0.0236156731968 -0.024150341107
0.0331567641682 -0.0282429606071 -0.0236881818672
0.0299850516341 -0.0133268393546 -0.0146852845032
0.042181216352 -0.0145012985266 -0.0230874845101
0.0624759529733 -0.0273906747771 -0.0426591462264
0.0563957894825 -0.0200221767316 -0.0374974461678
0.0976668178094 -0.0331651025211 -0.0565156192536
0.0903008840285 -0.0298584986631 -0.0549859615761
0.0825640846214 -0.0239781313809 -0.0430275437234
0.000517329686627 0.0116843283465 0.00957355746141
0.014944766874 0.00871755354781 0.00387085255967
0.019272501325 -0.000307511164358 -0.00534084136229
0.00851182707278 -0.0140748761059 -0.0136540585911
0.0218473666712 -0.00925921880913 -0.0153230558724
0.0578348175121 0.00687362962846 -0.0392160769583
-0.00741029451332 0.0149864790861 -0.0111771497813
0.00367597262357 0.00630009032158 0.0019413886227
-0.010278693267 0.00102930327724 4.34944641226e-05
0.0058654679947 -0.0174411402534 -0.0130965457565
-0.0186745386595 0.0100352613838 0.00434632657357
-0.0312255885799 0.00974283289188 0.00559757558505
-0.0269067693473 0.025223451148 0.00880095253866
0.00335856022228 0.0264951798824 0.00132551760645
-0.0203840369901 -0.00737859167141 -0.00279733546493
-0.000180387704737 -0.0201248780256 -0.0123429335033
-0.0433934898931 0.0241500894164 0.0115716437249
-0.050165480934 0.0218683822933 0.0129145986504
-0.0388341238118 0.0311080426936 0.012069750286
-0.00897573850901 0.0320877793113 0.00441384959006
-0.0270455267447 0.028289024701 0.0102315842466
-0.0196603504376 0.0229088247211 0.01181208676
0.0210381622163 0.0193129086651 -0.00462910388855
-0.0277568740267 -0.00426400340368 -0.000102949292498
-0.0501526062682 -0.0106610392154 0.0193000920514
-0.031232693735 0.00869324115424 0.0248637455452
-0.0235876313306 -0.00614028501933 0.0116307902926
-0.0292446983775 0.019268474477 0.0322389963964
-0.00970186163204 0.0133636594932 0.0215994346575
0.00205800684493 0.00160805586011 0.0102240684032
-0.00420842397756 -0.00596657410933 0.00608440793834
0.0154021784385 -0.00968512183694 -0.00209210461427
-0.0360929226844 0.00645464468523 -0.025928892253
-0.0404811067388 -0.0416069260655 -0.00492751685707
-0.0139031557977 -0.0384186445578 -0.0175715061862
-0.0290486361542 -0.056566416879 -0.0241845039974
-0.0318663522822 -0.0505595885798 -0.0300311126454
-0.00797664656935 -0.0137268405007 -0.00506167010679
-0.0213332585285 -0.0552666217425 -0.0416124861692
0.112604184215 0.000698503827707 -0.0674465154724
-0.0142375590039 0.0221835376207 0.0357841818287
-0.0192776458298 -0.0268661118012 -0.0289710591596
0.0204463712808 -0.0411760322723 -0.0615917308603
0.0229581381068 -0.0515052708881 -0.0775451243273
0.0341320643654 0.0191773340503 -0.0766745684643
0.0140016263998 0.0239161076251 -0.050442671908
0.0397012501838 -0.0182200525453 -0.00791197784339
0.0353866021997 -0.0116663373195 -0.00424479362916
0.00960924092233 0.0163226745987 0.00329579013513
-0.00912118001867 0.031496825137 0.00811840581894
-0.0195456220667 0.0402048489212 0.0119270679614
-0.0226304857891 0.0404504341947 0.00831244007981
0.00335363006447 0.0235724574534 0.00625457535172
0.0141532061342 0.013450463671 -0.00118037718378
0.0188245652552 0.0079627976887 -0.00207162365442
0.00959650686288 0.022396001169 0.00128595256635
0.0529656637699 -0.0360308642667 -0.00947103486111
0.0439500589051 -0.0258262671374 -0.0193788076099
0.0471370453022 -0.0427275554025 -0.0234488704784
0.0281809536895 -0.0278159156286 -0.0285569227452
-0.114058218821 -0.12714610341 -0.114990504352
0.00304752934738 0.0574893257874 0.00972230260265
-0.00931874999222 0.0160086256222 0.0219174608471
0.0356313330641 -0.00324613513083 -0.00667970742467
-0.0232494679696 -0.0166797183302 0.0948434328816
0.00151023048918 0.0134778633206 0.0131853825306
0.00800824820555 0.014383008631 0.0108000373905
0.0133543905685 0.00535339064016 -0.000269399691177
0.0245978839951 -0.0300354198344 -0.0235642606654
-0.0489501984361 0.0205058839028 0.0153752071199
-0.0411694696768 0.0096643154012 0.00753023655103
-0.0280535272895 0.0132235385854 0.00579692432969
-0.0288429547316 -0.00149599028522 -0.00021877998923
-0.0141243869766 -0.0129013737946 -0.00737805267614
-0.00669888545859 -0.0257203390227 -0.0134942247031
-0.00340183993386 0.0227103870192 0.00905832054063
0.00733570910565 0.0383354857027 0.0119338988062
-0.00981114846235 0.0473172341164 0.0119469938805
-0.0260553078689 0.0157692818656 0.0523610750871
0.00990932078987 0.0181895998433 0.00907843533566
-0.0344569711137 -0.0302332253404 -0.00465150132289
-0.0288041991329 -0.0298796215325 -0.0132612413045
-0.0103156498699 -0.0111662239977 -0.00784469949631
0.00314634629628 0.000319870233737 -0.00683828870107
-0.00348704202029 0.0126147142613 -0.00471155400138
-0.00778694453227 0.0268093975072 0.000630763657291
0.015366808939 0.00689631018331 -0.00495407928015
0.0259338046682 -0.00451564869823 -0.00893564799799
-0.0232935672418 0.00540777716171 -0.00918360807181
-0.0335771223085 -0.0143748965 -0.0193182739327
-0.0300973714815 -0.023781372956 -0.0211694016338
-0.0279371875102 -0.0443910950839 -0.034093830784
0.00456375557784 -0.00865774121471 -0.00388693975099
-0.0400838942396 0.00426465076828 -0.00765113006207
-0.0499969136946 0.0294286843828 0.00605955252169
-0.0502910229356 0.020938731512 0.008319670696
0.286608780468 -0.0221714346702 -0.00482666226468
0.123466423234 -0.0242027061582 0.143717951169
0.00296126522949 -0.0283292207486 0.237652068095
-0.0412603951908 -0.0539615709751 0.269898435698
0.00302215237391 -0.00935496298356 -0.0082938302594
-0.00534521510445 0.000587503918493 0.000120914644545
-0.0449987905705 0.0478072139414 0.0203136315969
-0.0475718894002 0.0403200592033 0.0280232351467
-0.0417578451435 0.0271106915689 0.0341584690423
-0.0433795527617 0.045103338189 0.0296253612399
-0.0306395574169 0.0425912974458 0.0251202875154
-0.0161750695133 -0.000259567968518 0.00340572926723
-0.0230999392825 0.0058627047591 0.00485094069863
-0.0320342066418 0.00511103874151 0.00741434728116
0.0745223088053 -0.0243172568161 -0.0419883010505
-0.00544483376266 -0.0383175120388 -0.0304980348772
-0.0138377586535 -0.0141162387507 -0.00641771830181
-0.00481343540804 0.032394457802 0.00364639201556
-0.0171143090186 -0.00760915734025 -0.0354576580017
-0.0292625051216 0.0403747448596 0.0246999437565
-0.0232490095399 0.0403118141635 0.0196965837999
-0.0204199341984 0.0107431411269 0.0150054202854
-0.0221222742005 0.00889963207581 0.0105363792219
-0.0158080882065 0.00470076988104 0.00449544105066
-0.0336704335184 0.0113658395555 0.0166758633865
-0.0356130670757 0.0119942366404 0.0201223445471
-0.0225755558565 0.011895528404 0.0172438768967
-0.0394359510004 0.0104173820922 0.0234877057345
-0.0167593652609 0.00812996426811 0.0157858283411
0.0024021482312 0.010103706057 0.00580319942614
0.0134382109695 0.017391737847 0.00728243604684
0.0313111267095 0.0087817835268 -0.00700688141297
-0.185059954993 0.0262839015311 0.112351168377
0.0124634133406 -0.00496342351265 -0.0265671885898
0.0163730202336 0.00480644520395 -0.0160177258104
-0.0295266654056 0.0379668108194 0.0426885050744
0.0273047114916 -0.00973552103016 0.00802269459986
0.0864898577307 -0.00110318936982 -0.0395504202634
-0.073780837041 -0.0109470183794 0.140159129307
-0.00113368906326 -0.0569458386593 -0.0777783000456
-0.0250819950381 0.0213147266589 0.0210522715375
0.0317003397148 0.0178761402128 -0.0120801263862
0.0773204976618 -0.0219037255298 -0.0303338129237
0.0672312788167 -0.0180136751707 -0.0239273174224
-0.0454535549819 -0.00881533297223 0.0548451125607
0.00712357500332 -0.0165286248919 0.0441437939701
-0.0452936432753 0.012807338703 0.0167310221126
-0.0272545878709 0.0171836902169 -0.00224307267234
-0.0828901661811 0.0243067714402 0.0474051207894
-0.0911376265865 0.0256734286464 0.0438989346657
-0.00192997657706 0.0018943370573 -0.0170207319733
-0.0259708020812 0.0168151485774 -0.000188534214281
0.100216738534 0.0184731189633 -0.0369613734604
0.0226045303886 -0.0396638968019 -0.0151304778345
0.0191025643855 -0.0393287012335 -0.0156530959769
-0.00513177105851 -0.0429982785402 -0.0259974418459
0.0157409847125 -0.0208171224193 -0.0129913010097
0.00144820558167 -0.0157004474952 -0.00702143614427
0.0503273140358 -0.0140161705893 -0.0251313194937
0.0205463492478 -0.00592189022569 -0.0120555386783
-0.00421957377463 0.00372098372595 -0.00791957423181
-0.0203137317542 0.012580433593 -0.0155050120216
0.00956675280785 0.00702903738874 -0.00140035727478
0.0878800995478 -0.0329229371319 -0.0726721175082
-0.0509496790662 0.0372584445681 0.0400647373481
-0.0206717702624 0.0106236843405 -0.00792753514428
0.0330301107637 0.00241802114675 -0.00797544072598
0.00100216700003 0.00219848812215 0.0259263066554
0.0100681913494 0.0104537509461 0.0276800555286
0.0118939818333 0.00462319081908 0.0270951400264
0.0288243548087 -0.00631834133302 0.00767553450302
0.0700542095579 -0.0185896101028 -0.0382380959047
0.00312173837565 0.00596976509353 -0.00399950877339
-0.0107707163028 0.0215516585184 0.00309063593575
0.0125879374816 0.0156595305737 0.00511797733866
0.0686368011281 0.020477369906 -0.0256656852289
-0.0363874917753 0.0111675439847 0.0269998491945
0.00828764251134 -0.0307935287748 -0.0281461886992
-0.00432907670545 -0.0496789960961 -0.0397047430009
0.0136193028643 -0.0425389201308 -0.0423569005352
-0.0118004397479 -0.0631213500264 -0.0407693883285
0.113718614672 0.00762767781595 -0.0487697709031
-0.0268299176009 0.0217567400637 0.0427286073723
0.032955493581 -0.0148473383965 0.00179108644986
-0.00364951487611 0.0399328512937 0.00452730042643
0.0433795220779 -0.00875142521216 -0.0339760461243
0.027668924441 -0.00133417236609 -0.0149721268151
0.0299014127997 -0.00743781454244 -0.024675256921
-0.00432298345343 0.00253811254664 0.0100461767626
-0.00570432316942 0.000952815700421 0.0183472128857
0.0218307027821 -0.0329389426978 -0.0198953097765
0.00361228533907 -0.0218079318043 -0.0124927880765
0.0371083475338 -0.0228159457956 -0.00425321580878
-0.104899655259 -0.0390665785924 0.287363935212
0.0890906107277 0.0198456124088 0.0572714202359
0.032506802421 0.0156970608689 -0.00761055855248
-0.0103721175599 0.00639994382908 0.0091921825842
0.00515337303068 -0.00816302707593 -0.00978712925398
0.0119549819058 0.027817299286 0.00174695602932
0.0190496838108 -0.00106592397961 0.0247555702145
0.00295841174455 0.0308205833959 0.00101020280372
-0.00360932434867 -0.0692784577246 -0.0527502610036
0.0136776043932 -0.0140980062676 -0.00688678575793
0.0131925279754 0.0671975980261 0.012069506166
-0.00267642172575 0.00244937873262 0.00155683826125
0.0616737944871 -0.0539571921797 -0.18068436185
0.0154271119894 -0.00849621201461 0.0317921666914
-0.0181084360068 0.0223921472674 0.0291181619408
-0.0241000936489 -0.00385673811832 0.00183526691071
0.0386603545147 -0.0168075805317 -0.118265741923
-0.212147082704 -0.0315007051222 0.215242166229
0.0137408306405 0.00958398674817 -0.0174340976353
0.0334355006179 -0.0284190420186 -0.0176302344341
0.0364912669285 -0.0100859829834 -0.0164916703118
0.183707200679 -0.00564160675557 0.106830698987
-0.00871180162059 -0.000178547862527 0.0170833616622
0.0114219976066 -0.0145846231826 -0.014069643125
-0.00397698855564 0.00722961929322 0.00490238441909
