0.00640435215981 -0.0987473003036 -0.00649445012153
-0.133944205696 0.00722013978526 0.0119925126864
0.00191551860132 -0.016762575982 -0.0432530147242
-0.0192620713925 -0.0331942755076 -0.0326019158971
0.0670174108303 -0.11822334296 0.0114514903525
-0.0191215771427 -0.0121186076395 0.00915413911167
-0.0358155932768 0.00965156237536 0.162582739808
-0.0796373323897 0.123801882165 0.0774494500626
0.14268082406 0.00965180324488 -0.099315132478
0.000180699531479 -0.0689728197497 -0.0416600740741
-0.0133639141272 0.0143275126484 0.019200046194
-0.00336951399537 0.0183148951352 0.0160957190476
0.00906727258224 -0.0205825240165 -0.0248747755047
-0.0135790333107 0.0658330789879 -0.0772732349522
-0.0264819309853 -0.0140328565382 -0.023995786207
-0.0182562568608 0.0223195117555 0.165582828587
0.00420581047667 -0.0145970396397 -0.0168061158086
0.0365302839407 -0.0350678836658 0.0960031690342
-0.0209885454246 0.0622851015636 0.0295917912377
0.000643782828839 -0.0176954062577 -0.0220336688491
0.00973004748742 0.0268038583151 -0.0279930296174
0.0014520299574 -0.0372578816692 -0.0278198432333
0.0235082424451 -0.0218868179357 -0.0188231459415
-0.0119770621309 0.0179550403384 0.0223987638952
0.10968150207 -0.00283483681481 -0.0272570771234
-0.0116681282221 -0.0388979022299 -0.0266822873902
0.0303402216834 -0.0482961648354 -0.0227530595199
-0.081053246139 -0.0023932495409 -0.0451241827599
0.0494240070679 -0.112924902559 -0.0209239060542
3.09133583888e-05 -0.00198253187285 -0.00616669785086
-0.00649759956007 -0.00870369465836 0.0022560396604
-0.031401887654 0.0520746957691 0.118827824787
0.00319275002807 -0.028395049849 -0.0264730793397
0.0186675793174 -0.0391729858263 -0.0243088046204
0.0217945697547 -0.0665224270853 -0.00376211015261
-0.0101430297635 -0.030971860936 -0.0347549785504
-0.0505515622528 -0.0220541172995 -0.0612925891415
0.0065609856739 0.0239349056089 -0.00447621260188
-0.00620162732144 -0.0161013788188 -0.0214080638082
-0.0143538886357 0.0187192214762 0.201233004501
-0.105453165308 0.0656885805282 0.0500172821602
0.0568014088017 -0.0415545222523 0.0282605663214
0.0666289932866 -0.0090744228441 -0.0123254636222
-0.011087861441 -0.0222854930421 -0.00627976558355
-0.0472000549595 0.0243201798169 0.0014152844058
-0.0322077002698 -0.0215577738594 -0.0458334152445
0.0909252860607 -0.0147248900159 -0.0354113921977
-0.00948356669399 -0.00581117648299 0.0439263164355
0.00357249364808 0.00948512939763 0.00138112628102
-0.0135100836941 0.0632649592763 0.0450855873619
-0.0527905131986 -0.00331207487881 -0.0323221086777
-0.0606555825509 0.0415184003767 -0.00113168933819
-0.00231443994035 0.020298082346 0.00406328461523
-0.0796988366079 0.0929279710011 0.207987120198
-0.0411610207566 0.0276746893722 0.0329487603513
0.0214131164706 -0.121907723477 -9.76268243373e-06
-0.00967028615166 0.0223191516313 -0.00822587468915
0.0369987810364 -0.0320679676469 0.0147831169583
0.015144642678 0.0109623669207 -0.0352834983907
0.0269524607259 -0.0790115282615 0.00774755489177
-0.0218074474215 0.088192586951 0.0174972653016
-0.0365433960922 0.113672620031 -0.011308469061
-0.0673439480346 0.1154472707 0.125458085864
0.010831650552 -0.0246884359711 -0.0215636995679
0.0163793240323 -0.0130926974719 -0.016625315459
0.0216220945099 -0.00856819624641 -0.0214899066756
0.035580492184 -0.0466821453158 -0.0275735383276
0.0320939871541 -0.0505642913001 -0.0442494794116
0.0515673073246 -0.108125817291 -0.0135611329804
0.0336103790836 -0.101268871841 -0.0300621686637
-0.0717479056695 -0.00605359321648 -0.0505543054088
-0.0535866667413 -0.0572214388475 -0.0849562339094
0.00221011759152 -0.0762372513403 -0.0695162556298
-0.0336912838803 -0.0423945164484 0.0113866058915
-0.00458915914373 0.0025579048666 0.00419632602531
-0.0167481359398 0.0308986521388 0.0536319761985
0.0455250032597 0.0438814998707 0.00537708818243
0.0958282251666 0.0050222642676 -0.012003305482
0.0410609895098 -0.0376205617473 -0.0289994434201
-0.00797769925255 0.0362408949885 0.0350532508864
0.00771958999489 -0.00314442217347 0.114993035696
-0.0523455414141 0.0479922649261 0.00492512493626
-0.0719806422868 -0.0266320973654 -0.0602412078044
-0.0111431655911 0.0344073739716 0.00177274622668
0.0127142209005 -0.0520022520008 -0.0176475976506
0.00948789128576 0.0293894003305 -0.0104503963369
0.0189605260398 -0.0340203468631 0.0103347300698
0.0266117713979 -0.0107098482401 -0.00612192438876
0.0237611513376 0.00120639552268 -0.00878317109695
-0.0229330717643 0.0258267810677 -0.00805952403974
-0.02755251957 -0.0257495097264 -0.0238380565218
-0.0973501737445 0.0229000571185 0.0752809809665
-0.0250059938888 -0.00776307688935 -0.00491773955314
-0.0245282064015 0.0326673345453 -0.0169353682095
0.0608186427319 -0.00751041882359 -0.040906454675
0.0790492333991 -0.0353945069234 -0.0289685040522
0.0441087228576 -0.014486547705 -0.00759726211001
-0.0281051055057 0.0122188966268 0.00721277908198
0.179614390777 -0.0374221893709 -0.0365488280814
0.0168607205118 -0.039505824743 0.0533138807117
0.0444780602746 -0.086433278082 -0.0286175532533
0.0513025169663 -0.0797389023926 -0.0459796237764
0.0728795750467 -0.0701670842207 0.0127463703772
-0.0490047452282 0.033285823756 0.00309938600358
-0.0684154890475 0.0225375543879 3.50052536287e-05
-0.210310364471 0.0978648285441 0.00549707205321
-0.114758523859 0.051617398638 -0.0136184164766
0.0368928874841 0.00252508251517 -0.0175793639601
-0.00757792855747 -0.149230590952 0.0340329563404
-0.0077410884094 0.0169435015479 0.0124349520715
-0.00550000640115 0.0449347401803 0.0275881512002
0.0485643388113 0.00422606192018 -0.00545261454669
0.0511982384008 -0.00763003223836 -0.0251071033615
0.0593434947732 -0.0150292151424 -0.0202117223462
0.0377935574924 -0.0188630129106 -0.00881653893115
0.017389440794 -0.0195943204186 -0.00908392702413
0.0710695740352 0.0224421547821 -0.0277729085072
0.0675906727426 0.0061505032013 -0.013747740864
-0.120609046176 0.0742731742831 0.0571679299207
0.0511437929931 -0.0250485408463 -0.0519968852383
-0.0662631949723 0.00998891271608 0.0266594389744
0.0484339550274 -0.000268319415691 0.00108681960161
0.0213314664827 -0.00128152476335 0.00430167747329
0.0795097585983 -0.0201822421047 -0.0212771450682
0.107368158003 -0.0243743139781 -0.0351643078375
0.0634030412109 -0.037457279563 -0.0337766021325
-0.0683419678791 -0.0280009377151 0.00651537078326
-0.113771100887 -0.0130329326349 0.034123412276
-0.00945071312159 -0.00530225995794 -0.00357727146107
-0.00122693573009 0.00596702611054 0.0126567726179
0.0476670836107 -0.0330406963378 -0.0286427839934
0.0163719913883 -0.0179504224223 -0.0224981804079
0.0771372844741 0.0169142591922 -0.043618067737
0.0664958499192 0.00918880963984 -0.045386444465
0.0147561802257 -0.0115634990352 -0.00567981136683
0.0530011752401 -0.0236864642283 -0.0619964140128
0.0559727462076 -0.0200127413965 -0.0420220274923
-0.0554922253044 -0.00129937702702 0.0610310307454
0.0442623606798 0.0103596474678 -0.0166680551584
0.0443196011884 -0.034094526607 -0.0424413593114
-0.101230767017 0.0299443320118 0.0349449982528
-0.00148825053331 -0.00270239593901 0.0114196626354
-0.0637872063516 0.0227773163839 0.0296169697094
-0.0422844957398 0.00315240264287 -0.0167137471448
-0.0169317624741 0.0381707510948 0.0105461358046
0.0400840796091 0.0268814780389 0.0015900004131
0.00676416812009 0.0210679047266 -0.00110371221749
-0.0108489331089 -0.00390160852171 0.000255817651806
0.0339577956528 -0.0137900112806 -0.0131840145476
0.0375800462548 -0.0280303172824 -0.0267555251846
0.100348973859 -0.0220413350854 -0.100479467727
0.101639729119 -0.0086797633993 -0.0738535530135
0.0260589035845 -0.0207155741217 -0.0492093401013
-0.044965703234 -0.00170293165005 -0.0223668692937
0.00829673799025 -0.0842282307406 -0.0241981299791
0.0183085601497 0.013653181867 -0.0728927518032
0.0112615463252 0.000376953413809 -0.0373939746309
0.00649338034701 -0.146366096441 0.0203135932872
0.0331775075079 -0.118724867171 0.0274215516294
-0.0172021744324 -0.145916510981 0.0326670447323
-0.0768831480957 -0.072007101993 0.0297467959175
-0.0477953663564 -0.0396553323322 0.000969273434735
-0.10675591038 0.0118186833044 0.0167924219351
0.0609130575273 -0.116687124822 0.0189232373915
0.0274633338782 0.00182617924849 -0.000434925750374
-0.0681319260368 0.00506204209253 -0.00866609819832
-0.165575783487 0.054457992438 0.00367505288671
-0.183943007574 0.0562291391173 0.00722892699755
-0.151995182292 0.0692536428638 -0.00623575597966
0.00354439175692 0.0253512347109 -0.0400457459488
-0.187822270972 0.0845888098792 -0.00231106274356
-0.174104747671 0.0814955188321 0.018753539987
-0.0758389011673 0.0160742317023 0.0156367296018
-0.110912068086 0.0350547659253 -0.00502812529419
-0.0229163654507 0.0162159020261 -0.0258267413152
0.0382737627333 0.00196870356531 -0.0233634635386
-0.0444019864608 0.0222611224974 0.0581085889698
-0.165999296352 0.0836756695559 0.107119226201
0.00665732970432 0.0112047220239 0.0171319390901
0.163105100485 -0.023216906891 -0.0508499370918
0.0731640199779 -0.0312079511033 0.00798377339144
0.0388837221407 -0.0281444646243 0.00237416201512
-0.049648192345 0.0058304234776 0.0160603708848
0.0233307619653 0.00254434108888 0.00112323698757
0.024279858841 -0.0141208144553 -0.00498849100633
0.134673564339 -0.0175745299564 -0.0264634762782
-0.0494079185021 -0.0153609346933 -0.0343323204637
0.0144359522671 0.00246854323143 -0.0257838044524
0.0390517304725 -0.0274234833405 -0.0099733010628
-0.0518921356885 0.0167606323993 0.00387477009772
-0.0172872364185 -0.0700460034143 0.0224734099155
-0.0826491021816 0.0110896199655 0.00458739520974
-0.139015683978 0.023071656419 0.0773882142558
-0.145497613172 0.091005880533 0.013029356554
-0.047192528393 0.0244894089465 0.0579407864617
-0.185029985922 0.0903359422597 0.0260109114476
-0.00569475510567 -0.00502731848849 0.0727487627253
0.0151943454104 -0.00702328120695 -0.000415848846242
0.025598535516 0.0191709872071 -0.0406765406085
-0.00723026593561 0.00674668803757 0.0639577437784
-0.0626500763285 0.0250556927042 0.133447676593
-0.0864422888827 0.037872507906 0.235090114252
0.0517601783967 -0.0282807611503 0.107185344189
0.0031632621424 0.0163714688046 -0.0382947859553
0.0530434477926 0.0264952771407 0.00367021383331
-0.0624407204006 0.0418678049677 0.0553291344992
0.0299133651429 -0.0208746324657 -0.012051685033
0.0866919008037 -0.0282446749491 -0.0557916090467
0.025893430553 -0.00269111174729 -0.0179846846501
0.105811587289 -0.0238866615996 -0.0601928251869
0.01021677678 -0.0149506409301 -0.0157850826547
0.0231914976895 -0.115304961924 -0.0677823471303
-0.0584578077796 0.00415713653197 0.0237133374088
-0.046272066736 -0.0241773493255 -0.00633213787748
-0.0418430610324 0.0326546936642 0.0250597826543
-0.156634922119 0.00730801794184 0.0838070820514
-0.0205993736962 0.00716814064025 0.048850352411
-0.110824380158 -0.0133167623089 0.0266953207786
-0.0756937588962 0.0157059823978 0.00732069428438
-0.0629191833621 0.0529623187906 0.0362049315748
0.00271330552803 0.0193044418168 -0.0139447087498
-0.0695846327466 0.0173194092313 -0.00758523694991
-0.0892377998909 0.0151906203019 0.0104134907367
0.0603644696474 0.0420044276472 -0.000564420998221
0.0685117737575 -0.162938994068 0.00141999486501
-0.0049097228144 0.0246918161045 -0.00846013752308
-0.000630315084529 0.0261745352509 -0.0203552708442
0.0105703538242 0.00130997536593 -0.0310551057299
-0.0176631540426 0.00332180928321 -0.00450050570696
-0.0317927117422 0.0267999071704 -0.0040694070493
-0.0203114914487 0.00454566937541 -0.0178377761221
0.037090274585 -0.0189440692846 -0.0242751052425
0.110256811566 -0.0316757340963 -0.0312808834596
0.0951131610959 -0.0433747403557 -0.0316428879516
0.00387279901722 0.000914643798873 -0.0137307290242
-0.0131892468903 -0.00846717299905 -0.011443175196
-0.0028684928273 -0.022907195815 -0.00507984553755
-0.0200743692863 0.023742469822 -0.0106933139468
-0.000149710081691 0.0136590372728 0.00239210342248
0.00948024836352 -0.0306051727234 0.0172276321957
-0.0734995483805 0.0627903677319 0.0569190300703
-0.0207543570499 0.0708736627466 -0.055298121741
-0.0117638714929 -0.0158534932949 0.00829494829145
-0.0673119238788 -0.0287901118709 0.0218825306998
-0.051370958411 -0.0673542197191 0.0242781338741
0.0601206127338 0.0127819098918 -0.0425522632603
0.0757020924664 0.00484479446914 -0.0516620759884
-0.0235462316462 -0.0129026556179 -0.0325345488181
0.0300257152631 -0.0258920250298 -0.0493274876311
-0.0176755943752 -0.0279294346704 0.00463665524704
-0.0310751490967 0.00183198152747 -0.0104015975297
-0.0370218029382 -0.0117455771452 -0.0131846892606
-0.0799462647631 0.013575535001 0.00705231654379
-0.0729576571182 0.0291092332112 0.021904320473
-0.0420700808938 0.0254561185788 0.0050596130372
-0.0498940647698 0.0228575319137 0.0138860574302
0.0214217751139 -0.0341128928054 -0.0269304362088
0.0294031765167 -0.0384832976946 -0.0273937644197
-0.0266758830514 -0.0233070935695 -0.0218558831963
-0.0726208856793 -0.00934050573208 -0.0173349610958
-0.0686658531338 -0.0107123874017 -0.0280909474655
-0.0621850289496 0.00370698911775 -0.00663629197226
-0.0726033301742 0.0201917496476 0.0247049656577
-0.0478369014898 0.014924997224 0.0198519753583
-0.0333753993478 0.00680026242027 0.00845063959625
-0.0515820030287 -0.018990349644 -0.0262482094954
-0.195773732802 0.0780380247778 0.100545122271
-0.1585350436 0.0575374471376 0.0569653829011
0.0160050340982 -0.0400293820093 -0.058734361545
0.0523235587012 -0.016730155485 -0.0517309481588
-0.00170684842601 -0.0089352990529 -0.0392630371254
-0.0110068551577 -0.0103975341495 -0.022000004186
-0.0416916659302 -0.00248223969592 -0.0258418139991
-0.0202329274119 0.00188637573315 -0.003535424976
-0.0201669242981 0.0200405165059 0.0293575132891
0.00940199641985 0.0255797792896 0.0376556124227
0.0953290881139 -0.0331500932607 -0.131873441637
0.0586279802907 0.000652598326213 -0.010683459463
0.0717968862828 -0.000538824538954 -0.0808995702626
-0.0906860052427 0.00243229612685 -0.0226712441866
-0.0540734299194 0.00331258937613 -0.00839830914953
0.0278143183451 0.0072797016268 -0.00380393545955
-0.0127618097436 0.00042022879009 0.00211424907427
-0.0142923468974 0.0125801531625 0.0214035078939
-0.0256572749894 -0.0106417798092 0.00285839611574
-0.10717225108 0.0332335121848 0.0220165175334
-0.00925442271883 0.00716472190481 -0.00283246915424
-0.114210414232 0.0512326943975 0.0334879031974
-0.0347485425211 0.0242880461695 -0.00725708328611
-0.0976167820376 0.00764733298067 0.0630410397413
-0.0830385288036 0.0204374209961 0.0710963399433
-0.0867825468653 -0.00211587843907 0.0470752624502
-0.0155218403868 -0.00579321484328 0.000682090011412
0.0254782580156 0.0109268725326 -0.0205254842227
-0.107060452807 0.00813270429867 0.0725272083212
-0.0436491525326 0.0210861371009 0.0541716807587
-0.114282081769 -0.0104063059856 0.0443162983452
-0.0920943814012 -0.0508335298696 -0.00258516272414
-0.162759667888 -0.011324465664 0.0579885161873
-0.181498711698 0.0122422576335 0.0857307749152
-0.117696514409 -0.000845181268844 0.0443428841359
-0.0919930287758 -0.00493804065032 0.0465814108892
-0.0139583454058 -3.90944663711e-05 0.0101576038734
-0.0531166723313 -0.0127112953067 0.0186075413209
0.0905729072686 0.0716156901252 -0.0692454404692
0.00103051101153 -0.0563368606612 -0.0248573112324
0.131813134595 -0.00385788780802 -0.117598013331
-0.0696506835997 0.0743104713007 0.128283852247
0.00275873171773 -0.0554346080937 -0.0619306582939
-0.00474891104299 0.00197673512798 -0.00849945463909
0.00655264857055 0.000404912212081 -0.00407119660547
0.0133900320195 -0.00451933481454 -0.014275980492
0.0278829676237 0.00440134143361 -0.0339078899984
0.0921508499283 -0.0327671383263 -0.0648368082952
0.0914683503436 -0.0274883918259 -0.0504021899198
0.0775714204752 -0.0277683068708 -0.0389125129657
0.00273187982237 0.00550898553377 -0.000387638013265
0.0826638348231 -0.0316620380044 -0.0609153688088
0.0796452658772 -0.0150395869002 -0.0480049700073
0.0921766265599 -0.000139374066004 -0.0346454014047
-0.0133953204797 0.013168222455 0.0225526635335
0.0133852076561 -0.00193515889461 -0.00885804384638
0.102275747015 0.00700829250692 -0.0446244298358
0.0307301494771 0.0180167054118 0.0105439393741
0.0507256821742 0.0142590205321 -0.00228571165574
0.026100296332 0.0258466365003 0.0282191518095
0.0545473402243 0.0266450678248 0.00953967909043
0.054740474207 0.0184675538365 -0.016744572083
0.0630497753278 0.0134577950669 -0.0182236708838
0.0466269094837 -0.00949138624062 -0.0385119867415
-0.0368808174828 0.026979428876 0.0540172261041
0.0617255906059 0.00197011954935 -0.0211292820349
0.0528666805015 -0.00261922865166 -0.0514875321167
-0.0226972289514 0.017439548824 -0.00515472909161
0.106550205248 0.00785612422473 -0.129786673928
-0.060720460466 0.024171970607 0.0627591837987
-0.0112670745279 0.0163485760521 0.0335894340679
0.0322822577055 0.00776056316674 -0.0138343778708
0.0543337254988 -0.0165226619456 -0.069579193503
0.0026955845084 -0.0276799606343 -0.0261445004486
-0.0742012266876 0.0125584740173 0.0519999673634
-0.0631520599122 -0.00547988645924 0.0238914428742
-0.0587187782901 -0.0168422587437 0.00937252730558
-0.0890328770545 -0.00964545071311 0.0224045523999
-0.0555893034691 -0.00483541974887 0.0226431368326
-0.0777261562805 0.0375900723167 0.0734864071421
-0.227873205308 0.196744921313 0.0974587302774
-0.0462696924685 -0.0479551985813 -0.00525951708469
0.0383286333042 -0.0459679107338 0.02353066607
0.0586018714492 -0.0239848405469 -0.0779583264021
0.0744073796015 0.148858975604 -0.0299703341168
0.0782604973746 0.096560724874 0.0986462287008
-0.000395434691062 -0.033907657791 -0.0176103035517
-0.0381776688959 -0.0384897689714 0.0132466698507
-0.00124672979796 -0.0759449660401 -0.0267198114786
-0.090203755427 0.0344945239238 -0.0381133617748
0.0934195624475 -0.0641066809442 -0.107418857778
-0.111012794993 0.0270300004627 0.0748524719348
-0.148316581493 0.0202765498868 0.0917286646657
0.0338919335938 0.00066048679816 0.0163126834865
0.00996289515093 -0.00428048376771 0.030966521223
0.0338039610441 -0.0129839629945 -0.00603679768294
0.0291439815969 -0.0137704848199 -0.013934418412
-0.0774092982762 0.00815039567174 0.0852137889991
0.0384429180673 -0.00274790005584 0.0136887491525
0.0423176180615 -0.0123248184423 -0.0110108855289
0.0298934800561 -0.0169747348293 -0.00994252481504
-0.0185874943936 -0.00500372217073 0.043380837762
0.0638516198673 -0.0219980198248 -0.0492592679783
0.0806560758576 -0.0210952124518 -0.0670873262495
0.0788381357033 -0.0187953123445 -0.0644053582671
0.0573068275062 -0.0250827030591 -0.0728663078686
0.0078678577126 -0.0364307091176 -0.0554287907106
0.0726784758944 -0.0305671801714 -0.0957186824656
0.106670355191 0.00191435393175 -0.0837118201995
0.117512424504 0.00903865648114 -0.077729504377
0.123143650894 0.0199857751004 -0.0707907529843
0.0727201254408 -0.0115894180822 -0.0631768303981
0.0416920596621 -0.0460371734081 -0.062921831155
0.0987146315384 0.010846616091 -0.0471377637538
0.0209607948927 -0.0478624878539 -0.0550056417091
0.0346141081944 -0.0271079163411 -0.0693955528719
0.130171727766 0.00205809645528 -0.0989706785614
0.120320035998 -0.00796196406732 -0.0898283743518
0.133768644114 0.00137014585706 -0.0979256518385
0.0446079885898 0.0389500229684 0.0101339416109
-0.0365759335382 0.0458084795203 0.0506668666995
-0.110151356432 0.0181605916811 0.0605195801062
0.122872416449 0.010006930834 -0.079638622732
-0.0620329101541 -0.00263325383931 0.0413565859311
0.00234238237555 0.00134950506831 0.0413967797242
0.0279480162707 -0.0175393356095 -0.0124619433551
0.152113928089 -0.0162994106448 -0.167802121634
0.112051293411 0.0274255367635 -0.0980276481282
0.0477698242004 0.0326472066154 -0.0720688471254
0.0202876377037 0.0321697817073 -0.061298719421
0.0991038451692 0.0786235050189 -0.0591220199777
0.101575664372 0.114229098294 -0.021108741567
0.093823648448 0.0537732180225 -0.0538182064916
0.059877649037 0.0459569400172 -0.0856544732671
-0.0144485101016 0.172753438625 -0.126401806304
0.0524255360546 0.263088848028 0.0166927245849
0.127180501886 0.0585266185625 0.00423292505743
0.110648839925 0.135046163265 0.0161444744174
0.045438233386 0.192774358059 0.0325336340224
-0.134039996674 0.241433973229 0.167137940661
0.077469199852 0.182988034216 0.0928338371976
0.0300759240185 0.219058108359 -0.0591645561194
-0.182263640623 0.34369994263 0.0103542578056
-0.0197997692338 0.15074680391 0.172637087755
-0.000242345608926 0.0648845570313 0.127053259451
0.0672914621261 0.139743038042 -0.103816858605
0.0169862627883 0.0824545784913 -0.115354277411
-0.102176597863 0.120545733799 -0.0909202235181
-0.21477929823 0.137457709977 0.00991212201357
-0.180794231075 0.0809387534931 0.0761673036532
-0.145778480225 0.117388750043 0.120662637835
-0.146059659232 0.244335712025 -0.0771990216662
-0.0966120233829 0.141646721268 0.176774750665
-0.166350414406 0.186189146707 0.154240824753
-0.0355025557043 0.287477843017 -0.0982567774895
-0.0441404747299 0.378134181795 0.00744113959895
0.0512428788627 -0.0117468444266 -0.0340019611898
0.0326843299032 -0.0244064192227 -0.0377922887343
-0.000690445785277 -0.0245675745197 -0.0373741451744
-0.0279482066223 -0.068198396198 -0.0490495759
0.0477264917533 -0.113372393943 -0.100947491393
0.0222038782193 -0.0587370357899 -0.0785240358778
-0.0738378592956 -0.00937227485347 0.00485789737916
-0.0221128625127 -0.00668995386374 -0.0453820207802
-0.0563151285714 -0.000554519261359 0.0206632374344
-0.0617137464874 0.0217679506776 0.057564140673
0.0652954993709 -0.0939370557817 -0.0635561586341
0.112131845401 -0.0321929760952 -0.0446044916938
-0.0794290225018 -0.00363258538444 0.0257317251162
0.0313991945214 0.0234158925206 0.0130923425332
0.0221831915788 0.00903429394156 -0.0024208257164
-0.119147564376 0.0120416681353 0.0658673816871
-0.0945662734536 0.0184133902655 0.0627740202976
-0.121625818962 0.0102198861177 0.0940957229755
-0.0968986981961 0.00777128801428 0.0843975592249
-0.0500252906312 0.00305073890075 0.0516735957545
-0.0180696054089 0.00549046677319 0.02899543466
0.00373768386389 0.0323241280226 0.0267744777282
-0.018366797605 -0.00690702879918 0.0275289341216
0.0123313085435 -0.0139393063855 0.00200667197915
-0.150624564238 0.340211607828 0.116813034847
-0.21906783831 0.285144317897 0.104920677048
-0.0273299890494 -0.00184149788795 0.0451626428709
0.0431965795389 -0.00232904880093 0.00476292910295
0.0312880311713 -0.007870032294 0.0257032319339
-0.0798597909803 0.0319686434164 0.0815224926341
-0.169147054174 0.0632543753309 0.110252305484
-0.160257640401 0.0491110788341 0.0877854569219
0.118366142481 -0.0292810548809 -0.0202422198212
0.163924397724 -0.0405872219344 -0.0297910424516
0.125414292937 -0.0405436669863 -0.0171205183335
0.0530285876564 -0.026931693837 0.0155375231558
-0.027516073983 -0.00418071781388 0.0388128546855
-0.0809351957366 0.0169793246686 0.0515207744124
-0.0706366526076 0.0184214099052 0.0260898563553
-0.0225189383401 -0.0117274681007 0.00951851330171
-0.0182137385643 -0.00382596596257 0.0499873065962
-0.0255380778902 0.00645421390042 -0.00161296778286
-0.0330686310319 -0.00579225141489 -0.0216321997576
-0.0269754538088 -0.0149808687393 -0.0420556857802
0.00524590916128 -0.0236120014945 -0.0507457129688
0.0351072911979 -0.0335555920428 -0.0572724040348
0.0010915224522 -0.00462053294158 -0.0283223341961
0.03399750499 -0.0041595608982 -0.0363125861603
0.0103295764717 0.0150099231995 -0.0155636463059
0.0553130799722 -0.0362068563708 -0.0621865929783
-0.129907709371 0.0562648204659 0.0986434827459
-0.105930004296 0.0642010112504 0.0771723030233
-0.048893137169 0.0364493989311 0.0495156793275
-0.107290586477 0.0737931933949 0.0696271025421
-0.146821127695 0.0879053729281 0.0864108398912
-0.187464120877 0.0955597348912 0.113063804296
-0.172727104352 0.0933002691944 0.0942143665529
-0.15833509372 0.0468851238875 0.0665009456597
-0.155420759716 0.0563102528249 0.0678484988388
-0.0942184877872 0.0244999415983 0.0260874599212
0.0060139700215 -0.0311446592397 -0.0157232650981
0.0022702542636 -0.0374905587848 -0.0194770647905
-0.0569863092329 -0.0310013375266 0.00111183980576
-0.142385909768 0.00734933213766 0.0490103468552
-0.00261115912635 -0.024101017834 -0.00675547573707
0.00924566292 -0.0165774301093 -0.0585494131684
0.0201301631367 -0.00377082013662 -0.0271459871577
0.109316267791 -0.0296322809704 -0.0444209392952
0.0890170539066 -0.0251124208433 -0.0396251564106
0.0553199475991 -0.0275040707289 -0.0389319847338
0.0885183541289 -0.0040663611352 -0.0356959419047
0.047261820544 0.0166299835287 -0.026695544909
0.0764643691508 0.025030040003 -0.0142958738293
0.106284880297 0.0129688529646 -0.0155204394913
0.0274101369548 0.00838671081183 -0.0331107609537
0.0371416491737 -0.00693807048824 -0.0432702801098
0.0241512079282 0.0431521322967 -0.00152727940567
-0.00340156450063 0.0340003552374 0.0111880321994
-0.000918471664773 0.0519147327812 0.0201422209679
0.013141925256 0.0455682344928 0.0152669712942
-0.0220330537124 0.0369026567575 0.0210392714423
-0.0365394468306 0.0450837489463 0.0249467293546
0.114026870938 -0.00748999693114 -0.0227661894299
0.0135755920299 0.010528105009 -0.0169887496574
0.0208598241656 0.00833515286067 0.0102260583505
0.00986998973135 -0.0219846925696 -0.00495324901551
0.0129630164302 -0.0233132204102 -0.00589766239251
0.0317730637693 -0.0232507744758 -0.0175856021757
0.00278451801509 -0.00228778358909 -0.00656085162199
-0.0127158663201 -0.000175203003698 0.00184961255154
0.0138084884965 -0.0169915767562 -0.00417627860836
-0.00806810142373 -0.00177197997683 0.00342451521754
-0.0473660919063 0.112111010398 -0.0214882813193
-0.0318034306755 0.0527148996517 0.0464536292389
-0.107134986713 0.0448934574782 0.0603816843922
-0.0318484498743 0.0445118438542 0.0364775736252
0.0304745543654 0.03735621605 0.0220321677863
-0.111532654609 0.0274808098636 0.0594096344188
0.0149090209112 0.0580836009405 0.0398590454887
0.0960444770333 -0.0199558368521 -0.0795370475777
-0.0136128552363 -0.0820111786129 -0.0753134781326
0.0712091660664 0.0392958677684 -0.0132045761961
0.0248548788447 0.04387894668 0.0156439010937
-0.00210495214793 0.0338503955102 0.0224394072981
-0.128255787548 -0.0285425944864 0.0263451016845
-0.167583978429 -0.00494440082904 0.0591487777688
0.0244110389045 0.00290933327511 0.0988631515739
-0.0172321289565 0.00955488176654 0.0468168163785
-0.00250742353311 -0.0272061216187 0.00701006091372
0.0520309974815 -0.0640122914766 -0.0182605550806
-0.00387461562751 -0.0481463912504 -0.0303651322446
0.0137626099865 -0.0197746866455 -0.0255859229876
-0.044089174099 -0.0185459290958 -0.00934947855253
-0.0677064941669 0.00582003052964 -0.0128306323583
-0.0461091552373 0.0114766384557 -0.0208459047364
-0.00292076275377 -0.00286364476935 -0.024975283116
-0.0213718067656 0.0295999007298 0.0794489198961
0.0188706855552 -0.0130295064961 0.154151244206
-0.00940009607891 -0.0172138725226 0.165283378352
-0.044815615288 0.00171182636139 0.220297774825
0.0904253967873 -0.0189983290476 0.0364640618677
-0.105939089566 -0.0247690483143 0.025630905589
-0.041211617511 0.00645556278746 -0.00438906447389
0.0658196095909 0.010344841666 -0.0340548696305
0.100067657247 -0.0138415699984 -0.135260770362
-0.0281293013333 -0.0282886495212 -0.0140318889832
-0.0789303161116 -0.0301195251466 0.00485266922077
-0.109906823474 -0.0231783102789 0.0218631447893
0.0234762615484 -0.0163946326511 -0.0293883252548
0.157765893194 -0.032278765522 -0.0342879156171
0.173039285882 -0.0224434294269 -0.0373272426234
0.103764373655 6.34920516858e-06 -0.0228397221612
0.143440227788 -0.00784814907044 -0.0417321353019
0.0813873305583 0.00656468343396 -0.0474396272192
0.100116551038 -0.00913144443456 -0.0517894218435
0.0261355082637 -0.000804731145717 -0.0559222945214
0.00321307016517 -0.0329519469027 -0.027602562048
0.0271525368456 -0.0678843284184 -0.0406946310282
0.0439917646099 -0.0462643204343 -0.0648376383794
-0.0877968368934 -0.0166451988004 0.018052911835
0.0134532131594 0.003721443144 0.00806501608746
0.0391370516765 0.00330783994161 0.00238835622007
0.0569353853376 -0.0166009496625 -0.0132077660007
0.0700335478996 -0.0162550717962 -0.0204249650189
0.0707301467654 -0.00967967485799 -0.0198437830719
0.0515432970299 -0.00775166645644 -0.0199215857753
0.0658738247232 -0.0108169728617 -0.0250430225906
0.0530024852124 -0.00505269626962 -0.0208305116054
0.066741037742 0.00292251608033 -0.0060543517599
0.0441057364729 0.0309311269186 0.0181503746078
0.0558068092508 0.0202842891316 0.00972344627235
0.00342647919277 0.0677303476021 0.0476933561997
0.0418348608775 -0.0242826422201 -0.0164411887656
0.0287771427548 0.026010466876 0.013599659083
0.0313489494104 0.0027804507117 -0.00779088015884
0.00457455367239 0.0124758677995 -7.63332190365e-05
-0.109617110046 0.00681921730171 0.0213168738709
-0.0124801910714 -0.0373991198 -0.0397551665703
0.0844777170671 -0.0660803843992 -0.0961639938177
0.0244195709432 -0.011976969487 -0.105147004739
0.0587476488713 -0.0348842087464 -0.0305393798337
0.0589717003178 -0.0356602018172 -0.023129304992
0.0178635377602 -0.0552545180323 -0.0438961961167
-0.00439234946272 -0.0494865474528 -0.0473105156505
-0.0317880005936 -0.036552334271 -0.0518134273606
0.0272639047628 -0.080141410747 -0.0577022096707
0.0643118433712 -0.0896763829477 -0.0424367190247
0.0713650313487 -0.151085148634 0.00301124698639
0.0676518701854 -0.141986341762 -0.00256128667106
0.0511804243478 -0.0987134914489 0.0112687080326
-0.119734497329 0.0261811513091 0.047526682732
-0.026922728629 0.0549920677841 0.0430430324072
-0.0450554716968 0.0371213689846 0.0198597596096
0.0203523003952 -0.0106504127602 -0.0252119134702
-0.0959508021009 0.0764030227556 0.170155849471
0.0903509288357 -0.02040345893 -0.023056650084
0.0643278509657 -0.00969603526765 -0.00998834157687
0.00502922160717 0.0122219843979 -0.00213560643415
0.0200724600261 0.00131850295741 0.00266582333419
0.0281033465427 -0.0110763844376 -0.00492415989237
0.0491145354641 -0.00265385875656 -0.00900335586799
0.058942911329 -0.000640510143605 -0.0181770437043
0.0351240448875 0.00197784400658 -0.0175343757988
0.0709106397925 0.0127086275939 -0.0323578541141
0.0602786928 0.0126714930725 -0.0389921962947
0.00325330265301 0.00600981141316 -0.0088103970728
-0.000774962108569 -0.0023400281838 -0.0156003427881
0.0408117601776 0.00469292321569 -0.0320575786305
-0.0472020245997 0.00939477241035 0.0151810392491
-0.0602164478214 0.0457972060736 0.238227268958
-0.0112082220442 0.00533759704039 0.191731199645
0.0580298094732 -0.0195468672222 -0.0378441674855
-0.0760239010966 0.00951151048447 -0.0232063330181
0.0715899618836 -0.00486962801942 -0.0507288039466
0.128337257874 -0.0125818969613 -0.15879332221
-0.0214958747097 0.00911943269726 0.00767623203392
-0.0358756353703 -0.0118567232981 -0.0155850156357
0.0458391865357 0.00875550255039 -0.00256370225288
-0.0449321041561 0.0179527263533 0.0195418067262
-0.048440894442 0.0246434196163 0.0288985842624
0.0784633983949 -0.00248484980023 -0.0965005896757
0.0774199838844 -0.00896588293844 -0.0917363685445
0.0230471160616 0.00620929706683 -0.0286352513462
-0.0314110241691 0.0114019795145 0.0316756206442
0.0456430401363 0.0156838712539 -0.0673533744076
-0.0219576229498 0.0276309934798 -0.0295147537652
0.0222527723923 0.00131643806209 0.00823702565204
0.054747507107 0.0133931935179 -0.0157015565232
0.0237951953222 -0.00920602216312 -0.00885032800318
-0.082544543726 0.0473239385736 -0.0263913255056
-0.105981745678 0.0584145378978 -0.0195966906629
-0.108296021051 0.035629055554 0.0513445556156
0.049794222569 -0.0457420518898 0.00963210076621
0.0620364560447 -0.092558524949 0.0128232205612
-0.0454995911495 0.00979998568894 0.0115923348099
0.00102143031342 0.00335830758344 0.0146419887519
0.0167660184403 -0.0212788652136 -0.0552389267895
0.0112165134227 -0.00785953508581 -0.0674799734612
-0.120175099069 0.0095046473551 0.0551764612768
-0.079532865882 0.0139967292617 0.0740945301876
0.0332345513783 -0.00798462286023 -0.0223646687196
0.0332065712763 0.00546862251291 -0.0184185823825
0.035854096575 -0.0359806419406 -0.0715407687381
0.022111515697 -0.0509862229203 -0.0708014690435
0.0160464883564 -0.010711367049 -0.0289317863319
0.0329435397785 -0.0166922705799 -0.0280792852603
0.0239467070748 -0.00575173773766 -0.00501468239897
-0.138147163737 0.0296152585379 0.0249758809179
-0.11812261878 0.0425426203996 0.00288601031321
-0.0414737228832 0.0180259437574 0.00484563140716
-0.0410706691192 0.0396612209892 0.00886995146662
-0.0869754801617 0.00620469837207 0.086641277152
0.0560024348718 0.0183627566011 -0.0322389862015
-0.018019795499 0.00327795967978 0.013519735968
-0.00353349984503 0.0339374509631 0.0286363654849
-0.0043746707376 0.0277196926126 0.0289159207934
-0.0311328088508 0.0462537495264 0.0372622802164
0.067320330025 -0.0142165141135 -0.0464734628816
-0.0345794159907 -0.0598740462772 -0.0793828785515
-0.0215039949515 0.0304204197984 -0.0226375256226
0.0231645495285 -0.106670363249 -0.0309572429429
0.00201549536516 0.0268946686996 0.0239158978769
0.0463516861317 -0.0220647642901 -0.0158626379377
0.0393341017679 -0.00696764429271 -0.000936164348921
-0.00365769366504 -0.0236913521281 -0.0360104748804
0.0089719696478 -0.031579295776 -0.0349450159634
0.0112345985213 0.0156863956611 -0.0263809847486
0.018853247648 0.00860992194013 -0.0179132558714
-0.120403526673 0.0558620927315 0.0312960858285
0.145215804206 -0.0455137199426 -0.157577270366
0.0515594596823 -0.0454586573744 -0.0698987511919
-0.0403834887466 0.00378335667591 0.0255385047702
-0.100847175607 0.0095775475758 -0.00678108560956
0.0125422114898 -0.0137546734312 -0.00853990911352
-0.149526246732 0.0205838408835 0.0153754522176
-0.0376056265178 -0.051469513524 -0.0723925571975
0.0717684365728 0.0297040876323 -0.0016571202473
-0.0174636972191 0.0711968039006 0.0551761470122
0.0502018622003 -0.140275213231 0.00848637647418
-0.0863076641602 -0.0531248285039 0.0246354127547
-0.0233897237781 0.0134980455272 0.00743328887167
0.0119768162082 -0.0773545952102 -0.0221688577526
-0.0844665601135 -0.026167862893 -0.0734937480397
0.00294213251752 0.0198092013165 -0.00595173605784
0.039085442743 -0.0582469077898 0.00593210819652
-0.05101126059 -0.0683021499421 -0.0267810233295
0.0766586033121 0.101855816124 -0.0539885092668
-0.0732728286786 0.0129924245926 0.076771614086
0.0246457462322 -0.0017341117663 0.00393023973431
-0.0260017182954 0.0226939311753 0.0131420194195
0.0297416519369 -0.0761514894143 -0.0477941502663
-0.0701017043652 0.00214975745094 -0.0251123898605
-0.0960489971561 -0.00971505995375 0.0242907874495
0.0636492561917 -0.035165274249 -0.0245111054547
