-0.0935666269029 -0.037846540936 0.0156928027173
-0.0846498418328 -0.0730230217854 -0.0171950257401
0.0289788538968 0.0131526978219 0.0289503997759
0.0228781035266 -0.0202308951146 -0.0321424751366
-0.043166059267 0.0806231291278 -0.00352460357834
0.0132257660514 0.0376395309545 0.00123842216784
0.0907037159459 -0.0408849175856 0.0354923300071
0.00763418231473 -0.0479404103478 0.148759777566
0.0815335090201 -0.0364521682392 -0.0929140414397
-0.0709785472662 -0.0475935455674 -0.152991821341
-0.00830990612054 0.0433941915131 0.00622302092792
0.00207434235162 -0.0360995848978 0.0166397427856
-0.00817564391223 0.0450483491609 0.0102436250273
-0.00785824189509 -0.0138652293178 0.108333212217
-0.0351039687963 0.015118732777 0.00821262400706
0.00397423052114 -0.0392597385192 -0.0134276063139
0.0081275683219 -0.0231052492628 0.00893784526331
-0.0289609996646 -0.0206270975633 -0.060022610751
0.0672008374225 0.0088928492059 -0.00425642078448
0.0139601008276 -0.0335890859576 -0.00766909897781
0.0122941115322 0.0151405362139 0.102488818492
0.0208589730256 -0.0120832275735 -0.00405307627517
-0.00253035252107 0.00625783326978 0.00842932234024
0.00575835309806 0.00778101041708 -0.00496205237047
-0.0429554089099 -0.00472563500465 0.0159954747752
-0.0211160680182 -0.0542927079511 -0.0868703259446
0.00811333489436 0.0289103433644 0.0529568215909
0.0595274017528 -0.0200406369915 -0.08243608443
-0.0502652471644 0.117801231093 0.040071635344
0.00606709146109 -0.0351322868565 0.00255189739504
-0.00674974500209 -0.05038325282 -0.0383409065446
0.00591759407979 -0.0529867725703 0.0109482197985
0.0166465073348 -0.0210954438692 -0.00158171909363
0.0228671857506 -0.000399420891465 0.0265385686369
0.0197671713296 0.0384572117114 0.0151320065633
0.0188180042587 -0.0357859677624 -0.0340636410179
0.0469148942077 -0.069349769739 -0.109956364186
0.0184582793029 -0.0165029971939 0.0658813047344
0.0102306872738 -0.0508874502875 -0.0363701752473
0.0601327097948 -0.0241442452056 0.0204951702711
-0.0170957206481 0.0369346817502 -0.00160004819449
-0.0486269044354 0.0297077735828 0.000804779420434
0.0887223541478 -0.0598691777041 -0.0364766148745
0.0497756209042 -0.00204820211417 -0.0100617884222
0.0699008852941 -0.012266546123 -0.0321669448803
0.0488079479192 -0.0577459279842 -0.072558242172
-0.0488158216273 0.0270991227469 0.0264104232722
-0.018970744617 -0.059546801526 -0.0699907302449
0.00202381996479 -0.0196512428989 0.0334773170951
0.00454071601643 -0.027305739544 0.0687164720679
0.0626439383953 -0.0395504749975 -0.0671877528733
0.110937733179 -0.0225184411453 -0.0488962442074
0.0684095986637 0.0127773294315 -0.00701878823169
0.03153959412 -0.0444816298704 0.0916606476668
0.0450577970667 -0.0320535329666 -0.027583244564
-0.0832668467185 0.0832670699535 -0.00663337547913
0.0918091929498 -0.0537118011627 -0.021458634362
0.0289648960896 -0.0209860259306 -0.00866471800647
0.0164584918426 -0.0682779325397 -0.0283491456435
-0.026989781023 0.0819499262116 0.0127516672389
0.0205548455471 -0.026136307694 0.112700847288
0.00874535864445 -0.0213491051751 0.137996270439
0.0235671647947 -0.0512935234988 0.108348799236
0.0132279637161 -0.0100961222095 0.0211053431119
0.0105547174563 0.00084019801268 0.0492815148727
0.0193762620142 0.00781104323181 0.0727600149283
0.00139621846596 0.0478413321505 0.0734535288604
-0.0103313709698 0.0629744449359 0.0694776665453
-0.00489036892859 0.0718107449347 0.0387148192817
-0.050581620281 0.085230801902 0.0199702546172
0.0631023878429 -0.0472847662786 -0.0983782962353
-0.0279128167714 -0.0419422910521 -0.143590818747
-0.0915308975992 0.0269181539524 -0.0824351001286
0.015196090813 0.00926756806745 0.0273011650099
0.00240340064373 -0.0462938060659 -0.0138335136383
0.00498028898778 -0.0582385590119 -0.0106623265233
0.00570023564654 0.00212290013266 0.00826667919486
0.0141890458464 -0.0236530275262 -0.00722022723117
-0.0653857198148 -0.052777740129 -0.0157643227318
0.010529898597 0.0974326393953 0.0696488147543
0.100513417456 -0.0211094626442 -0.0122661479552
0.0584186081322 -0.0567806658039 -0.0414677622015
-0.0199974269612 0.0217768912467 -0.0762149630617
-0.00166368177292 -0.05322241003 0.0938042212583
0.0282254694348 0.0115675404557 0.0101072754274
-0.0185669850001 -0.00961255107196 -0.000439435956628
-0.0303778781419 0.0482879830937 -0.00148000468744
-0.00582282317966 -0.0223805370898 -0.021191091032
0.0412394706553 -0.0660470339311 -0.0282574209961
0.0560794373003 -0.104004585073 -0.0676475066023
0.00539583641777 -0.0446672002142 -0.0475576180687
-0.0392774863608 0.0252890821153 0.0222584203793
-0.0543840967752 -0.0263712655256 -0.0304114836841
-0.0424884758861 0.0412088056721 0.023174186227
-0.0229024248064 -0.0170261131497 0.00822926321763
-0.0560737389118 0.0200915988649 0.0251036927915
-0.0177855524712 0.0334806492673 0.012773815393
0.0176864140088 -0.00935329633101 -0.00352841728307
0.0182820019632 0.0137046773385 0.0133139214925
-0.0500157559888 -0.0386158166628 -0.0981532573804
-0.0987290404587 -0.00111426216098 -0.100181313498
-0.098389682221 0.0403096026308 -0.026368356025
-0.0757336763786 0.0158792643785 -0.0439129780331
0.104632087145 0.0106694466298 -0.0241134454016
0.0598271220519 0.0592644664355 0.00792927473145
-0.0514465962053 0.0193319202156 -0.0255712904221
-0.0883637207873 0.0879565468239 0.0270906427542
0.0554474243414 -0.0517189411858 -0.01329866414
-0.0891889850459 -0.020229287702 -0.00654678887316
0.0461969034092 0.0500026928935 0.0286866051733
0.0367357466968 0.113578225857 0.0737026568993
0.0642913013964 -0.00104553492881 0.00590397790881
0.0852960988145 -0.0733484898924 -0.033832343508
0.114283728714 -0.101244023705 -0.0566413210267
0.0905916648628 -0.0668019546532 -0.0592332940912
0.0692606781834 -0.0609248133275 -0.0666662808052
0.116151408412 0.0890146051795 0.0144765963466
0.0704775777849 0.0334386903887 0.0376209532404
-0.0333819344113 -0.00524890381695 -0.0168407845392
-0.0139166834082 0.004835634692 0.00864553015895
-0.0950263520556 0.0207362677185 0.0240953667585
0.0106567060416 0.00692380619481 0.0115744689113
-0.0159976988639 0.00278307183 0.0103550107842
-0.029934731702 -0.0385259162237 -0.00999638936406
-0.0526405034001 -0.0330753881944 -0.001532404498
-0.0795701300665 -0.0138533775425 0.00787085642645
-0.121795413917 -0.0288377924722 -0.00216606825966
-0.0921694161399 -0.0315921188684 -0.00115804179643
-0.0179019896773 -0.0388473722119 -0.0108048923153
0.0424772711915 0.0404656709384 0.0922141230332
-0.0576623141728 0.0220486047399 0.02002129844
-0.0522413233766 0.0064082417484 -0.00535906216293
0.0199547633812 0.00347919652241 -0.035549756005
0.0689581199421 -0.001105396913 -0.0174930297652
0.0138809240506 0.00732719675984 -0.00408381596207
0.0713714592332 -0.0103697025555 -0.0469292289901
-0.0336726375925 -0.000846367446557 0.00559835519924
-0.0833562700183 0.028539069996 0.0996107093511
0.0316314777434 0.0218042730164 0.00412112173514
0.0404646124959 0.0358423366141 0.0453779046892
-0.0260364710477 0.0532822328336 0.0698348832409
0.00854051676792 0.0227903190576 0.0110451175391
0.0159350430546 -0.0551813910856 -0.0508635698702
-0.00374963980487 0.0763474557513 0.00971005968732
0.077724336402 0.00354203403845 -0.0173482173797
0.0400104518047 -0.0066241910339 -0.00965633454937
0.0787579924505 -0.0693297587101 -0.0216374119809
0.0776542851916 -0.0129551863941 0.0129510694656
0.0981288061377 0.0390751057406 0.0364413563415
0.0535518631504 -0.00297177579982 -0.0141873748014
0.0394849063676 -0.0270265528028 -0.0713443427322
0.0142322151934 -0.0277179334495 -0.015523775242
0.0253910686005 -0.0168152349764 -0.0517707882785
-0.0658637421492 0.0267667592975 0.0446038560646
-0.0737049283703 0.0315990007342 0.0026164579786
-0.0394161848523 -0.027302342764 0.0579888497483
-0.0265643374924 -0.0700102802587 0.0152479251214
-0.0976843278441 0.0172810862272 -0.0124474167091
-0.0454028897657 0.0279870176343 -0.00641333554702
-0.123387304067 -0.0472416624831 0.00191455103486
-0.111215173796 -0.0480260916296 0.00355271018785
-0.100580786041 -0.0705288596469 0.00297293560665
-0.0638978799809 -0.00468240989752 0.00703432182573
-0.0407535766022 0.0648807269707 -0.00467932222355
0.029007994477 0.0362536667492 0.0368068548191
-0.0237195090171 -0.0925995048467 -0.0217233844437
-0.0143017317724 -0.0656119941443 -0.0449597599897
-0.067672263411 -0.0192256324264 -0.0186812020763
-0.0775188319149 0.0569182449368 0.00653819472217
-0.0666940985293 0.0638366803566 0.0297784178999
-0.0857875528838 0.0729039328762 0.00822086087631
-0.0924448368654 0.089021866583 0.0173211948979
-0.101421919411 0.0747017666007 0.0291603056973
-0.0839988190798 0.0693472885198 0.0251863052364
-0.0189558618996 0.0156721190345 0.0117613264877
-0.0126084974256 0.00271570985849 0.0159643285701
-0.0293781072687 0.0073692985462 0.0183688477123
-0.0272904802316 0.0188559815717 0.00761269459848
0.0207909288389 -0.0239333003269 0.00306614634459
-0.033770652427 0.0327798881378 0.02747181125
-0.0528046676128 0.0185208380195 0.0186354683391
-0.00331951133292 -0.0048481378317 -0.0113249539768
0.0134818377138 0.0137024019175 0.00894799438996
0.0801172256442 -0.067268893645 -0.0309966915211
0.107599750249 -0.0820156945437 -0.0635110755066
0.0637880070054 0.0365176428232 0.0333027689567
0.00515947685727 -0.0302736276668 -0.0203269873341
0.0532604672474 -0.044496435524 -0.0153645567058
-0.0238833855615 0.0384750240746 0.0258445426032
0.027747884986 -0.0929664254582 -0.0766959829165
-0.0247988039716 0.0113307642401 0.0123488771336
-0.0128377227633 -0.0714111934844 -0.0575694921581
0.0383916415943 -0.0111508114089 -0.01770808463
0.0166678975777 -0.0209113728988 -0.0449934390041
0.103708100735 -0.040292066409 -0.0436346433976
-0.0191442220218 0.0199261065865 -0.0229554374977
0.111494940988 -0.05236296313 -0.0195766831157
0.051828473353 -0.066957055109 -0.000644135331925
-0.00656801206026 -0.0553348083854 0.0480403999147
0.0609790609722 -0.0503323363913 0.0334203266175
0.0385326747715 -0.0508498455232 0.0918044304
0.0649403396183 -0.0454568094268 0.0762984818408
0.0113100697423 -0.00288841065619 -0.0134878131324
-0.0592033019152 0.0514674212498 0.0278706833466
0.0913257025045 -0.00152011380046 -0.0149448968135
-0.0143540986727 0.039153835114 0.0471401995354
0.0327866944285 -0.0345220130425 -0.0244706519608
0.0361024273905 -0.0324943604384 -0.0256586816149
0.0381890781288 -0.0504577601647 -0.0607089307043
0.0713046901637 0.0306841077491 0.0248948724291
0.0405832427608 0.0285223339054 -0.0347706041456
0.054794886461 -0.131767183808 -0.0957331961578
-0.0305295383747 0.0321538705482 0.0201388091723
0.059417934311 -0.0529516540249 -0.161504734914
0.0366995234139 -0.0311000808046 -0.0495043019107
0.0173349021928 -0.0257643080365 -0.0792332825402
-0.0631396927789 0.0101109704796 0.05024870856
-0.015052707561 -0.0468504829365 -0.0134349429662
-0.051569062847 -0.0468421004604 -0.0408064828555
0.0101495293628 -0.021032003452 -0.0422594277048
-0.000988627494193 -0.0324621516727 -0.0409602585359
-0.0735492833801 0.00800127471887 0.0184438173646
-0.0687069820986 0.029079786075 0.0555437871285
0.124231376489 0.102757809081 0.0797586300561
-0.0602776375071 0.115136466535 0.00462998354956
0.0786947598967 -0.0977147262757 -0.0495547514956
0.0620181017112 -0.106024382305 -0.0526067114129
0.0351057394118 -0.0738831389092 -0.0377380197747
0.0297024773628 -0.0529683345848 -0.0384667384977
0.0619423555008 -0.088963044787 -0.0618353763348
0.0673066383796 -0.0287808780389 -0.0268216109598
0.0881937078132 0.0252779362311 0.0141506373252
0.0714154392899 0.0322697605664 0.0177818228518
0.0275847833901 0.00284240459369 -0.0111165774993
0.0996767897549 0.00180705361727 0.0118797652083
0.0969099395568 0.0172082016233 0.0270411890158
0.0771847369689 0.0329715440044 0.0378907493975
0.0993379200933 -0.0323626736174 -0.0029925277392
0.0838764019421 -0.0376041720756 -0.00104868373276
0.033656669082 0.00414237652548 0.013130352153
-0.00311023255214 -0.0605124200752 0.142579672641
-0.018781429148 -0.0467180504437 0.121741485189
0.0309298662039 0.0229525722581 0.0338041159945
-0.0412992110324 -0.0108012298515 0.0175373273312
-0.0555136387746 -0.00884584630264 0.0129872971028
0.00945632859264 -0.0370761769763 -0.0622075833578
0.0271275178546 -0.0389282237506 -0.0422526089347
0.00160531204614 -0.0231392777959 0.005136502186
0.0428557325435 0.00503919870045 0.0242173969581
0.0558323411029 0.0140073649393 0.0278539459804
0.0366438040733 -0.0603550345998 -0.0548614156973
0.0120560410185 -0.0630091568715 -0.0605561946027
-0.00491116298747 -0.0847412484186 -0.0749852601664
0.0172036822224 -0.0898061441241 -0.0770171358636
0.044783849814 -0.102597666319 -0.0763861352096
0.032444319487 -0.0796301375137 -0.0651247370857
0.0223061530625 -0.0255413760812 -0.0346399751604
0.0133243152286 -0.0140353868212 -0.0268122250489
0.00969538655346 -0.0207886482439 -0.0260993284551
-0.0154465882758 -0.063706628098 -0.0567610647162
-0.0217839008955 -0.0523950240354 -0.0348554792531
-0.0107183066453 -0.0474199327039 -0.0267080811224
-0.000980440749067 -0.0527793728014 -0.0422403193507
0.012897302336 -0.0194108563508 -0.0191475345789
0.016973183431 -0.0245519450471 -0.023084017355
0.000155486991681 -0.0451734443045 -0.0421435878196
-0.0484803193813 0.0334139661805 0.0347490846627
-0.0654526921891 0.0216704989162 0.0341042288389
-0.0356702997658 0.0259987075782 0.0389189287578
-0.00334179473965 -0.0175900986158 -0.0151913332024
-0.0477447941296 0.00775744263201 0.0105183700308
-0.0528796952815 0.0250271053889 0.0255969998721
-0.0759485601132 0.0239895864127 0.0337410816715
-0.0576543294661 0.0263822337684 0.0368611503951
0.0338705087421 0.022336463492 0.0184199939722
0.0919732833808 0.0121651405898 0.000756653582535
-0.00812215728426 -0.0365183767814 -0.0789350986937
0.0236035008562 0.0143223509937 0.0161050978736
0.0468902791806 0.0282508215011 -0.0265326712981
-0.0886938545873 0.0300982718996 0.0515412795224
-0.0711520375185 0.0196215659866 0.0437765618433
0.0122965900557 -0.00805652335549 -0.00694479372897
-0.0329738284758 0.0176005118867 0.032562462791
-0.0079882556496 0.0349316547856 0.0419078207887
-0.018261052416 0.0259500396372 0.00347794884436
-0.0786045814379 0.0128639136049 0.0296413800485
-0.0159263904094 0.0220803337969 0.0299338254813
-0.0607541674061 0.00112939833651 0.00476780344686
-0.0395229636941 -0.0146352989226 -0.0150074956161
-0.0121551989701 0.0116476296798 -0.0133533871082
0.013012932891 0.0154815841129 0.00833350658875
0.0158301509277 -0.000514548344283 -0.05941722823
0.0620590242792 0.011607020418 -0.0818412619136
0.081234475852 0.0416098042716 -0.0599356819312
-0.0605403768501 0.00305910820132 0.0232471632662
0.0293423295068 0.0834668887281 0.105774989948
0.0436873331543 -0.0452823532077 -0.138142337067
0.0519403175323 -0.107443814973 -0.167966861331
0.0351512890446 -0.0681788771344 -0.130815996853
0.0182255068226 -0.0355092490188 -0.0588436301578
-0.022586317428 -0.0359313324824 0.00299372088551
-0.252205009229 -0.0151047875244 0.129575584838
0.0310165013972 -0.0118715426951 -0.00475091949293
-0.129519007689 -0.0119315442618 0.110939403696
0.10547924824 0.0589783558811 -0.0271260869329
-0.142944189621 -0.0836546582658 0.0284087233246
0.0792806057478 -0.00390981099181 -0.130392770525
-0.0961154669955 0.130210553917 0.24498281296
-0.00751895988023 -0.0883612534973 -0.105906680817
-0.0382919155357 0.00924074409097 0.0248258736913
-0.0153165234943 0.00175622853257 0.0103605049463
0.0261404941494 -0.0125193919327 -0.0301262906363
0.0560578939117 -0.0199030716163 -0.0437505977334
0.026732968581 -0.00975041544502 0.00273755215631
0.0519440120114 -0.0041741472246 0.0137254305646
0.0490784295707 -0.0277521494436 -0.0162970223619
0.0274355924166 0.0403227332403 0.0461723765703
0.0344370789299 0.0208946369282 0.00831780368837
0.0755925724445 0.0471651410243 0.00248933342859
0.0899875070094 0.0491067962497 0.046471294319
0.0355430548805 0.0299629615461 0.070368983262
0.0100813741198 -0.0128276749719 0.0308800560504
0.112142460603 0.0762398971379 0.0358020429593
0.0418384664318 0.00787737714257 0.00833227141031
0.0459723720361 -0.00963849161361 -0.0161754184366
0.0775682515389 0.0119983867129 0.00531178185107
0.10224228583 0.0108305734441 -0.00772549276412
0.0910108086077 0.0204287646633 -0.0132920581627
0.0719941899975 0.00183467346653 -0.0146857013647
0.014675521325 -0.0036214030558 -0.0137387056199
0.066075080236 0.0151763002436 0.00694098700605
0.0434872006213 0.0228912211804 0.00888127755453
-0.0112164737477 0.0212378195503 0.00324552461726
-0.0330818521769 -0.0127763828491 -0.0109818987978
0.0150954810375 0.00605671788978 -0.0584355679182
0.066457266296 0.00354020347486 -0.00121713790053
0.0714049987152 0.0036393197553 -0.00243802333158
0.0635884120023 0.0093959559491 -0.0139390582418
0.0127623913908 -0.00924606924633 -0.0327994901273
-0.0485098446294 -0.0423155755519 0.0104280050974
0.0383270398687 -0.0128230757401 -0.00324844204719
-0.0116318467041 -0.0300028277499 0.00718295678584
-0.069018124229 -0.0378861493509 0.0391001653656
-0.0592274885813 -0.0304774442159 0.0404853131642
-0.0641229024316 0.00506317685002 0.0973209951244
-0.169731657814 0.0679420010702 0.192693682435
-0.290043927389 0.154563107746 0.129930895113
0.0161969897118 -0.0554005058389 -0.00466911053254
0.0516141242751 0.000449131286964 0.119759653913
0.0666582333198 -0.0648774629814 -0.0474056228637
0.185382911608 0.214513017665 -0.117268568473
0.143963947424 0.156928002943 0.145999411016
-0.10347095057 -0.0469761585773 0.0532073495577
-0.197873743279 -0.0515715906418 0.102260187042
-0.143729847279 -0.11249545842 -0.0273226527613
-0.129826897602 0.0151421854129 -0.102238995915
-0.0300835294793 -0.0898134007977 -0.0944574721993
0.0479229662766 0.00786324268688 -0.00826743871166
0.0205128990392 -0.00665595379838 -0.0296953108217
-0.0142740909977 0.018681701724 0.0396144083004
-0.0813556414467 0.0157209982595 0.067206781347
-0.0730320642419 0.00913858364537 0.0594348992881
-0.0241553682005 0.0154604926917 0.074039886884
-0.120982280839 0.0123166812227 0.0832573078783
-0.0330319582716 0.0151094313474 0.0440539074796
-0.0465335412027 0.00934385675904 0.0340298167557
-0.0735116373012 0.0117652375223 0.0509296886001
-0.103695848131 0.0183031414851 0.08643282082
-0.0425021569911 -0.00100919701791 0.0145862837554
-0.011997281804 -0.00625185923094 0.0112576772624
-0.00874616469233 -0.01591982748 -0.0336229779559
0.0309413367149 -0.0207062845471 -0.0640254511549
0.0524149044124 -0.00509611456316 -0.0419022643613
0.0746653183288 -0.0233184491882 -0.0785394220802
0.078482017512 -0.0269616467181 -0.0789661333317
0.0884146885874 -0.0186860236801 -0.0631593215646
0.0643802805621 -0.0226868292414 -0.0726755780728
0.0827190614154 -0.00911761770738 -0.0340274644918
0.0629000839846 0.0118747076413 0.0131989924993
0.064208759436 -0.000711279439175 -0.0324215002651
0.0521334430366 0.0200147660813 0.0122944165591
0.0138777301205 -0.0135049830338 -0.0429938779312
0.0545561956338 -0.0374674132872 -0.0855213639326
0.0130771145826 -0.030827477562 -0.045775571214
0.0548822064758 -0.0398890791085 -0.0741227586412
0.0963154744722 0.0798298258604 0.0738204076209
0.0332895423259 0.0574861625685 0.0714942663217
-0.0552429498485 0.00153021968381 0.0430442456872
0.0648119166739 -0.0400606938984 -0.0826967939674
-0.19624076931 0.00691782536585 0.15479244963
-0.0667587599591 0.0165486612168 0.0626080913497
0.0229578692143 0.0288794653229 0.0278386786331
0.0465316734302 -0.0256040124127 -0.122898279304
0.0507696748433 0.0178475197848 -0.0406824503184
0.0246592110934 0.00125354535022 -0.0342196431291
0.0417991573366 -0.0191926171821 -0.0499846547274
0.12068579738 0.0955147037527 -0.0650594993941
0.187891529071 0.146297076742 -0.025402021958
0.142554142279 0.0444081166247 -0.0141256993881
0.0963139351003 0.0798639663519 -0.184740099977
0.0458206154251 0.221937563455 -0.25761991155
0.115785035552 0.298041210009 -0.0286207010765
0.206813595415 0.101822437301 0.040741807813
0.225737909902 0.20143458963 -0.0138407405536
0.143384227231 0.247816262742 -0.0198502904982
-0.146578171111 0.226009040176 0.220192921291
0.140665944649 0.23033389804 0.102450553038
0.11471578297 0.277148817996 -0.161377131552
-0.195528467356 0.274983451753 -0.0137374597579
-0.0104284071648 0.185221224885 0.252969088299
0.0188363144073 0.125176839124 0.225251924676
0.167886464215 0.221995827502 -0.243132301189
0.0756430752449 0.132372718262 -0.254555915894
-0.0938333547113 0.116223516409 -0.192364674922
-0.282017778004 0.0818187505019 -0.00655825177768
-0.29903601542 0.058145288799 0.132914500584
-0.212065541021 0.132167293209 0.203046904333
-0.140821954369 0.216713265446 -0.152622243528
-0.117641508472 0.17778397888 0.276348112001
-0.201971616074 0.186480686566 0.221127897052
0.00516305990127 0.3053318513 -0.189909469993
-0.0309935590427 0.343614825436 -0.0233012182349
0.0102892884066 -0.00612958894224 0.0414885569305
-0.00120311047921 0.0238061883161 0.0063938922139
0.0398094650074 -0.0374603034942 -0.122640648435
0.0408141303787 -0.119363142852 -0.170227278513
0.03543050989 -0.146883856429 -0.122105675236
-0.00815714868229 -0.108176885468 -0.0765836984504
-0.0604136869401 -0.0609152366107 -0.0468036409341
-0.00942173929681 -0.0719452705745 -0.0673719589447
-0.0325435178532 -0.00309450802253 -0.0131550618368
-0.00345440661346 0.06292280769 0.0659525757995
0.0739265916847 -0.0977045279869 -0.0177098710378
0.135590735781 -0.0223927631091 0.0252375099773
-0.0676698764235 -0.0358265552406 -0.0111102046641
0.0485569634549 0.0343773545016 0.0325063539705
0.00327492323772 0.00495904954092 0.0122779308499
-0.0956248722867 -0.0271923087851 0.00588764649474
-0.0906141750243 -0.0169835461052 0.0182125854854
-0.0881946268553 -0.00890171956281 0.0323842938134
-0.0766672404719 0.0245910270461 0.0770414962712
-0.0255621385337 0.0445094211122 0.0900972279543
0.0267180020676 0.0620585918288 0.116364424232
0.0977771133269 0.0982793472953 0.108392275399
-0.0412592533574 0.0330500661676 0.0981237310537
-0.0605964537767 0.0192821118501 0.0817021358588
-0.168580097037 0.276108207722 0.138660442142
-0.253527261858 0.223778721791 0.126529098097
-0.0311856885124 0.0401817230798 0.146252994403
-0.0240569416406 0.000397322560053 0.0185939636033
-0.0448095283654 0.0100729814248 0.0197685912733
-0.0412149781781 0.0130836982201 0.0158763488868
-0.0482449717965 0.0312898251055 0.027764822811
-0.0424492071493 0.0413696030343 0.0420976854855
-0.0462113678608 0.0173272070615 0.0217673984823
-0.0257891404228 0.0144903518477 0.0154050109313
-0.00347957430985 0.000476805157228 -0.00142776419772
-0.0286747637716 0.00612500551934 0.00430398994688
-0.0185639152156 0.00798003835724 0.00301865666149
-0.014324823044 0.0253969479896 0.0207284773884
-0.00160234132267 0.0482541494682 0.0523889899274
0.00454747349314 -0.000297526273774 -0.00800586959888
-0.0458999372995 0.0153018656122 0.0155101256876
0.0274063110574 0.0287723660978 0.0314075933593
0.0238809715344 -0.000281153590202 0.00434067229009
0.0124150535563 -0.0145344835763 0.00459427442612
0.0206279760045 -0.00115917984997 0.0249919882092
0.0354761220961 0.0229164467869 0.0448771865916
0.0307456225329 -0.00633326444393 0.0106528376849
0.0535815851644 2.29944515098e-05 0.00551988645451
0.038140201996 0.00454537733574 0.00340618296988
0.0686305342256 -0.000723640738002 0.00732046570194
-0.0353160036067 0.0199056997421 0.0189083755555
7.76825352074e-05 0.00178144592349 -0.00468862935919
0.00822691598292 -0.0123572544916 0.00191327835852
0.00236657115032 -0.00244140655308 -0.0221924215797
-0.0207218967224 0.00552511372788 -0.0120666912529
-0.0375504288264 0.021795828766 0.0113008624206
-0.0409852019057 0.0126077985468 0.00385706537484
-0.0419658264855 0.0499317738602 0.0600620194819
-0.0482840051405 0.036274711621 0.0487356789742
-0.0453153657069 0.0428574797343 0.0659340683858
-0.0894259263991 -0.00631727821973 0.00328596825503
-0.0990394430642 -0.0305693184182 -0.00329462502566
-0.111295842695 -0.0369416509133 -0.00415581350793
-0.143355727315 0.00559303370078 0.0295277946458
-0.0634520670418 -0.0342636824051 -0.00772334730906
0.0391288966886 -0.0190938795993 -0.0532894214074
0.0358998514861 -0.0188385466353 -0.0426606863
-0.0505809939443 -0.0161447944405 0.0114946137566
-0.0415695414007 0.0016829535795 0.01929540921
-0.0118036954471 -0.00964971330208 0.00774735802494
-0.0334139185805 -0.0103812747833 0.0143267896233
-0.0214740138684 -0.0161709376009 0.00698289989906
-0.0204635497837 -0.00318195003338 0.0151329988935
-0.00708512300682 -0.0167005672941 0.00324680323309
-0.00903713041654 -0.0370376465919 -0.00837657278381
0.00191590342602 -0.0445841278068 -0.0109865092039
-0.0133482952688 0.0011202458598 0.0104194624674
-0.0144964235885 0.0187940645717 0.00497927369197
0.00739477685033 0.0190202306435 0.00842698919407
0.0310711417221 0.00988032801392 -0.000599665507871
0.0200666874403 0.0276053058715 0.00129962990224
0.0563096480643 0.0107143672561 -0.00773694164938
-0.0260328390058 -0.0256852612224 -0.0011578987701
-0.0109218851349 -0.0267774557338 -0.0138253511211
0.0335651652697 0.00278154259485 -0.00292394318799
0.0352590493415 -0.0458704116638 -0.0427105001298
0.0609411173705 -0.059315282145 -0.0578744374992
0.0511993628821 -0.0542424689976 -0.0560974597812
0.0455479240393 -0.0519567576522 -0.064156568765
0.0542404835941 -0.0518825292986 -0.0604424436001
0.0913447425023 -0.0701280777614 -0.0687774160856
0.0677934383117 -0.0590754862688 -0.0515016281704
-0.00605277285887 -0.0398127519496 0.140279525552
-0.00513436340121 0.0504772339294 0.0328217997109
-0.0847978908198 0.0436281837602 0.0402148195833
-0.0305806583298 0.050138882035 0.0238054642459
0.028227012455 0.0496341655063 0.022403203737
-0.0738401908735 0.0183590775964 0.0343855237882
0.0195060421779 0.109151710515 0.0710027119915
-0.00833302434439 -0.0165520986936 -0.0237046506895
-0.0813372103048 -0.0132833686748 -0.128599554594
0.133271454169 0.111425043461 0.0629612299906
0.117554865173 0.117774267785 0.079962080341
0.0760179622475 0.0944644455436 0.0501230068275
0.0229041818008 -0.0799767306102 -0.0963852229486
0.00820478941766 -0.0569614298748 -0.0690134498933
0.0128162301675 0.0142842068888 0.00864967236463
-0.0504324390521 0.0469903111976 0.0184633476612
-0.0951647069583 0.0557098177383 0.0193735373887
-0.0914227759153 0.0413033501794 -0.00470437632388
-0.0763945244962 0.0358466166554 0.00462679605416
0.013214743898 -0.00677600478254 -0.0037045074176
-0.0942065422791 0.0548645144054 0.0210177921629
-0.0708491884761 0.0469181910463 0.0216315731577
-0.0241182293878 0.014603947997 0.00850441182928
0.020403306133 -0.0259339657776 -0.00902271191399
0.0246678889752 0.0159570509724 0.000971433379259
0.0837244378327 -0.0198850826357 -0.00118094444257
0.122362996962 -0.0369220654244 0.000821865596768
0.0985453251276 -0.038714492034 0.0309380099429
0.121884765416 0.032923816172 0.129255134946
-0.088897758791 -0.0384553359765 0.00330301190056
0.00798452550828 -0.0269077906034 -0.0100130014834
0.0724972710515 0.0163575640886 -0.00980213649172
0.0125830328382 0.0038217146854 -0.0622683886466
-0.0769388798388 -0.0224017015271 -0.0146978090734
-0.0847874777408 -0.0432769062217 -0.0207499458696
-0.126650667556 -0.0315203852099 0.00106975198741
0.0153590689248 -0.0347257285321 -0.0140365824305
0.0500537149822 0.0223846930353 0.0176300723001
0.0305007628674 0.0289931824338 0.0280677494622
0.0252278612273 0.0410813718545 0.0370169095304
-0.00563580406584 0.0384469849294 0.032238577811
-0.0469027050933 0.0451539046262 0.0290141631379
-0.0575550044987 0.0420382246454 0.0290624103294
-0.0443454648306 -0.0511644810019 0.0423709616868
-0.0741816119749 -0.0599965568536 0.0211522316554
-0.0645926919777 -0.0394105457518 0.0419168424345
0.0460659844422 0.0181462337663 0.0384270136374
-0.0829611587173 -0.03907074219 -0.0173129494663
0.0359725286291 -0.0155010748365 -0.0258717901286
0.0598374031485 -0.0205371069547 -0.0260730148616
0.100645119368 -0.0750346975546 -0.0545541472004
0.115989405752 -0.0947047284023 -0.0564186798939
0.102678744301 -0.0763168319491 -0.0400307882145
0.0720765433671 -0.0515337119607 -0.0231970912784
0.108273698368 -0.0969655441089 -0.0484900240944
0.0950262297169 -0.085528341525 -0.037342958288
0.0857610418256 -0.0253256913331 -0.0110432502969
0.0553925629066 0.0561170164652 0.0405213593046
0.062858957433 0.0186963860807 0.0100479710866
0.0385121988541 0.138472574869 0.095179844154
0.101543023292 -0.0930939039697 -0.0659117298098
0.0486987513425 0.0643532735365 0.0455514508181
0.0363713014693 0.0396478391707 0.0249022816168
0.0207446919342 0.0744129369503 0.0388576530461
-0.226782905907 -0.0223693144339 0.0346878872501
-0.0899649091274 -0.0567493726521 -0.0817972548424
0.00177065241281 -0.0848059497246 -0.137138836391
0.0252029818709 0.0016533086116 -0.221535408168
-0.0281308710523 0.0188792471964 0.0226883995278
-0.046194827877 0.0303711741097 0.0268864698955
-0.0604044298887 0.0394241741239 -0.00736347566807
-0.0538630958917 0.0449726233484 -0.0251655495444
-0.0512012395746 0.0507807291588 -0.0433486015078
-0.0945278541622 0.0363696494744 -0.0487819715296
-0.105321750213 0.024978746546 -0.0667154452773
-0.0484155674982 0.113907110026 0.0120878001845
-0.0254600103836 0.0993989263515 0.0245582549488
-0.0375473521973 0.0817062121596 0.00211601977265
-0.0314594872385 0.0540196833899 0.0589488412032
0.0375795241694 0.128671860073 0.0875703687051
0.0366374995908 0.103134856492 0.0557218386351
0.0393237905161 -0.0360098077323 -0.0146616980904
0.027989790007 -0.0510364297956 0.122668337704
0.0895186491089 0.0453254075529 0.0343381961957
0.074899263336 0.0427842683124 0.0410827942005
0.0262336903866 0.0126996820921 0.00692404987387
0.0171795210296 0.0263374909885 0.0128678212383
-0.00525466497364 0.038886346167 0.0212207580961
0.0125589518112 0.0297114629237 0.00775624298829
0.00278573723697 0.0166828993699 -0.0113143048432
-0.0170993990824 -0.00674049571207 -0.0315306649928
0.02894787691 0.0185501729765 -0.0122162013458
0.00672627155706 -0.0185757124279 -0.052083187854
-0.0239065936084 -0.0322479489261 -0.0435844385139
-0.0230981611607 -0.0446498339593 -0.0420501086455
0.00194320560819 -0.0443731737502 -0.044079991629
-0.0160494065465 0.0335214924998 0.0287209297958
0.0523239602032 -0.039507263929 0.0447541171135
0.0327456476724 -0.0330359298058 -0.0124965495968
0.0326102326069 -0.0491076911539 -0.0443665602433
0.0640921454099 0.0170369373484 -0.0396031442705
0.0183790289002 -0.0276236249635 -0.00518197392654
0.0210382246469 -0.011266814951 -0.0881997107723
0.028218915819 0.0297732976062 -0.0241088310967
0.0165786698353 -0.00469527738041 -0.00742118091849
0.042778523953 -0.00591991996472 -0.0049976665394
-0.0115033732948 0.0487325921375 0.0644615220995
0.00502351567046 0.0447158564385 0.0515262145678
-2.06420806336e-05 0.012121628662 -0.0305828567615
0.0181558998008 0.0201849045489 -0.0269524393321
-0.0208593430233 0.00328585831569 -0.00164610688849
-0.0511091592793 -0.00214669690626 0.0214494706797
-0.00415889789859 -0.00129833009707 -0.0274207757674
-0.0128459627513 -0.023800559011 -0.0392766733455
-0.0212748915677 0.0160112187116 0.0308423770861
0.0640245197304 -0.00968525186447 -0.0246992598371
0.0163617624508 0.0259702152829 0.0803175698182
-0.0829470789373 0.0800254620403 0.027028619409
-0.0812639947998 0.0774066113822 0.0212525535717
-0.109905985821 0.0436755775152 0.0399018442615
0.00708567232391 -0.00932026164964 -0.0156639991504
-0.0283525022072 0.0474003807884 -0.0085773147195
-0.0391705763383 0.0345304210895 0.055636813893
-0.0130717398129 0.0223941208276 0.025363586997
-0.0283831065492 0.0545074770845 0.0547398401351
0.00227568891423 0.0243869481306 0.0837913494613
-0.0795652653175 -0.00715311924341 0.02653505531
-0.0337761612633 0.0546208385839 0.0931687949814
0.0681997506899 0.0384637035649 -0.0311504840389
0.0849268986596 0.0494837668556 -0.0347267297716
0.0662915767054 -0.0119984873885 -0.055924782
0.0706908553812 0.00372266668639 -0.0198563307399
0.03605672951 0.0293497685692 0.0400884561629
0.0370548812038 0.03622007262 0.0456130666098
0.0233027750121 0.0391720478889 0.0439973820419
-0.0710598984704 0.0372396638059 0.0637540812902
-0.0615291041326 0.0165619033128 0.00590049878735
-0.0256188197534 0.0269697812999 0.0235959509663
0.078789972884 -0.00393805344449 -0.0270944682326
-0.0972569572542 0.0112105157491 0.072935299575
0.0514107939822 0.00994660516284 -0.00814549858302
-0.055969049329 0.0135214037438 0.0170331300126
-0.0228034356065 0.0674554578966 0.0457840854011
-0.0236413692336 0.0756434040517 0.0560353139307
-0.0482995564797 0.0739867194595 0.0454884418888
-0.0053905382305 -0.00707083474168 0.0349114906323
-0.0777815251932 0.0162862930546 -0.108852620101
0.0166837921638 -0.0667006238886 -0.0184484083795
-0.0557741127646 0.0012339954249 0.0205296967158
0.0811598595423 0.0737438179261 0.0993281399388
-0.0222479255742 -0.042979737973 -0.0146849586375
-0.0181000367647 -0.00102965015042 0.0101599475265
0.0412811383064 -0.00421810833156 -0.0308338746278
0.0411534650054 0.00926853995439 -0.0100744323642
0.0404414396248 -0.0885581210775 -0.0402989870365
0.0191841956411 -0.0635533124865 -0.031482138185
-0.0822895682268 0.0752864728442 0.0216986055932
0.0620578561324 -0.0608113746305 -0.17585386327
-0.0594051078491 -0.0609271732946 -0.0222810201646
-0.00996973068157 -0.00646965755287 0.0365606788664
-0.084843901227 0.0277362749812 0.0552937810656
-0.00538923601019 0.0262119348143 0.0172271632997
-0.0845618942839 -0.0369048429709 -0.0113506246743
-0.011641875377 -0.0652656977727 -0.139461687152
0.0189335387179 -0.0100853071577 -0.00127116065728
0.00976182081218 0.148077540731 0.0999744695311
-0.0701208914984 0.103073434054 -0.00219588800156
-0.118034597393 -0.0819990997342 0.00191888056875
0.0150910480599 0.00720367336356 0.001357111356
0.042103699118 -0.0644570866387 0.0171130239427
0.00224341276586 -0.0154868067996 -0.113691536868
0.0207137015557 -0.038502628313 -0.0532864105926
-0.0307199304483 0.040386930812 -0.00808202618043
0.0443273616317 -0.107832622598 -0.108247781326
0.147786870808 0.145506255921 -0.128093795418
-0.0966415265285 0.000425891616275 0.052533424344
0.0511423799306 -0.0504937625312 -0.0168883710241
0.0698904107529 0.0498832816891 0.0188062420146
-0.120830467436 -0.113100742382 -0.0294428793919
0.0138016456201 0.0542603847367 -0.0169172339113
-0.123502584623 -0.00966249615597 0.013374550855
-0.0734090015454 0.0153876047084 0.0210685475234
