0.0187218718971 0.0115883957307 -0.0272665119783
0.0202655857765 -0.00319994976069 -0.0141491485582
-0.0277863536854 -0.0193745944132 -0.0270741757094
0.00929804967693 -0.00579482132947 0.0070040332443
-0.00674194405637 -0.00374216303841 0.00667414846023
0.00774777602497 -0.00670657208473 0.00632931047676
0.0548812614378 0.0189499675798 -0.030929880818
0.0116644800185 0.0438584364492 -0.0345909283651
0.0977280750262 0.0142235528499 -0.0440314416295
-0.00809022673696 -0.00231670001852 0.0489959982105
-0.000844501584384 -0.00178640779681 0.00802975571583
-0.00445524291524 -0.000104635178718 0.0145861328573
0.0130845601909 -0.0130400361003 -0.0159017549725
0.0186182301705 0.0360446479829 -0.0552048583695
-0.0274312305993 0.0143209699048 0.00707010989523
0.00188152363414 -0.00210863830106 0.0532291320894
0.00165446843409 -0.00400198259899 0.00647485095309
0.00534409196795 -0.0105037833236 0.0603901215853
0.00999149262645 0.00110087243513 0.00659320417617
0.00243070337584 -0.00304273493376 0.00859584018117
0.00455603728973 0.0061056693011 -0.0235336548707
0.00852123687197 -0.00688504080358 0.00248478707998
0.0232530774526 0.00257230781031 -0.00696417135124
0.0244708370751 0.066758626703 0.0473161527406
-3.69962598551e-05 -0.0156839225186 -0.00962601903606
-0.00378575177521 -0.00244477282411 0.0314444061887
0.0076091595241 -0.00854765344187 -0.00969134461913
0.0123173688248 -0.00443166616851 -0.0106346183687
0.0023583602226 -0.0157267159772 -0.00254485631856
-0.00138498992916 -0.00173094183467 0.0119307319756
-0.00466328012185 -0.000857327460062 0.026466762677
-0.00807667287903 0.00720654961007 0.0389506177493
0.00548507591087 -0.00522030000208 0.00431981426174
0.00841613733032 -0.00691133685349 -0.00450502626889
0.0135403364884 -0.0135035112829 -0.00318495876649
0.00603629882427 -0.00426437109237 0.00944405807662
0.0100664823813 -0.000553093990196 0.00862215360307
-0.000311016387659 0.00250016649733 -0.0055202561214
-0.000145818638941 -0.000811480684466 0.0171691165607
0.027447140237 -0.00572013644118 0.0230570082526
-0.0106385113119 0.00985885631 -0.00476644513342
0.00346299823187 -0.00983969057765 0.0235241481717
0.0221708176195 0.00321924816601 0.000373842274827
0.0162040502858 -0.00914298857646 0.000249741146387
0.015757721542 -0.00252645746092 0.00444992738011
0.0114238534637 -0.00222990096546 0.00790785823236
-0.0131195620342 0.0258723345878 0.00972546771852
-0.00853375474114 0.00235902394272 0.0483686531585
-0.00180579228401 -0.00258582923156 0.00604595982199
-0.00597080391985 0.00406877529347 0.00636087671061
0.0148237324915 -0.00245048271118 0.00425550019168
0.0196661494707 -0.000590523894261 -0.00541951050416
0.0141194049046 -0.000679357434892 -0.00870028451502
0.00844492211302 0.0182196971015 0.0132230010773
-0.0159194895792 -0.00996101839961 -0.00759621050462
-0.00557442124631 -0.00415957503515 0.00942630331603
-0.015293115946 0.0145691929987 0.00345433611119
-0.0200505620648 0.015050030063 0.0120142427433
0.00796302419252 0.00857843434592 -0.0114609836665
0.00242984774064 -0.0114084014367 0.00354355757988
-0.00380481640426 0.0165457807057 -0.0140345675357
0.00345864286593 0.028540321263 -0.0343592457791
-0.00626493677541 0.0253909309726 0.0058021291546
0.00459412107291 -0.00547661659529 0.000537287479652
0.00334355253575 -0.00441620126663 -0.00479224205136
0.00485019886089 -0.00109044222777 -0.0137887448294
0.00801257932959 -0.00697634262354 -0.0164222995945
0.0120116539312 -0.00219857695187 -0.0241593524637
0.0109184271713 -0.0150461463815 -0.00829461490366
0.00812523679596 -0.00816719746997 -0.00904834706633
0.0131322121618 -0.00193323681544 -0.000968656436449
-0.000920184199283 -0.00433179936584 0.0125219993322
-0.00414604336629 -0.0149293214166 0.0112308852571
-0.0141548974909 -0.00730169642022 0.0103596867727
-0.00389655042146 -6.16522710287e-06 0.0197416481599
-0.00868932929477 0.00620668159506 0.0320380680297
-0.00318133444198 0.00146244463734 0.00494901449198
-0.0121183720366 -0.000431028428599 0.00346799355287
-0.0472531995813 -0.0139460716806 0.0108634973968
0.0285797913434 0.0268548845082 0.00044471148927
0.039411180076 -0.000514954249616 -0.0118089637748
0.0376751329307 0.00998392643109 -0.0388375691104
0.00127845634837 -0.011521083208 -0.0145040173653
0.0525644905223 0.0516380026194 -0.0737473238759
0.0128958033077 -0.010271456083 -0.00289828061869
0.00233962122431 -0.000472567220875 -0.00473828240292
-0.00421636033602 -0.00230223595613 0.00389421042953
-0.00430721319755 0.00543542376388 -0.00172817567278
-0.00889372538227 0.0238777258418 0.00279988071772
-0.00965481276237 0.016908991024 0.00623003363865
-0.0105001850117 -0.0191104285374 -0.0301353157767
0.0436947026503 -0.0031092029148 0.00783997558083
0.0358014990256 -0.0262539422532 -0.0396287113498
0.0210849290957 -0.0090648471509 -0.00361541181409
0.0221159023741 -0.00961183389686 -0.0209872269128
0.0367627237596 -0.0292894006126 -0.0320229746781
0.0735009499686 -0.0202935420969 -0.0428265150067
-0.0733570250921 0.0303537415394 0.0548668688497
0.0464973816813 -0.0241008193014 -0.016332802155
-0.00495557316219 -0.00492337348171 0.0632640289829
-0.00499371268837 -0.0135560798922 0.0459825542044
-0.00353723348652 -0.0138742441696 0.0207832350307
0.00168696455687 -0.0163377436213 0.0431083030817
0.0191718069966 -0.00126029687226 -0.0142444783979
0.0175623014906 -0.00556475219248 -0.0254444003936
-0.00480252133415 0.0109098702578 -0.00516275992693
-0.0541951731813 0.0482936214873 0.0114622016733
-0.0540163455738 0.036655581002 0.0138842288408
-0.0188941482488 -0.0050351195675 0.0135192069815
0.0221988259711 0.00104493896894 -0.0159511961173
0.0293417482534 0.00583847143883 -0.0197019918428
0.0283445988639 -0.00181423921049 -0.0147605966707
-0.0107059620787 0.0062875408697 -0.00162508235086
-0.0153279459182 -0.00430386833392 0.00050125812308
0.02430832531 0.00275729414796 0.00919183577303
0.0293653684887 -0.025356910468 -0.0172908678121
0.00309000187612 -0.00478385311561 0.00761267997779
0.0295005065608 0.0309501127797 0.0239844765206
-0.0158858105552 0.0212840074272 0.00560169381027
-0.0828059291279 0.0332009155432 0.0484316191849
-0.0242979077881 0.0501667291067 0.0445412351708
0.00214020601178 0.00505730815319 -0.000620576932369
0.00407749087901 0.0200735506506 0.013649620054
-0.0297349599116 -0.00321208209267 0.00892240197649
-0.0246802170345 -0.0146606478369 -0.000279064114391
-0.00724465968601 -0.0267928174488 -0.0139637771097
-0.0535579328349 -0.0161166695536 0.00762957285607
-0.0561604388962 0.00977440884386 0.0295331133131
0.0319306491439 -0.0195295656733 -0.0271631975721
0.0332216439932 -0.0021089309042 -0.00614114308297
0.0410020602125 -0.0277179627384 -0.03340857049
0.0492623296333 -0.0302481871799 -0.0429477653939
0.0968978334525 -0.0100139410613 -0.0551353560306
-0.0496385463565 0.0398151300832 0.0507322195304
-0.0046623253497 -0.0396774145819 -0.076211274572
-0.070593985798 0.0126682762379 0.0334230761544
-0.0361674910791 -0.00610307546301 0.0067154312775
0.0306981127439 0.0203503095911 -0.00427275847434
0.0086084424386 0.0202244486519 0.0127903932962
-0.0211396790453 -0.0279538616872 -0.0507178143351
0.0766920520189 -0.0107304971253 -0.0154374385907
0.000289128535607 0.00971800908814 0.0125362662722
-0.042685376474 0.0117438586147 0.0247845363365
0.0101575837607 -0.0126693175043 -0.0243657610573
0.0124470308719 0.00150352510914 -0.000247050732978
-0.00115976290125 0.00342515399786 0.0046281977854
-0.0155061326909 0.0251872831889 0.00834297959008
-0.0256395392572 0.00878896441436 0.0111029403872
-0.00146631066036 -0.0063834061437 -0.00393298585732
0.00085194318264 -0.0122334287223 -0.0217062789487
-0.0120572549167 0.0159596224944 0.0153413204643
0.0932931628564 0.00143868246234 -0.0418550271629
-0.0521191294675 -0.0324629031778 -0.0361909442426
-0.0507812817522 0.00864596900482 0.0216651459798
0.00979458226646 0.000187646565489 -0.0128026193597
0.0331161768245 0.0298401759208 -0.0567504900269
0.0477240675227 0.0224544966562 -0.0564581041833
-0.00443474648058 -0.00195174089211 0.00418870818286
-0.0185743391222 0.00328727795717 0.0156474743609
-0.000737355937124 -2.03803695629e-05 -0.00216474505114
-0.00245425836333 -0.0063017191639 0.00591813070694
0.0213415761921 0.00527397064488 -0.0219053084306
0.0112321593094 -0.0100431543543 0.0019013201596
-0.0137590667865 0.00642470198677 0.0132128220525
0.0175172967181 -0.0144433875854 -0.00133520633158
0.0414088012436 0.00986649224329 -0.0415815827476
0.0251664663745 0.00411819910667 -0.0251603687448
0.0141533093816 -0.00311997940004 -0.00742889652166
-0.0031181174912 0.0116091272877 0.00207485571262
-0.00658570732308 0.0206878655055 0.00245171229892
-0.0252439773156 0.0286863845868 0.000768407158439
-0.041927423783 0.0287363078912 0.00571983862115
-0.0356391108274 0.0121524785414 0.0123693396849
-0.0549355341116 0.0402070111867 0.0110161438063
-0.0638786539189 0.0535498195866 0.0152303072043
-0.0531781254351 0.050268830667 0.0181886406976
-0.0203070122416 0.0244178123349 0.0193437217675
-0.00212075732441 0.0149607246201 0.00723283978064
-0.0453694627739 0.0329245929136 0.0168359921741
0.035387526866 -0.0143051325977 -0.00750868094992
0.0424899630328 -0.0105036361434 -0.00116825753326
0.0430147621703 -0.0215915576649 -0.0185035107321
0.0288889227102 -0.0174590456748 -0.0195376263553
-0.0342418367058 0.00761156816622 0.00489057081917
0.000573640637613 -0.0186583672328 -0.00648262931287
0.0302800308811 -0.0197385276085 -0.0127660066881
-0.0302591468011 -0.0196122705373 -0.027902113354
-0.0423619190079 0.0328303647873 0.00834801379275
0.0498650191734 -0.0174875466605 -0.027987159735
-0.0270817894209 0.00353696908372 0.000498200447366
-0.0204523260131 0.00547249918793 0.0156753895339
-0.057962563022 -0.00308731373589 0.00343946547518
-0.00594832620266 0.0119032093726 0.0222349514854
0.00936634946973 0.00662009819174 -0.01741300718
0.0374125267333 0.00947885187175 -0.0323671377015
-0.00746509340375 0.0172709864483 -0.0114894341893
0.0604677722942 0.0174092832782 -0.0480195824819
0.064437274855 0.0283671749678 -0.0666076522533
0.0542076279361 0.036157130283 -0.0699508425516
0.0619814572359 0.031248171248 -0.0587068997951
0.0520990820625 0.0445233723953 -0.0501240470571
0.0377269215782 0.0256956164662 -0.00686673664226
0.0187431538161 -0.0138007851778 0.0347696027209
-0.039616511387 0.0458863860573 0.010792488576
0.0373801980417 -0.0123784193589 -0.0729501330491
-0.0157705939288 0.0809554985891 0.0631831909644
0.0287765419052 -0.000403212159746 0.00193702263332
0.0324265260213 -0.0140669139502 -0.0203175606495
0.0376974467942 -0.0306324424521 -0.0388862578023
0.0141192353196 -0.00587946375855 0.00622000748993
-0.0882706408264 0.0289480212669 0.0576679443145
0.00922784936269 -0.0220753825808 -0.0079190495385
-0.157084782949 0.0506607708518 0.0887460487712
-0.0241302729095 0.0015043191734 0.0133337501002
0.0137472579865 -0.0253977199954 -0.0297947169627
-0.107083809564 0.0453621831614 0.0665614374575
0.0219952080261 -0.00285020083923 -0.0182248995305
-0.0121188506097 0.0115894914489 0.00866814905895
0.0442693596667 0.010753994548 -0.0338166001156
0.0140827233322 -0.00462452050201 -0.024305953091
0.00010820770621 0.00472025470269 -0.0142015078807
-0.0829558462343 0.0385975947568 0.041796417763
0.0330711232632 -0.00904243148045 -0.00918010258111
0.00253649703087 0.0318437743907 0.0303194564657
-0.00174988780098 -0.0111068606176 0.00606182963587
-0.0109363994322 0.0249050797805 0.00728316454164
-0.00469952422954 0.0207674152475 0.000798099730647
0.00984626182739 0.0133020211742 -0.00633213428093
-0.00573424080545 0.0164144183665 0.0111829311973
-0.018760576895 0.00917127077988 0.00113886051719
-0.0166446532162 -0.00230416059287 -0.00959753317465
-0.00230156720978 -0.00820873227589 -0.0131328615986
0.0200416246443 -0.0203014022293 -0.0214924113794
0.0296354546524 -0.0259029988711 -0.0315245321569
-0.0118604389219 0.0046928280653 -0.00118009225203
-0.0200307074086 0.000135949251601 0.00458315266556
-0.0102823044982 -0.0105388921419 0.00321305910013
-0.0237769216831 0.00860328806031 0.00594051924486
-0.0200776721356 0.0191163262061 0.00985957456163
-0.020288665776 0.018584143578 0.0141974441959
0.035310375637 0.0656133470547 -0.0643579376412
0.0327949758421 0.0559647957323 -0.0722813805396
0.00226877857709 -0.0138659508482 0.0035796112942
0.000218113778234 -0.0127541916292 0.00702983000132
-0.0135513715614 -0.00390053098279 0.0128641543407
0.105622070306 -0.0232764527782 -0.0711906343093
0.124993830566 -0.0124067680512 -0.0691100424777
-0.0825298386416 0.00780063123852 0.0225898858036
-0.088015276871 0.0176737878969 0.0389325633106
-0.0201625999794 0.00251940384246 0.0105738440698
-0.0182316889432 -0.00370675715836 -0.0118370067966
-0.0196278310063 -0.0101726780918 -0.0184608001942
-0.0418085291065 -0.00663172336555 -0.0062623792007
-0.0409415835605 0.00676303375958 0.0135741785813
-0.0223842693917 0.0147753436559 0.0111059048273
-0.0257452955105 0.0135287979868 0.0164055767453
0.00290298967536 -0.0183420521059 -0.0293809512363
0.0180610065194 -0.0253819379873 -0.0365322334392
0.00588461810431 -0.0239634523079 -0.0356890636164
-0.036438301264 -0.0178739464938 -0.0256788872637
-0.0490891162967 -0.0180617563058 -0.0241808766171
-0.0758189632792 0.00474865831435 0.0185684179952
-0.0687690795748 0.0123756626866 0.031188538577
-0.0509014587236 0.0227053823864 0.0406668298763
-0.0218977374515 0.0196772192682 0.0256974781789
-0.0216844042173 -0.0198388174638 -0.0297069787977
0.0240388435102 0.0132727655291 0.0147996572393
0.00124448537332 0.0150322692175 0.0160771252918
0.0190953569825 0.0106339466608 -0.034155729285
-0.0294698753402 0.0178698448048 0.0117388859075
-0.104055364583 0.0474062240073 0.0528898403663
-0.157013019652 0.056254747286 0.0870128254714
-0.127222454058 0.0448797098336 0.0638581253143
-0.123459598793 0.031945915811 0.069453064316
-0.0240664377542 0.00517171320534 0.0196187913507
0.0469372603209 -0.0047856902263 -0.0163003243007
0.0165254029209 -0.00672933500068 -0.0143667701951
0.00919455929887 -0.027101873887 -0.0634020336775
0.0232646048046 -0.00468396103342 -0.0796876542043
-0.0564824185052 0.0212818530564 0.0262454861208
0.00172295692052 -0.00806734718561 -0.00353239434881
0.0229747778421 -0.028276581826 -0.067423967217
0.0410522964454 -0.0279534878474 -0.0496927872094
0.0291301679992 -0.023547384376 -0.0290234591985
-0.151645511876 0.0551667999932 0.0907735516941
-0.0349624967738 0.0172792540342 0.0260486059993
-0.0354638469601 0.00169422906266 0.0158976259192
-0.0409088774693 0.0295788511305 0.0239564297916
-0.0510662196449 0.0311424422402 0.0209202230688
-0.141842477542 0.0521336919973 0.0891868067857
-0.0785100608249 0.0253606764538 0.0576964242945
-0.113461448185 0.0427770572467 0.0720797735476
-0.0458391856797 0.0086866830948 0.0307123525513
0.00662725737709 -0.0135146666602 -0.00619305477895
0.0410759421044 0.0088810770547 -0.0257153293131
0.0385733588516 0.00185748069793 -0.0154742974007
-0.0797894217258 0.0313505459106 0.048376817633
-0.0343829099194 0.0129324161869 0.0173671285913
-0.0719405295768 0.0338600867659 0.0395504878551
-0.0556750199373 0.0287122350396 0.0368257239999
0.0154796980032 0.00154249309864 0.00904771723433
-0.0386623971639 0.00849886726032 -0.0273038689096
0.0548824837854 -0.00803874076251 -0.00292551021878
0.00247511781148 -0.0055732864723 -0.00902251335622
0.00822600966658 -0.00673553819392 -0.0108769477175
0.0113863096384 -0.00526190542244 0.00437413205924
-0.00668509128195 -0.0044478293576 -0.0187375900982
-0.0396054384024 0.000255920204333 -0.00608136929234
0.0511066118251 -0.026477092295 -0.0455196660088
0.00672649068364 -0.0168986543272 -0.0191804796427
0.0327288924944 -0.0296693252893 -0.0645678024731
-0.00608680615671 -0.0420936933396 -0.10063126661
-0.00877621114844 -0.0379719082565 -0.120440864571
-0.000402768769358 -0.00342462268858 0.00202392891067
0.0325687732447 -0.012500912708 -0.00801662314434
0.0438844411836 -0.0115205511883 -0.01264641085
0.0151535511774 -0.0222349397681 -0.03080564216
-0.0394894869551 0.013077244942 0.0307019245211
-0.0179016769913 0.000286932895816 0.021362120454
0.0256977842365 0.0101607833725 0.0133115149091
-0.00123431768272 0.0132520118827 0.0181452101832
0.0561320020372 -0.0116406543131 -0.028010098154
0.0135595338321 0.00153479880849 0.0122352988269
0.0164588236411 -0.0121224677187 -0.0230966137085
0.0158375716467 -0.027949264266 -0.0713626680615
0.0295856902027 -0.00762543834171 -0.0197912433689
0.0424615211087 -0.00852329084932 -0.0594514814146
0.0419095273199 -0.00167507549232 -0.060590212677
0.0146541652691 -0.0253973217526 -0.09479161975
-0.022064560222 -0.033475158775 -0.0621274331004
0.00566638142907 0.00300038084087 0.0134867415619
0.0303675293983 -0.0198796801123 -0.0684326010056
0.037855905263 -0.0170453284505 -0.0601467604197
0.0398083933428 -0.00134932636672 -0.0218854226631
0.0338995658577 -0.0164295763997 -0.0349719781283
0.0264091644273 0.000885191152711 0.0106767649819
0.0532616118428 -0.00522035428871 -0.00790560694736
0.0499017842577 -0.00294308809786 -0.0284618115382
0.0384354064619 -0.0082195275187 -0.0209608198323
0.0423950691882 -0.0141670091327 0.00322927560735
0.0394747186893 -0.00283073244698 0.00843371220348
0.0438064876773 -0.00804654278878 0.00588804363058
0.0303604329247 -0.00912634855133 0.00207440155279
0.00732429277512 0.00039607577751 0.00100313978023
-0.0108144341503 0.00201424618058 -0.00516170911753
-0.0332825480528 0.00306490909968 -0.0197162444129
-0.0803619395138 0.049408004232 -0.0283697431487
-0.0144674091109 0.00322636697793 0.00263242974025
-0.00346563808855 -0.0222460792397 -0.00116637149752
0.0362756578476 -0.0205723440194 -0.0340192553665
-0.0322517810423 0.0205739624114 -0.022902151525
-0.0171892070738 -0.0167011739041 0.00759844548486
0.0235917648211 -0.0137722783525 -0.000578353494083
-0.00568261119256 -0.00485058315237 -0.010966520483
-0.0267782348709 0.013198970879 -0.018740101029
-0.0583986830044 0.0474598244514 -0.0541262883613
-0.0027385686679 -0.000895842131777 -0.00506999208234
-0.0316165888538 0.0165936289719 0.0327549846781
-0.0784258370725 0.0324374014384 0.0546787789775
0.0193735446695 -0.0187348531087 -0.0373873622686
-0.0109263335225 0.00362251106665 0.00441029802392
-0.00540513669532 0.0228702194864 0.0224765335923
0.0546899714041 0.00650333090176 -0.0157158123687
0.0200541656037 0.0213556747165 -0.00749507291291
-0.00455402852788 -0.0166292602462 -0.0212413259458
-0.022164359227 -0.011220094482 -0.00866602693541
-0.00938617722349 0.00937005764926 0.00530346444231
0.00281314798603 0.021458629053 0.0101971958781
-0.0135878618104 0.0138835656105 0.016792103308
0.0626944814387 0.0176379887354 -0.0183646236877
-0.0508107980478 0.00259175826435 0.0296980900156
-0.059801294705 -0.00564052576649 0.0159037222225
-0.0592924600388 -0.0258900171241 -0.0367784585964
-0.0424135756287 0.0123699285116 0.0188738127555
-0.0128344039445 0.0279040683935 0.0237954419179
0.0272794868451 0.0287051084285 0.00184675669983
0.116886966934 0.00251060049402 -0.0601858198647
-0.0623920835858 0.0327111301894 0.0483950791258
-0.0755217289346 0.00414237796442 0.0130613246835
0.055280026337 0.0171301225046 -0.0174638603122
-0.0435764183941 -0.0283682306065 -0.058424220084
-0.0467583624045 -0.0251471002413 -0.0295092584478
0.0331469805391 0.0214831580685 -0.00231741699476
0.0350518228329 0.0189434186545 -0.00172816102558
0.121144444152 0.00565965367961 -0.0585913775935
0.00665332131366 0.0486307649367 0.0395556464266
-0.0176030808786 0.0681133942148 0.0561373544842
-0.0440745708774 0.0312133240674 0.037276382193
0.154823111966 -0.00294800880238 -0.0821931587052
-0.0192520426501 -0.00190177142641 -0.0190460334622
0.00588087488137 -0.00473163976981 -0.0136372675076
0.00162065451369 -0.0356478935598 -0.0676650599735
0.0081177728255 -0.0113875161176 -0.0177445047366
0.0162975486203 -0.0146726890038 -0.0107558576911
0.0323200449532 -0.00712386021656 -0.0164374714659
0.0298076364912 -0.000547134026455 -0.0227330224832
-0.0121064620191 -0.00286713870076 -0.0147376753137
-0.0158492197653 -0.00389891561242 -0.00859968111618
0.00881602218824 -0.0124285378936 -0.0146797460991
-0.0297580893108 0.0229461231425 -0.0402319973036
-0.0486824773486 0.0826914685061 -0.0613381680469
-0.0292195331435 0.0498682816457 -0.00537347271708
-0.00551433067802 -0.0226418778467 -0.00556358933363
-0.023578354327 -0.000325722583848 -0.00606089245124
-0.0347828657469 0.0248752863054 -0.0110417307782
-0.0543812208112 0.0292022834418 0.00490238727021
-0.0211189277763 0.00749330718676 0.0100876838065
-0.0393212490983 0.0613694674947 -0.0342207269923
-0.0724978268931 0.0975626157012 -0.02009433557
-0.0288864335015 -0.00424516227485 0.0151431555529
-0.0244820636382 -0.0140725464267 0.00510129160662
-0.0354379124851 0.0489848726618 -0.0461431380426
-0.0417823863348 0.0550387920432 -0.0595589626851
-0.065137065066 0.0795032078283 -0.0657118770895
-0.0851586927944 0.0674422404839 -0.048716885285
-0.0691538380896 0.0303608425569 -0.0365244235925
-0.0583289124266 0.0177457975988 -0.0226974552765
-0.0729193747173 0.101787065024 -0.0529824255267
-0.0456384938417 0.0047307235426 0.00259916856676
-0.0632860830047 0.0254772534481 -0.0113961336844
-0.0494296906415 0.10128962194 -0.042533561873
-0.0401558461765 0.0912927259891 -0.000793525591459
0.0683601979026 -0.011891182279 -0.0321363557059
-0.108312500347 0.0406683644303 0.0666484038118
0.0232436166009 -0.0198427263902 -0.0220028963807
0.0130004363942 -0.0128383191168 -0.011008585904
0.0404805507069 -0.0368085906058 -0.0316205807676
0.0584892633909 -0.0261096405825 -0.0540252040977
0.059292274764 -0.000632792625577 -0.0500433936678
0.0482477381478 -0.00367798312848 -0.0423223274737
0.0548619573976 -0.00767872291755 -0.0449845421494
0.047944956548 0.000670044833273 -0.0309579483803
0.0246846879665 -0.032473611745 -0.0165055149115
0.0191507123661 -0.0348196318403 -0.0179358679633
-0.0106207258761 -0.00839169592752 -0.00645904757473
0.0259145954994 0.0622169241439 0.0430833855065
0.0107777813715 -0.0166462062667 -0.0261843388203
0.050013318596 0.0156966391013 -0.0366382642202
0.0341969523465 0.0156201974414 -0.0212718061037
0.0131531774429 0.023387130922 0.000686911335697
0.0353253687131 0.0162238747844 -0.0141282394962
0.0310779291765 0.00556801234977 -0.00839153505299
0.0510795563728 0.0003949409457 -0.0157314078809
0.00472290424962 0.00967825137156 0.0130331390414
0.041284267022 0.0101287173722 -0.00919406816822
0.0438580384085 0.019238237432 -0.00755121751891
-0.0573272196193 0.0636695342826 0.00848544555461
-0.0762083535925 0.0625951982656 -0.0125716287484
-0.0209871270749 -0.00217922647835 -0.00411750991416
-0.0328425137814 0.035680015676 0.020536455579
7.70564688411e-06 0.0160601292141 0.0160433189023
0.00301482615606 0.0140256504008 0.0230941210442
0.0186992511937 0.0125592300067 0.0169413755839
0.052661273648 0.00132044917393 0.00724578204541
0.0167757735891 0.00447299044034 0.00529090896144
0.0471358343252 -0.0194712299517 -0.00901720861033
0.0490140886757 -0.023344569578 -0.0160295996778
0.0495069907826 -0.0167764927268 -0.00622260884476
0.0448471217113 -0.0134353102555 -0.00429714474867
0.0510257117171 -0.0112990778892 -0.00500570862535
0.0718063136658 -0.015754634647 -0.0226202279362
0.0341153818309 -0.0200367934698 -0.0216038010049
0.0365951263967 -0.00376873854596 0.00727592362924
0.0197833404665 -0.0205984939926 -0.028813931824
-0.0113236982053 -0.019600409347 -0.0262555160828
-0.0500083390058 -0.0116095706076 -0.011631063447
-0.0698612970404 -0.000220857839716 0.00842129203021
-0.0453323425792 -0.0142682892053 -0.0195531902132
-0.0946129385201 0.0276094822054 0.0556379966437
-0.0887375427937 0.0369523851706 0.0642984820591
-0.0728307075856 0.0391291902837 0.0631417188711
-0.0846766539608 0.0288651740924 0.0472495955313
-0.00633286828229 0.0179299917795 0.0159602929332
-0.0166966566577 0.00671352961847 0.00290957131949
-0.0340372524617 0.0170554726926 0.0133485228341
-0.00260252984904 -0.00182629802292 -0.0111356476172
-0.00225330893162 0.0128970619788 -0.00149766026482
-0.00240666899122 0.0188306903268 0.0174207128051
-0.00953563504363 0.0214067818217 0.0176366993002
0.0680730515245 -0.00144188832354 -0.000886644028767
0.0365483956671 0.00323972765456 0.00822052101549
0.0615197353557 -0.0116488189209 -0.0153886425578
0.00388268420653 -0.0302721490097 -0.0224959742615
-0.0402558464689 -0.0229928818055 0.000738567499209
-0.0678292486417 -1.90892904702e-05 0.0275962532722
-0.0713043274532 0.0465096959563 0.0558292116433
-0.038022360885 0.00867614989567 0.0237462033947
-0.0366994761918 -0.0410662709399 -0.0911521966954
-0.0187432137244 -0.0422518687012 -0.0967620912219
0.00459242022972 -0.0178147633234 -0.0146826010304
0.0267091922012 -0.0197713341598 -0.0250443436305
0.0312466206692 -0.00631186358108 -0.0216189518838
0.0122760321201 -0.0114643841225 -0.0151587042332
0.00771465338772 -0.00232817602302 -0.0100255177448
0.0017393315322 -0.00770093049813 -0.0047476131454
-0.0105222391493 -0.00356718220286 0.00186227893744
0.00850430166306 0.00490431190534 -0.0118344742877
0.018691930666 0.00329980385178 -0.0170214398593
0.00129336916096 -0.00206220191493 -0.000818516813544
-0.00140098225113 -0.000762233878501 0.00342250406724
-0.000658390821884 0.00098955271436 0.00755824418487
-0.000413179806495 0.00414867037593 0.00868000604985
0.00252658756808 0.000748331907152 0.00983992525227
0.0118186275584 -0.00244036859575 0.00695942557778
-0.0221501580301 -0.006991166129 0.00333024939562
0.000746368308199 0.00509961429075 -0.00598953880814
0.0335017568178 0.0535821581329 0.0373017618372
0.0220275152089 0.000887280961687 0.00711288109711
0.0202158450578 -0.00134142130923 0.00867333589939
0.0364132467508 -0.0224516299308 -0.0190161461335
0.0276339455397 -0.0357156444445 -0.0348035011408
0.0128990360297 -0.034881418382 -0.0268563177875
0.0171062730697 -0.0245647560357 -0.0119879432642
-0.00628234993027 -0.0265465248483 -0.0140170785498
0.0177042043523 0.0474117867015 -0.0546637699037
0.0176824257793 0.104475441959 0.0672000469346
-0.0234194916285 0.0925081058905 0.0696186730282
0.0247996145826 0.089919792472 0.0553908421889
0.0474079903673 0.0584096439393 0.0266300627208
-0.0401834703067 0.0684873676048 0.0622529698083
0.0460968434193 0.052533231704 0.014750846834
0.000173695246972 0.0188610561933 0.0160200844771
-0.0058254865393 -0.0099473043796 0.0238952572433
0.00279533962864 0.013319062024 0.018191289901
0.00174084978188 0.00744607458434 0.00962427549129
0.0169496352364 -0.00285506082071 -0.00899069855241
-0.0347819362696 0.0202723725063 0.0186133586314
-0.0419951205428 0.0245517646824 0.0240230272769
0.0124825017425 -0.0126875166356 0.0134533845072
-0.009764933475 -0.00173764871812 0.00992638062106
-0.0176868863794 -0.00357267086545 0.0175257580104
-0.0053829109765 -0.0103332561173 0.0240198979549
-0.0127918933274 -0.00618983578094 0.00976294115852
0.00183674717636 -0.0042316954158 -0.00648604389381
-0.0309606560012 0.0063090933022 0.0137094239996
-0.0407194377839 0.0270571710372 0.0102457867103
-0.0529386180728 0.039178670795 0.0115428895417
-0.0342571267469 0.0218873188987 0.00635333113335
0.00879229788567 -0.00272636834696 -0.00220539542803
0.0379965489188 -0.00568703942062 0.0105639305385
0.0560640876299 0.00753412468621 -0.0173136129518
0.0488273742233 0.0117981752887 -0.00332823085021
0.00209894167928 -0.0345202086856 -0.000858851164053
0.00570738366166 -0.0103323831281 0.00326553578757
-0.0875185342216 0.0220139945442 0.0468254191059
0.019271040627 -0.0178985920051 -0.102833655477
0.0256344919971 -0.0120586472542 -0.0441614767934
-0.00384731367259 -0.0303664507266 -0.0209834303624
-0.0444831830068 -0.0185919780508 0.00528298105157
-0.0749237162215 0.00465174469669 0.0317358219057
0.0167581578275 0.0106150062294 -0.00576987595321
0.036621796006 -0.0230163239376 -0.0190616876524
0.0411560385806 -0.0218023716 -0.0128288281546
0.0314198585759 -0.0173583440945 -0.00684756727357
0.0365457868258 -0.0174228401383 -0.0082945820673
0.0241602311669 -0.00793886875794 -0.00632115127757
0.00891664471962 0.00752409520593 -0.00073836700599
0.0419585028774 0.0284208579121 -0.0589567153972
0.0323738059776 0.0164358383675 -0.0410609166802
0.0311572112733 0.0272382631293 -0.0508895967554
-0.0689464809302 -0.000838878285618 0.00297872827813
-0.0310059054421 -0.0139703898893 -0.000336278151645
0.0314096866039 0.0432761884123 0.0320502373041
0.0365049500689 0.0315893244308 0.0203739544505
0.0199307103905 0.000565469430316 0.00472604854106
0.00565627671481 -0.00436817841994 -0.00110576105895
0.0106002057923 -0.00136275424877 -0.00517494243899
0.00841852083768 -0.00230887822925 -0.00830116717713
-0.0160047282676 0.0039329160596 0.000753023150687
-0.0363216056628 0.0157617582291 0.00642548033439
0.0319892584245 0.0040503252608 -0.00799289391493
0.0426538348488 0.0185686123436 -0.00641436215386
0.04426692066 0.026816547449 0.00538555713588
0.0415175780306 0.0343093470625 -0.00155120133227
0.00113788391606 -0.0140873003201 0.00049535852177
0.0347925754417 0.00406125245228 -0.0173900734281
0.024864306996 -0.00647606758833 -0.0195366903853
0.022406007573 -0.00779803015001 -0.023011607113
-0.0551648568505 0.0270652635375 -0.0392586499166
-0.037644416995 0.0229764801336 -0.0381497644695
-0.0181345504617 0.00996899568078 -0.022911137718
-0.0385338028955 0.04152675286 -0.0555508038961
0.0397945736328 -0.0146374258187 -0.0253273044813
0.0477141692825 -0.0259783058856 -0.0338368777689
0.000747887251471 -0.0131343161511 0.000933873206135
0.00324716211351 -0.0166148604196 -0.00631928872015
0.000762906577883 -0.0153724683645 -0.0119286226964
-0.00285557366808 -0.016379345114 0.0141482731851
-0.00280994179434 -0.0149841806501 0.0355015783387
3.56936093494e-05 -0.0134817386311 0.003413596199
0.00792066346489 -0.0169310969088 -0.00347899007054
-0.00188507701351 -0.00914302122499 0.00412657844626
0.0870531943838 -0.00964408747794 -0.012133395559
0.0319355160715 0.0192034203165 -0.0108180246616
0.0216009076018 -0.00105846834065 -0.0241368412625
-0.0107735355014 0.00578650629954 -0.00173915446992
0.0282710048579 0.0420302788929 -0.0275281914834
0.0142340810637 -0.0177574782625 -0.0134351474398
0.0142206688145 -0.015778585849 -0.00552654818911
-0.0419877861113 0.0304919135255 0.0442359956306
0.00582878839725 0.0131999304464 0.0113475853398
0.039439487531 -0.0038324179159 -0.0143913876042
0.0562645776327 -0.00253235588087 -0.0241065245085
0.0938752075395 -0.0161133855646 -0.0538996527961
0.094775509184 -0.0235662892449 -0.0632238312087
0.0631291647524 0.00470069766025 -0.0259567098984
0.106744138103 -0.0212826484236 -0.0696717939521
0.0773104320332 -0.0202661202652 -0.0559754998707
0.0487038733999 -0.0283444997229 -0.0458047257251
0.0885613355098 -0.0227215842585 -0.0598217097493
-0.101053071517 0.0268929605404 0.0552192722439
0.0203741083625 0.00764343604775 0.0275608263255
0.0166324253228 -0.00311672736386 0.0503851264827
0.0403620207558 -0.0280242121987 -0.0338880936496
0.0146280428808 -0.00640282371081 -0.0199247418618
0.103583126023 -0.0112919186975 -0.0536812950265
0.0209529321699 -0.0141790682258 -0.0277000969781
0.0302468475314 -0.011672963087 -0.0250652821987
0.00981122239812 -0.0230973437354 -0.0337634543299
0.0052604857025 0.000230940216043 -0.00404978681173
0.0620171626056 -0.0187665896321 -0.0283849136053
0.0443998319231 -0.0159949913125 -0.0183508873512
0.0380264582085 -0.0166659470592 -0.0484969865194
0.0311032863597 -0.0135677212941 -0.062061628202
0.0436762928153 -0.0127490479572 -0.0335494516651
0.0344121388112 -0.00200649584341 -0.0208809018351
0.0419577569744 -0.0118875327282 -0.0270954841627
0.0372264617475 0.00401965406615 -0.0233706025253
0.033449424558 -0.0157536130807 -0.039240728153
0.00911985003598 -0.0299607818386 -0.0957636030934
0.0439528302197 -0.00909702538753 -0.0155732090467
-0.0330126130501 0.0392688127787 0.00680656089027
-0.0139855456202 0.0236020462425 0.00366261472315
-0.0271540072441 0.0806558090702 0.0626639607721
-0.0133639817867 0.0140786290915 0.00741011919851
-0.011445969062 0.00698154626666 0.00838231319602
0.0547014655301 -0.0208960083828 -0.0317207297643
0.0192871088759 -0.0297978069437 -0.0416133716243
0.0131242890634 0.000796599434703 -0.0247876954925
0.0155007597861 0.0171477347295 -0.0416082407261
-0.0535356189466 0.0346142504996 0.0442581772529
0.0522711401929 0.00650648060931 -0.0271587195218
-0.0379881270045 0.0049643097262 0.0291910452107
-0.0109528160602 -0.00706084473913 0.0105150311967
-0.0676258260889 -0.00298401577897 0.00901761016815
-0.0682709618644 -0.00873697281022 -0.0122906433225
-0.0152024363485 -0.0207970571241 -0.0287775614527
-0.0136283466572 -0.0238490278222 -0.0358838745774
0.00976739386592 -0.0280998372325 -0.0441905542154
0.0401768606496 0.000231781351266 -0.00243584265728
0.0152689122842 -0.00727355298704 -0.00195689358652
0.0172345934847 -0.0118242899188 0.00033947426995
0.014307592456 0.000581039485451 0.00273304995955
0.00420004035418 0.0256095310467 0.0113262790804
-0.0221134122046 0.0341687748481 0.0354630165114
-0.00739296111903 0.0354516944429 0.0293119324818
0.0266068639281 0.0517024562437 0.0246779170695
0.020011259867 0.0370100019838 0.0137700036747
0.0231446292643 0.0773913983439 0.0436542666306
0.0708531335104 0.00125335894634 -0.0273591415774
-0.00553050935772 -0.0116514576478 0.00327857957222
0.043804926025 0.0145951574155 -0.0475273071398
0.0200190875124 0.0144132456714 -0.0347969394541
-0.000983120100446 0.0158799653245 0.0207916516268
-0.0227155957212 0.00244593656378 0.0125061186241
-0.00615183636294 0.00999120660285 0.00778960645481
-0.0296257714777 -0.0430676425 -0.0997702292345
-0.0337440621488 -0.0371488592421 -0.0744669350313
-0.000239022219316 0.0175270800242 -0.00435546781416
-0.00303731945211 0.011458604235 -0.00395229470659
-0.0335360482347 0.0177721827348 0.00567174231912
-0.00895879369918 0.00203736375461 -0.0181169074165
0.0251670884359 -0.0107543621177 0.00296596576807
-0.00497121602213 0.00590918858756 0.0105645773362
-0.00455777962815 0.004372203027 0.00633793506787
0.019384551553 0.00437633185162 -0.000345182338221
0.0134804244376 -0.00695167935645 -0.00384643411984
-0.000181028373153 -0.000566474331012 0.022979942988
-0.00681724349853 0.0027001817857 0.00565699595575
0.0406139973851 0.053753329908 0.0136757717744
-0.00975089168833 -0.00229490734579 0.0129647115676
0.0137706033878 -0.00321996160019 -0.00914103469318
-0.0416456321501 0.0272695156 0.0428823313089
-0.00184273333991 -0.0137112444981 -0.00226712638394
0.00252570563129 -0.00683642748352 -0.00966374482206
0.0249768222784 -0.0136487408523 -0.0321067076427
-0.00771852305301 0.00357950539075 0.00378434792034
-0.0101533784086 0.00173673711691 0.00449612027602
-0.0270297136665 0.0129058404018 -0.0258834690458
0.02037603049 0.0133738657031 -0.00941529959848
-0.0152201295449 0.0241922103145 0.00832629983349
0.0202992451108 -0.000290275923554 -0.017888971473
-0.00724962405798 0.0042023871144 -0.000273387244094
0.00920585831325 -0.0114812445892 -0.0244767696944
-0.0608238818111 0.0296947944039 0.0441457905977
0.0282496738718 -0.0317380845266 -0.0303360825093
