-0.010463692032 -0.0708623517151 -0.000406393821904
-0.138249566643 -0.0297190163547 0.015848606886
-0.0448428241425 -0.0211021516064 -0.0366119030485
-0.0329242108084 0.00975708566462 -0.0683382043714
0.0981759797133 -0.100009960964 0.000844415355487
0.0630566817233 -0.0312200756242 -0.0646829705968
0.0831170852427 -0.00631669528379 0.00125803200596
-0.0253113879907 0.112907878093 -0.00254445349522
0.0443586170852 -0.00292471653244 -0.00342340511781
-0.051735212792 -0.00629232315586 0.0835151895773
0.102620602484 -0.053581028658 -0.0288611796862
-0.0534023163849 0.0410642090983 0.0420433261544
0.00208610934219 0.0217301306506 -0.0205906632164
-0.0373394167963 0.108594374892 -0.101025385709
-0.000588325695066 0.00824799296461 -0.00340326383067
0.0117827022255 0.00511071343522 0.171697943081
-0.0535828929691 0.0321942495197 -0.0111800033215
0.0183092734416 -0.0118936373063 0.156219990333
0.0790291657569 -0.00499065360612 -0.0493845329191
-0.0616656358947 0.0315479786341 -0.0145734360902
-0.0597924133291 0.0772639377976 -0.0493287960076
-0.0418446060211 0.0174374518737 -0.0557872234673
-0.0398627219099 0.0262202622306 0.0236496058719
-0.0412834833899 -0.0433815514812 -0.0179844937323
-0.00364678658117 -0.0114899844996 0.0286106637259
-0.0509654494993 0.00772644066514 0.0345920208149
-0.0319239506582 0.0240314044338 -0.0517242495186
-0.0347725257206 0.0133299126795 -0.0989481642529
0.0477276027298 -0.0549302383199 -0.0402460385523
-0.058315056078 0.0360462184121 0.014412620505
-0.0530477098747 0.0239880788869 0.0498624196547
-0.0326558049362 0.0389569938736 0.142859438201
-0.0529851309328 0.0260328045067 -0.0364364279281
-0.0493909170708 0.0283176359969 -0.0519829433074
0.0211134283196 -0.0228588931559 -0.073911358645
-0.0559090266173 0.0196438082547 -0.0423348123463
-0.0872302641605 0.00922075080156 -0.0802257551829
-0.0703610784539 0.0655627046926 -0.00486508560204
-0.0684547346768 0.0286577034721 0.00671976491992
0.075177635241 -0.0302722640436 0.111229609816
0.0564562021472 -0.0440797697006 -0.00302777971062
0.0637928586268 -0.0435653720895 0.0587980218098
0.00247957820851 -0.000889252557586 0.00200886123765
-0.0091870930702 -0.00340298555841 -0.0861424149054
0.0139469258262 0.00239061842991 -0.0913070129073
-0.0755956005663 0.0162618684711 -0.0756375466492
0.0179324651438 0.0216390861397 0.0227683873509
-0.0443212727035 0.0171064929804 0.122256046503
-0.0498321768195 0.0406716980497 0.0131295172348
-0.047652988128 0.0591909482861 0.0526747966559
-0.0378819884677 0.0104694662742 -0.099420578925
-0.000563505593934 0.0171626709544 -0.0942263295805
0.083531966045 0.029862404383 -0.0514189438612
0.00889007826681 0.0454456983946 0.116829847201
-0.0838273258842 0.0423102458047 0.0326118620809
0.0237060467673 -0.091905261569 -0.00591203592974
-0.0171800159449 0.0732726999378 0.0214877313192
0.0139133726353 -0.0192364271682 0.0231036213719
-0.0314198064345 0.0136452877002 0.0439288814599
0.0946705370978 -0.0718462623344 -0.038783304837
-0.0758795229423 0.101911267879 0.00864120490379
-0.0605143858131 0.119802349907 -0.0392073813481
-0.0498052104369 0.0915787282241 0.0928591338865
-0.0506946216232 0.0311181022769 -0.0315289938552
-0.0511510124697 0.0410465453308 -0.0264667918802
-0.0623074004124 0.0576697947294 -0.0402751115067
-0.0276186914035 0.0285717265774 -0.0582979400427
-0.0153233646685 0.0226798744611 -0.0782161586456
0.0221017445157 -0.0254665652589 -0.0646031034991
0.0218615975454 -0.0499296131957 -0.0506321742749
-0.0569300413362 0.0093258511524 -0.103564845674
-0.0688170745568 -0.00612685722989 -0.0402878002002
-0.0367984981751 0.00594962339194 0.0144866610196
-0.0550275696844 -0.037579518775 0.0110235064992
-0.0590707270163 0.0340778996103 0.0400100469683
-0.0583751612073 0.0422455920635 0.101335556732
0.0778245976461 -0.0216217005435 -0.000236945805149
0.0859140228448 0.00955815284566 -0.0040272382548
-0.0029527815067 -0.00115951489097 0.00984539946075
0.068308072742 0.0210414699941 0.00737783741741
0.104027323687 -0.0560998594084 0.0131809077367
-0.0131072206152 0.00258530110257 -0.0572503436956
-0.0470440707124 0.00831514930279 -0.0526778454854
0.026961988657 0.0795806513763 -0.08589443203
-0.0193489768627 0.00343542941311 -0.0737450529336
0.0490597584661 -0.0444623186066 0.0186372398571
0.106308523924 -0.0817673855933 -0.00419206521828
0.0552600204637 -0.0509950080978 0.0247770199632
-0.00252205733994 0.0180331714822 0.0402217293099
-0.0563709928298 0.0726548960779 0.0362986450489
-0.0175362322719 -0.0424967427445 -0.0359198441338
0.0580692352275 -0.0228789447786 -0.00992409753061
0.0222464476109 0.00656354139348 -0.0163705745368
-0.040254778286 0.0237246718323 0.0096648839828
-0.046761859758 -0.00220438541129 0.0376417346545
-0.0549082048816 0.00305040710223 0.0243333018744
0.0263193589838 0.0029787722626 -0.0114394769334
-0.0190562969644 -0.00676624742228 -0.00319712391096
0.121075976271 -0.0204405537105 -0.00742384249705
-0.0157382540539 -0.0015623067385 0.15232304321
-0.0134463687999 -0.00723462710385 0.0919296705879
0.000515191747914 -0.00238012375595 0.0366719009898
0.0262641864893 -0.0209733888127 0.0975265816461
0.0352196303621 0.0290802373623 -0.0720644786934
0.0223323193642 0.0333293973897 -0.0522597008461
-0.0705547121384 0.00562386297092 -0.0167947547896
-0.0116320374444 0.00816966615095 0.0221933664028
-0.085147586571 0.0467490788755 0.0208378548207
-0.00807889685761 -0.133112872862 0.0264158852057
0.0767255596885 0.0334719550909 -0.024975234262
0.0256537117555 0.0246993377473 -0.00540169016775
0.0308420055128 0.0130528433878 -0.0151293513322
-0.0190533188517 0.0223607581188 -0.0079081079919
-0.0702145941217 0.0282617984316 0.0163672636093
-0.0580691803345 -0.00561156468107 0.0135474237277
-0.0799869615722 0.0174053509562 0.029033505085
-0.00648874595068 -0.030040824667 -0.0385751366827
-0.0216927681555 -0.0165363701773 -0.00805092959102
0.0389497280707 0.0142644498064 0.00791734098374
-0.0271253490468 0.016682280248 0.0345290257862
-0.00443735046641 -0.0316530337435 -0.00941338366218
0.0911870858851 0.0200733869581 -0.00376440872206
0.0487929040263 -0.00366655943067 0.00366000032123
0.0523143655678 0.00474457236479 0.00696005895781
0.00492963919155 -0.0021774656606 0.0169308541779
-0.0322795066236 0.00106408327398 0.013974688515
-0.0247760427178 -0.00654054696082 -0.00942236956058
-0.0251760255199 -0.0119686324827 -0.0144256199416
0.0242155635264 0.0174893903547 0.0048278240388
0.00960475032125 0.00247641514455 -0.000839246979593
-0.0188324157313 0.00922187479273 0.00805274744933
0.0144460617997 0.00903945684388 -0.00705291133098
0.0715568733772 0.00276529732046 -0.020023777386
0.0016460417917 -0.00934723360247 0.00120339729256
0.0489001899942 -0.00533917729576 0.00238924633593
-0.0474909065537 -0.00144358858729 0.0254769757474
-0.0322256078577 0.00402302574142 -0.00199849771847
-0.0265962428806 0.00794540569263 0.0111125659669
0.0427543805645 -0.00566582504357 -0.0130553145546
0.00198602816369 -0.00428740536791 -0.00625387663208
0.0948076142268 -0.0266286282768 -0.0305514833688
0.00747325943427 0.00592214182072 -0.000724414723619
-0.0446001985625 0.020928954713 0.00640738746114
-0.0114108406624 0.025591895136 -0.028828997327
0.0732782776151 0.0181096390636 -0.0641066026766
0.0981398479495 0.00957928407373 -0.0358825667483
-0.0204463551995 0.0596475885219 0.0328723907499
-0.0178806510596 0.0187633194641 0.0132794235685
0.010010866622 0.0239326118435 0.00393355735062
0.0347437008594 -0.00179258353627 -0.00913868822875
-0.0236202154536 0.00334458074598 0.0217231052566
0.0239658908656 0.0214445626838 0.0298825694167
-0.0321357877973 -0.00215485306267 0.000481354967635
0.0378807027825 -0.00398709319814 0.00433401375913
0.00340812013684 -0.0611413221208 -0.0280997422975
-0.00286744917134 0.0385875227911 -0.0778779621229
-0.0284281727941 0.00840156874587 -0.044109076204
0.00365244876385 -0.112969043164 0.0104609078084
0.0167535905388 -0.0903687397132 0.0136661985253
-0.0228207290923 -0.129784214667 0.0351571448942
-0.0948974129911 -0.0916920639967 0.0353674476737
-0.0763364424835 -0.0597402643297 0.018397634707
-0.118255913325 -0.0117014783454 0.0170962573505
0.0540354461158 -0.0840257499705 0.0136639332731
-0.0283103995471 0.0144775142346 0.00986456834158
-0.0915440860859 -0.00496447769123 -0.0183140163261
-0.110801314053 0.00727275227771 -0.0239202353083
-0.129095246967 0.00761210860316 0.000788245544454
-0.0680455824095 0.0175037627587 0.00334513606014
0.000638758615239 0.0226863619524 0.0151393492205
-0.0290378483729 0.00731143592688 0.000772321631082
0.0168940722707 -0.0200320583662 0.0106593504387
0.0454186722309 -0.0325832256314 0.0251694926366
0.00133580773389 -0.00289608634416 0.0166762691937
-0.0465619324718 0.0299634673659 0.0202596897125
-0.051586169869 0.0412165566376 0.0270286899026
-0.0283544134482 0.0337820112718 0.0297063982365
-0.00977193071707 0.0278505571275 0.0194700109824
-0.0817340854491 0.0499390832982 0.0304429548462
0.0849170830995 0.00268450764283 0.00940188607226
0.0924399530454 -0.0201810915345 0.00546694459644
0.0803820661574 -0.0561413801414 -0.0339278854492
0.0166213251108 -0.0478699834392 -0.0508547291183
-0.100034855897 0.0462899830555 0.0276106111321
-0.0952737370373 0.0272435834404 0.0280417336058
0.0678167600235 0.0102094754164 0.00141339919688
-0.0651126957965 -0.0380475799073 -0.0450139417261
-0.0567252343707 0.0334482932623 0.00345805398005
-0.015003147066 0.0108930224211 0.00846993439882
-0.0375224466433 0.0305474173163 0.00455076737068
-0.030520583198 -0.0583756643988 0.0167371342132
-0.0745734489724 -0.0136700326362 -0.0182272565791
0.00377476479235 0.00538571263913 -0.00506931281653
-0.0342298922083 -0.00537850245986 -0.038221750301
0.0541438087661 -0.0286067828758 -0.0444871832419
-0.0068133263413 -0.0126415901756 -0.0242074073477
0.0663760136039 -0.00912227862715 -0.0541462666252
0.0182790090224 0.0249691765482 -0.0755833339297
0.012091141372 0.046009312924 -0.0810048615767
0.0574424712281 0.024954834383 -0.0621716990244
0.0497174063097 0.0517648219664 -0.0246340720581
0.0512011423601 0.0216116872642 0.072898725148
0.0694170187066 -0.0414566660264 0.105076466181
-0.0165961890727 0.0268729918521 0.0226891219117
-0.00777447450029 -0.0102218740101 -0.0303782264986
-0.0198047980424 -0.0510748537224 -0.0400590657364
-0.0453419629944 0.00590491448766 0.0161047344577
-0.0300272668828 0.0236738083828 0.0377091986469
-0.0345921062948 0.0261579843578 0.0321586627898
-0.0299144103404 0.0128535335039 0.0219874641011
-0.0407176605145 0.000287328789875 -0.000117282514174
0.0104107123277 -0.0267344937977 -0.0345316099037
-0.0305993051826 -0.00126788511926 -0.00283621327734
0.000160936898366 -0.0306768490553 -0.0552348140166
-0.051500498699 0.031619530799 0.0290385964484
-0.0128672252005 -0.00951916228479 -0.0303637976838
-0.00329334846075 -0.000376742625598 -0.012647596951
0.0214492753783 -0.0122385317087 -0.0219821018519
-0.00796612212501 -0.0183301505933 -0.0143030269598
-0.0138329244094 0.0225243508796 0.0201389175006
0.00490237503081 0.0181237901905 0.0247379699472
0.0352101577384 0.00430131645385 0.0127287217207
0.107144566911 -0.00762561746613 -0.00035439958091
0.00262824987951 -0.0395322833457 -0.037436270969
0.0669445931027 -0.0981368494486 -0.0201584695703
-0.031319644674 0.0800560551632 0.0332119126388
-0.0464266846454 0.0668087117783 0.0452722647928
-0.0650696327098 0.0513591297974 0.0445775655547
-0.0462230226919 0.044096564752 0.0265383936411
-0.0310554441651 0.0672797380934 0.0197252223337
-0.00873608557251 0.0456440138795 0.00838720127851
0.0295100167063 0.0223133628191 0.000687717688733
0.0761289485676 -0.00609077540275 -0.00749644144706
0.085273554309 -0.0467546136681 -0.0283113859632
2.66051888181e-05 0.0490279756938 0.0100630776048
-0.0144273570381 0.0235390268237 0.00635908408854
-0.0250995042 -0.00297272505577 0.00411113127942
-0.0198513041554 0.0592074991406 0.0175348357082
-0.0177717732842 0.0485334104938 0.0225832578246
-0.0119181205978 -0.0040413737002 0.0187106600776
0.00232797230395 0.116984280715 -0.0549130616853
-0.0107555340927 0.117916249623 -0.100145850862
-0.0535282229053 -0.00857084899342 0.0102000004439
-0.0987898341038 -0.0407839116481 0.0202154379647
-0.067629931197 -0.0722192124755 0.0217643533229
0.0628228481856 0.0123389128886 -0.0101339756749
0.0494500245014 0.0131203809941 0.00070263602946
-0.0793655951974 -0.0160294364289 -0.0143671411295
-0.0642695558253 -0.00513415730347 0.0072433851411
-0.0292296386517 -0.00804995929404 0.00856753954187
-0.0187459528834 0.0262594647896 0.00112118322829
-0.0231935156652 -0.0112557840909 -0.0164459200984
-0.0639038464687 -0.000939346895982 -0.012182331384
-0.0549107189577 0.0280500272106 0.00597524114114
-0.042757839186 0.0555761225385 0.0202794132963
-0.0484013017091 0.0440664773529 0.0186326048097
0.0252265397755 -0.0349474711695 -0.0266309560133
0.0389060202178 -0.0582958683757 -0.0419168254843
-0.0103873968189 -0.0572378226004 -0.0526426304522
-0.0704984489738 -0.0310288322535 -0.0326827193872
-0.0918789187862 -0.0325907596373 -0.0379741221501
-0.0777135301814 -0.0171548880326 -0.0173990359297
-0.0557384381061 -0.00227044239307 -0.00640824173554
-0.0179779412649 0.00528435484544 0.000945142921857
-0.0220580318296 0.0233379464204 0.0124208966105
-0.048176150312 -0.0434530207489 -0.0422410399784
0.0553073799916 0.00475124088879 -0.00170143626852
0.0783094805959 0.0032580587563 -0.00010178109424
-0.00356244939033 0.00683431358584 -0.0752083146714
-0.0167627130524 0.016247803607 0.0326924517201
-0.00810932041999 0.00604987671836 0.0217036572597
-0.0234610575975 0.00448068759764 0.0164322327018
0.00838101596783 0.000913654958865 0.012587451735
-0.00426033499936 0.000295763703908 0.00467967470607
-0.0127038840724 -0.00218169018083 -0.0122066304344
-0.0112200993323 0.00423047700491 -0.00626162102122
0.0292858836708 0.0106823434068 0.0727361303523
-0.0162164957882 -0.00504813475403 -0.0338771494591
-0.00083457962453 9.22569445119e-05 0.0180610386885
0.0518983831273 -0.00165973304319 0.00906257130168
0.0824019974161 -0.00533708076957 0.00471351274871
0.0462337423799 -0.0111599403267 -0.0151155256928
0.107928149671 -0.011414127739 -0.00257056728336
0.0835908249956 -0.0125312125073 -0.0113549725883
-0.0403200715474 0.00507514922926 0.0101543565426
0.0732962665078 0.00232207681716 0.00582820229342
0.00980805888341 -0.00473269368091 -0.005788226147
0.055150462227 0.00769527815134 0.00718245131575
0.0244474522695 0.0106623768093 0.018014075142
-0.0293807180045 -0.000275977681064 -0.0106144618795
-0.0192341228767 -0.000129791964249 -0.0161373556595
-0.0277561805461 -0.00345826915177 -0.0154175148788
-0.018437497296 -0.0138907452025 -0.0289852893753
-0.0023453447633 -0.0416700730815 -0.0603209784801
-0.020203580937 -0.0213525609361 -0.0290518467746
-0.0169183097303 -0.0264094462493 -0.0313948471728
-0.00855666271746 -0.018490397827 -0.0408953004361
0.0128488528344 -0.0294525696605 -0.050893782238
0.00647393443327 -0.0198684516849 -0.0426268741302
0.00658079713751 -0.00698599058538 -0.0264190054441
0.0251119335142 0.0039783033925 -0.000768224931177
0.00325830112034 0.0110868605824 0.0543595113596
0.0150934957112 0.0142323712863 0.0247111189156
0.0250418717246 0.00439811748 0.0238847010276
0.00282107299326 -0.00341790224413 0.013422090972
0.0366998897794 0.0194138817052 0.0698545921254
0.0152024507019 0.00440391847223 0.0434972414109
-0.0172054396311 0.00850194493116 0.0417615806595
-0.0101820202058 -0.0419142377772 -0.0555455264522
0.0592458051132 -0.00733449174335 -0.00139761879695
0.0846377458131 -0.0110846379971 -0.00581483156521
0.0301106322235 -0.00851391640852 -0.0122935550415
-0.0116396003827 -0.0128178685955 -0.0421290683206
-0.0251142111175 0.0260871198021 0.0420166351226
-0.0236528515016 0.0207150381325 0.0306288569487
-0.0385235198693 0.0162608073773 0.0272069322647
0.0313617373719 -0.0198910938131 -0.0325894773547
-0.0409761761717 0.0158048583958 0.0297251412759
-0.0320598847677 0.00324394444806 0.00562840460357
-0.0168557446918 -0.0066548457758 -0.000903190492119
0.0095074770457 -0.00638943316335 -0.0101771565507
0.0263281962998 0.0154955746683 0.00763655928492
-0.0159982694242 -0.0141071052303 -0.013382799066
0.00297105602878 -0.00677248009844 -0.0177775036145
0.0078924208413 -0.0111619749195 -0.0282344397848
-0.011998471227 -0.00287113479422 -0.0180000183691
-0.0169550884211 -0.00470454385954 -0.0221334081489
-0.012401646969 0.000879475990916 0.000590503019306
-0.018751206292 -0.0108142720405 -0.0419878341621
-0.0278531592358 -0.0060231886726 -0.0341048254045
-0.0138589048461 0.0022199846449 -0.0113181534077
-0.0070799395074 -0.00209102840264 -0.0166559364709
0.00923544683323 -8.58870649396e-05 0.00906224534448
0.0091240586154 -0.00626173409584 -0.00305711499548
0.0203700789834 0.00156077832509 0.0400235556656
-0.00432970618458 0.0072297319677 -0.00367321706677
0.000214561899216 0.0100835098427 0.0082264736699
0.00221732335966 0.00944616557983 0.022767551051
0.0203230704967 0.0116420301655 0.0466995220173
0.032525798163 0.0150962568299 0.0399173945633
0.0105101736497 0.0111151642042 0.00716401496672
0.0249628243612 0.0129380844163 0.0190024228738
0.0319112886621 0.00996051262868 0.0216936882306
0.0271962631034 -0.00138670902587 -4.97079309307e-05
0.0158228539636 -0.00802975363922 0.000462362466348
-0.00221375193188 0.00300075749863 0.0344441335738
-0.0389051319228 0.0135745321175 0.0503717183276
0.012832719794 -0.0196391673243 -0.0227328358297
-0.00278042571352 -0.00131895511841 0.0103647724089
-0.0105958332294 -0.00959924246536 -0.00626141118125
0.00880872533383 0.0179086964563 0.00976701709962
0.0108622407786 0.0378651081694 0.0376177430537
0.0324955264988 0.0124851678965 0.0399363193006
0.0260628496588 0.0147820010993 0.0556664177927
0.0187723882883 0.00943215144241 0.0603099926363
-0.0140372164277 0.000339773907539 0.0206593926557
0.0299710130418 0.0097970105778 0.0738890360639
-0.0112817216371 0.00205151443837 -0.011726508259
-0.0106253489656 -0.00306613142539 -0.0226303304554
-0.00670668737878 -0.000712382770368 -0.0209844581891
-0.0203253300508 0.00459219303374 -0.00746823025185
-0.0232212246467 0.0154896608814 0.0235272165184
-0.0102601893079 0.0218706853699 0.031885069786
-0.0194804253755 0.000474854320082 -0.00332535202685
-0.0161420493647 -7.36568324468e-05 -0.0226454641726
-0.0255909620232 0.00196254071146 -0.0146235465922
-0.0296389396469 0.00730391628063 0.00330774230835
-0.0254221452573 0.0090594113527 0.00843590997548
-0.0288968376638 0.0100198879369 0.0163441512157
-0.0129614434931 0.0150797041455 0.0279038517694
-0.026767867059 0.00520870925727 0.0163791772494
-0.0398298743054 0.00123975753272 0.0183335951055
-0.0466974495088 0.000765950156447 0.0172515267728
-0.0487157055366 -0.00159168872906 0.0216217385507
0.00129790372794 -0.00509315984583 0.0122039514543
0.0267738655332 -0.0100355749535 -0.00569793215686
0.0708144270248 -0.0033971530675 -0.0196183536084
-0.0330159500472 -0.00659684642258 0.0151409765345
-0.0659488541787 5.09108699657e-05 0.0208519436989
0.052679975089 -0.0101033114149 -0.0200420939284
-0.0291811100441 0.00131370032604 0.0126328959019
-0.0451964056742 -0.0011205026202 -0.0102128494616
0.0201506236962 0.00254578829187 0.016745765141
0.0117417969572 0.0133530406841 0.0297987743229
0.0396343962515 0.00819125759894 0.00986516927965
-0.0016814783662 -0.038813893679 -0.033067411436
-0.00294063876711 -0.0458479302989 -0.0404189871894
0.000346217698921 -0.0224790192134 -0.0319182408763
0.0575278338945 0.00196922609265 -0.0120060547296
0.0128630355346 0.00768229504386 0.0411935599257
-0.0117408458337 0.00127620541253 -0.0153426744046
0.0519241966997 -0.0060961166909 -0.00254451175139
0.0247159477779 0.00606568227953 0.0665279282532
0.0160629866273 0.000279857776324 0.0281508440965
0.0118356770948 -0.00700597437264 0.00820067299203
-0.00210695759208 -0.0130301533637 -0.00275112679628
0.00453144235107 0.00386787109427 0.0222650955731
0.00128065823014 0.0113138027806 0.0177249940936
-0.00454720892976 0.00136839241638 0.0103311932659
0.00269993696116 0.00395558125911 0.0154638468147
0.00330258237209 0.00399642705008 -0.0188937435298
0.0305359031376 0.0378410410594 0.00999912182426
0.00571501588624 0.0241682726231 0.0211074324616
0.0139278375145 0.0289279302086 0.0186696365788
0.0142565984172 0.029991862485 0.0161141283134
-0.0235596587077 0.0317577112327 0.0615300401767
0.0266130689338 0.0476797615623 0.0343373700808
0.0173025865765 0.0205274891005 -0.00667409756809
-0.0222319952767 0.0154203360406 0.0168416199893
-0.00557820629831 0.0399034096429 0.0620611815935
-0.0101044336708 0.0204711344115 0.0429560956221
0.0129002090357 0.0123273862658 -0.00746345063785
0.000319366126615 0.00183460091268 -0.00452951043916
-0.0164956009732 -0.00257162678907 -0.00305233297702
-0.034398243311 0.00397606431528 0.0310804892638
-0.0244086617356 0.00971788385518 0.052663164203
-0.0245801543616 0.0101421197633 0.0487917613983
-0.018865949871 0.00200087562713 -0.00604146287782
-0.023827555412 0.024116460761 0.062010038914
-0.0318915887312 0.0191524991575 0.057754939278
0.00988609388964 0.0115280662368 -0.0193621647325
0.0160310733918 0.0295718710422 0.00668005777587
0.015170918208 0.0262753047443 0.0302885974892
-0.0426918632891 0.0104840700551 0.0234834001182
0.000111123755296 -0.0458105708373 -0.0674474503278
0.00720517752888 -0.0349567726051 -0.0564691205876
0.000762171222852 -0.0292110189014 -0.0415103018514
-0.017255498812 -0.0251254058182 -0.0278127970443
-0.0189519666671 -0.0300580407115 -0.0317079400799
-0.0127204480855 -0.0209728099504 -0.0167223244457
-0.0211761125722 -0.0447896270584 -0.0536831904818
-0.0226951321535 -0.0423463981346 -0.0491082393334
-0.000794697312059 -0.0107535199294 -0.0132310575202
-0.00317973850065 0.00922707353132 0.0089901565638
0.00974256984146 0.000506549888899 -0.0183991298332
-0.0265037234801 -0.0366008308269 -0.0238649149997
0.0282237735961 -0.00812772503458 -0.0113950618221
-0.0178460853809 -0.019926995683 -0.0205270166163
-0.00621423276504 -0.0090395620989 -0.0106744482272
-0.0167530072183 -0.00525868420829 -0.0126164770729
-0.0246419923993 -0.00576223824194 -0.00846789520648
-0.0211378531722 0.00190494947769 0.00076247954772
-0.00907063627424 -0.00315282762726 -0.00362069994146
0.00304973760473 -0.0276730314358 -0.0313003119048
-0.0207913763534 0.0140043739839 0.0199257909902
-0.0231736016151 0.0159601886272 0.0255447398762
-0.0176760638671 0.0328387117099 0.0477476816048
-0.036096945414 0.0210531834158 0.0487573524306
0.000584986590934 -0.00750606072884 0.00844972507525
-0.0255788006784 0.0352428559212 0.0289135992014
0.0273191444284 0.0129956744223 0.0218239118152
0.0261234060842 0.00892785286457 0.0148475142132
0.0271896894363 0.00948372149556 0.0103687648342
0.0574845447711 -0.0147297063975 -0.0118699957595
0.0663788634702 0.00196910986563 0.0156487527794
0.118973977943 -0.0219946952877 -0.000495003794223
0.117765316521 -0.0426555348945 -0.0180004043305
0.0995992020391 -0.0403553893651 -0.0140786036803
0.0680161010186 -0.0442937433901 -0.0263767975657
0.052827872127 -0.0416971723944 -0.0347740127529
0.0628511112508 -0.0454159282096 -0.0515555131584
0.0373611372144 -0.0576022087469 -0.047353183782
0.0692765234486 -0.0191875667995 0.00121344343028
0.00680637857296 -0.0356210779334 -0.0511205307967
-0.0363006922019 -0.0358182531896 -0.0479508300601
-0.0710882624818 -0.0230409750454 -0.0318960820487
-0.0707994839426 -0.0120118069119 -0.0140128829663
-0.0449450489104 -0.00811101476831 -0.0145025659416
-0.0534543749775 -0.00846408798243 0.00176222500422
-0.0369162660594 -0.00746681672678 0.00772051147733
-0.003685391099 -0.00749320630712 -0.00059883132447
-0.0673433212365 -0.00640826378379 0.0158367060743
-0.0172833085062 0.0291740968375 0.0255513283311
-0.0462733430273 0.0387014187897 0.0273998531244
-0.0664503641999 0.0459501726022 0.0315809990968
-0.0230544036728 0.0312951661141 0.0214272907253
0.0100826110868 0.022456778633 0.0127634110894
0.0306417483689 0.0177124852349 0.00710873485994
0.0512157095495 0.0133870099717 0.00212632390103
0.0771359863066 -0.017883472319 -0.0189370633072
0.0825957744889 -0.00573143908632 -0.0103505978213
0.111217151184 -0.0153833616885 -0.0142811759123
-0.0203784381194 0.00208400803805 -0.000810087699357
-0.025526349206 -0.00163269535616 0.00476095707233
-0.0190401916117 -0.0119677878135 -0.00165622788497
-0.0303926813844 -0.0377698291541 -0.0272570603384
0.0144147421309 -0.00911572661207 0.00447032081596
-0.0350266617983 -0.00700909502154 -0.0281232838169
-0.00200163432596 -0.00902026168738 -0.0225276125688
-0.0331327284033 -0.000637449944155 0.0241673658791
-0.0556151491707 -4.67850012714e-05 0.0333292779885
-0.0674906828095 0.0211017207358 0.0368099982459
-0.0223580218408 -0.0112536444489 0.0307721842437
0.00694311729602 -0.0230682020466 0.0271461782
0.0286911735373 -0.0206322897563 0.0233815499392
0.0553101376858 -0.00622852589969 0.0113780437254
-0.00751613595281 -0.014510379013 0.035368224763
-0.0548786302035 0.0161523760636 0.0432089749585
0.0581457984206 -0.0368964459238 0.0125492231155
0.0903763598703 -0.0560091759432 -0.00235967163295
0.0945889781985 -0.0361853607488 -0.0150305471441
0.0961201864312 -0.00954771393555 -0.0326025349872
0.0911965388152 -0.026603039537 -0.0455841478994
0.0616038494048 -0.0147228363069 -0.0659463769685
0.0467768021331 0.000441813269508 0.0136076644084
0.0370085592033 -0.0390725590231 0.0273495672697
-0.0464006043264 -0.0311653662445 -0.0131952528948
-0.0609960763342 0.000577493694073 0.0148906214016
-0.0711503639772 -0.00214800212857 0.0167477492837
-0.0618055080558 0.0169225550563 0.0279559877182
-0.0531908710682 0.0271807284201 0.031793953945
-0.0705732631937 0.0296467169096 0.032612491923
-0.0925493678176 0.0203631039857 0.029655895629
-0.0870966715074 0.0342685702179 0.032956018978
-0.031767719362 0.126868722036 -0.0703752101997
-0.0295988295007 -0.0652057246358 -0.0423347900949
-0.0298052228281 -0.0603433769717 -0.0397933748709
-0.0185887976366 -0.0556851192866 -0.0237828396005
0.0125661245452 -0.0333911973847 -0.00460967334339
-0.0279354597519 -0.0457936573417 -0.0356969020779
0.0408050259293 -0.00927427259676 0.00532289436787
-0.0166931224315 0.0110828515135 0.0263644363276
-0.0443245632544 -0.00533578985571 0.0172741258462
0.000709654852923 -0.0392385850553 -0.0419071907945
-0.000183676234837 -0.0454344501722 -0.0513717133907
-0.00836143298365 -0.048037172732 -0.0582550253969
0.0166113139058 -0.0210271604182 -0.0386770209465
0.0167946933425 -0.0130827861124 -0.0305499608382
0.0951921512384 -0.0610257624144 0.0583197328528
0.0773151604249 -0.0543825597643 0.0330974663345
0.0504163020454 -0.0344555014117 0.0357279877727
0.0305005691875 -0.0216872485239 0.0458994534396
0.0158619711158 -0.000891104718777 0.00366063261932
0.01101785006 0.0175005921052 -0.0221187899163
0.0285795031206 -0.0146352334179 0.0163000499728
0.00590277528639 -0.00366194553702 0.00840280322281
-0.0260863052651 0.0175090598607 0.00868527098082
-0.0214426136484 0.0210380938991 -0.00378365627871
0.0908948493615 -0.0602286227184 0.0162831347805
0.096373531395 -0.0500309701461 0.0697228781028
0.102029995687 -0.0383949512543 0.021959945099
0.0825318419375 -0.0179927974654 0.066339848658
0.000124900767793 0.0185380735008 0.0241433497352
-0.126184581748 -0.0504844544835 0.0275049328473
-0.0542270566868 -0.0112345593044 -0.00628053324869
-0.0189526603827 -0.00878613259689 -0.0337647954673
0.0209589129487 0.00544857265834 0.052386941871
-0.00957050766314 0.00732396551854 -0.0030159780594
-0.0233744910234 0.00185427480772 -0.0027928524711
-0.0293331028694 -0.0155933112893 -0.0125381467636
-0.0602281146356 0.039133101549 0.0361744038425
0.102157714703 -0.0109292620504 -0.00713548712009
0.0934511805731 0.00220212467063 0.00117932755437
0.0296499690465 0.0197489932353 0.00787978199767
0.0627554438925 0.0129135094114 0.00799941548084
0.0313064181183 0.0180383613167 0.0113077285279
0.0404144876753 0.0153121106227 0.0160290696925
-0.0076029922102 0.0175338910062 -0.0560837789286
-0.0325656773062 -0.0303324635583 -0.0136621727768
0.00151375972838 -0.0135040654938 -0.0400315894551
-0.0621880185279 -0.00225773351741 0.00727904229147
-0.00780091855309 0.00121053478316 -0.0118986777114
-0.0390867981036 -0.0321631291992 -0.00401806228998
-0.0188906719037 -0.025132933325 0.00082613429246
-0.0345890623786 -0.00162042554752 0.0100676859678
-0.0351409423459 0.0130299406389 0.0073112126176
-0.00508848347662 0.0127401681152 -0.00451967781041
0.0158831080351 0.0164307727984 -0.0166269261062
-0.0454277512685 0.026005707268 0.00456985808596
-0.0783033975003 0.0391707322193 0.0147854259197
0.0208321365619 0.00358104887767 -0.00618272645501
0.0402818319017 0.00200239830162 -0.00216796674044
0.0243067636543 -0.0136392381039 -0.000467563555941
0.0400428201303 0.0125052932006 0.00800925549399
-0.0665431443716 0.0139378181742 0.0206470168288
0.0349367395924 0.0157079330713 -0.00948578658496
0.0142385919666 0.0194561859847 -0.0176216052359
0.0124906924969 0.0244785149177 -0.0169948391195
-0.00927025858386 0.00676540606236 0.0445018842626
0.00250359081885 0.00304024446527 0.036162298597
0.0175141281323 0.00406215824373 0.0528307092973
-0.000260801466872 -0.00211143523641 0.0145814859955
-0.0510593418929 0.0163520513141 0.0255320051829
-0.0364012900606 0.00894107463988 0.015549660897
-0.00418795476018 0.0120237878076 -0.00338627954911
-0.0155841357137 0.0165913002375 -0.0134029459383
-0.0360869572165 0.0156646859433 -0.0194008059202
-0.0169000052942 0.00592364805133 0.0226478496177
-0.00878677455797 -0.0035092087302 0.0711216145266
0.0900665546125 -0.0948660258337 -0.0251484204955
0.0659571970098 -0.0675616770108 -0.0510661799132
0.108733048316 -0.0957100861114 -0.0158141574036
0.0785888339354 -0.0384066010859 -0.0345419699419
0.0480556663792 0.029455206483 0.00247531358849
0.0249769076811 0.0330106375812 -0.0198129623767
-0.00278455068892 0.0192833706457 -0.0155187948444
0.0187846168772 0.0707977719808 0.0288800090512
0.0488530800927 0.0108509615779 7.49346576975e-06
0.010921387775 0.0156661502911 0.00525615904817
0.0151867249764 -0.00554489232367 -0.00576569046876
0.0282421905183 -0.00203212030181 -0.00928775994604
0.0204755137444 0.00610268699115 -0.00348393440781
0.0445790572226 -0.0017130286531 -0.0161646198923
0.0525890183672 -0.000138229439329 -0.0225068010035
0.048112424975 0.00267976270034 -0.0247562703215
0.0629596468539 -0.00279017154784 -0.0191990635895
0.0647437746923 0.00708809840003 -0.0190106193913
0.0440359546725 0.0043165350058 -0.0241111646757
0.0336208114337 0.0173488149105 -0.00123711747624
0.0494997526773 0.0169364659173 -0.000312569826262
-0.0176056709982 -0.00315626390703 -0.00646841923674
0.0405738141104 0.00612633033491 0.138216805681
0.0358980132847 -0.00918147857664 0.162776733608
-0.0232666325612 0.0276661753821 0.036158660199
3.95887629109e-05 0.0243021262385 -0.0810148041616
0.0332688209397 0.0208977795086 0.0188921179635
0.025249519074 0.00585057579356 0.0610742659496
-0.010137873971 -0.0467439768535 -0.06208128664
-0.0153301553842 -0.0525428529478 -0.0570702474531
0.0989654961488 0.0237585003462 -0.0281798999909
0.0973893314648 -0.0235874953443 -0.0286315662189
0.0617872172293 -0.0257850526246 -0.0354870894464
0.0173451047351 0.00187664833264 0.0293627674441
0.0115924637222 0.00268099492889 0.0272152394387
0.012902743557 -0.00112864628383 0.00574184117256
0.00466848115693 -0.00283656953491 -0.00811641806957
0.0160023091602 -0.00287854351531 0.0142016360516
0.00357583056701 -0.0123352935716 -0.00436710503467
0.00240035743297 -0.000176170159164 -0.0100931494385
-0.0109954210371 -0.0122567847099 -0.0406908512119
-0.000770568298176 0.0205666769886 0.0244969073264
-0.015713125988 0.0179960950295 0.0166828564667
-0.0304538361054 0.0193577650087 0.0100204003462
-0.0242657281756 -0.0518558330467 -0.029242068406
0.0410659146326 -0.0412510233678 0.0264625238014
0.073809297529 -0.0800803025969 0.0175347763843
0.117187497028 -0.0144273343201 -0.00919116241888
0.0836531256854 -0.00861212954474 -0.00081673868102
-0.00410276200341 0.0108491545317 -0.0747713164225
-0.0409132098577 0.0742174158861 -0.10033406485
-0.0173072945473 -0.0247838973809 -0.0277426372611
-0.024906940841 -0.0213177338839 -0.0251209124893
-0.0273514397171 -0.00389260665635 -0.00970998895832
-0.0126910539958 -0.0194703032475 -0.032414851409
-0.0594453291213 0.000168724980255 0.0249030063555
-0.0707744228284 0.001520709854 0.0245908770205
-0.0140481248341 -0.0162029473401 -0.0302598723504
0.0043680984241 -0.00989057136812 -0.0183914811088
0.0490325172443 -0.0111308188094 -0.0151663351462
0.102933980252 -0.00615124554429 -0.00288445598512
-0.100459910366 0.0138804287691 0.00883297715416
-0.0727360370137 0.0114255962881 0.0125372349708
0.0463631293501 0.0102632719784 -0.0804111283982
-0.0220817073599 0.0047757234628 0.00180986745353
0.0316552424401 -0.00844101923724 -0.00816443022547
0.0219740090586 -0.0181262017552 0.000867141577849
0.0357868907878 -0.0167067038258 0.00257858864784
0.0580747091109 0.00407630558919 0.00844489307543
0.00880354393126 -0.0383162711628 -0.00920117546202
0.00663506144178 0.0253896565842 0.0359503415861
-0.058666202194 0.00163644372971 -0.00717272705109
-0.0319711053354 0.010285016485 -0.0529955569636
0.00749262550851 -0.0330036174445 -0.04745786769
0.0087682713268 -0.0195623338988 -0.0221238977571
0.0430430872034 0.00073177280288 0.00474355535144
0.0703700777988 0.00875001044022 0.00366606539729
-0.00148696571669 -0.00337959792123 -0.00183289155863
-0.00368341766491 -0.000666169253353 0.00908747479781
-0.0309532313935 0.0344418485805 0.0456775990456
0.00975223055785 -0.00814364190246 0.0374611690676
0.0467504517504 -0.0372628926557 0.0153436476194
0.0221889936147 0.0048452844897 0.0681896893108
0.0349046191477 0.0158106072791 0.0636610880057
0.0095501367356 0.000775367406394 -0.00716844104785
0.0849477243668 -0.0031292160865 0.00596706352643
-0.00799937361012 0.0168475693185 0.0107072265629
-0.140269076694 -0.0184499222718 0.0157906059223
-0.0775164434898 -0.00153849726817 -0.0210682192559
0.0858006865202 -0.00415930291325 -0.00910810187708
0.0455959800961 0.00891872455361 0.0138137477713
0.0525763594834 -0.0973280687106 0.000830276382019
-0.113062683878 -0.0768723982108 0.0374209138409
0.00672685185814 0.00175553817014 -0.000956977595027
0.00576476417173 -0.0165446205086 -0.0146168295935
-0.0671197880098 0.000132843033878 -0.0740723489836
-0.014590034446 0.0221934306652 0.0264718455836
0.0920328565436 -0.0811160519167 0.0127110060692
0.0132392504679 -0.0264363946499 -0.0402694755373
0.00335388161777 0.00866843052115 0.0154402241618
-0.00822638716113 -0.00225928582337 -0.00973609670179
-0.001639539467 0.0211310819066 0.0332907775463
0.0701171625981 0.0381389024786 -0.0365725570133
0.032785114337 0.0145622769611 0.0760246115152
-0.0136959480277 0.023019516582 -0.0511387385544
-0.0204417946207 -0.0264986009511 -0.0117062221609
-0.0401278993644 0.00163074654784 0.0139867854906
