-0.0845327120568 -0.0376565118945 0.0614813427158
-0.134455635513 -0.0613421084572 0.0457234125078
0.00256319297561 -0.0166509123685 -0.0224397863768
0.00616866324082 -0.00634925884792 0.0466074686448
0.113865609461 -0.193967178952 -0.0418127148908
0.0215102848142 -0.0154731449559 0.03301817441
-0.0677325283744 0.00816762485052 0.0717608533486
-0.0581735555585 0.0755606594167 -0.03775937188
0.076192885687 0.00428567068392 -0.0507742783062
-0.00278539982509 -0.0397537556848 -0.0381749606628
0.0243866610886 -0.014405484753 0.0248641519406
-0.00198574562436 -0.00259379097476 -0.00317930435242
-0.109556518124 0.105070296272 0.0189192646936
-0.0503349062265 0.0922354892776 -0.0529810915134
-0.0326760502853 0.0203890879056 -0.0085459569982
0.0300981044741 -0.0209288125249 -0.0247349406496
-0.00171305874448 -0.00771532593428 0.0163904230119
0.022324125172 -0.0171345530395 -0.0241140270828
0.0737751202249 0.0301020426692 -0.00687142353903
-0.00211961154802 -0.00515766610986 0.0242618835154
-0.0267729779868 0.0480680957197 -0.0680332380943
0.000151442858706 -0.00902231446631 0.034656649139
-0.0262147133795 0.0202657954964 0.0199740521312
-0.0208420272389 0.0105308294601 0.0230617823758
0.132641127759 0.052378407724 -0.00790664535112
0.00654542350401 -0.0284839823546 0.00494052629221
0.00328267611196 -0.0223737597773 -0.0176380874619
-0.0265266903279 -0.0234478471747 -0.00591647833813
0.0450913421342 -0.0927708816367 -0.0596225032744
-0.00138762728038 -0.00558100543995 0.0110685999003
0.00737421653471 -0.0174923648138 0.00591978209324
0.0143880486619 -0.00595778569144 -0.0257330486098
-0.00157713750592 -0.00728600578057 0.0284934785734
-0.00453483768144 -0.00833262343412 0.0123688791964
0.01095537894 -0.0374998820391 0.0104760638191
0.000735771525958 -0.00667054578387 0.0393498450676
-0.0117886010595 -0.00787639136897 0.030496762358
-0.0185809134537 0.0211451423757 -0.0221294381809
0.00117446048877 -0.00846476859786 0.0236230829406
0.0151886235864 0.000814909327165 0.0188325072075
0.0371940454922 -0.0121265138343 0.0109278351856
0.00412408095792 0.0187336022336 0.00287807074778
0.0132799497681 -0.000273348504922 -0.0205865857127
-0.012686601999 0.00863755191029 0.0334554502488
0.0175965295746 0.0207743979558 0.0272183706242
-0.00850718627463 0.00537234430448 0.0444118485852
-0.0444383948836 0.0142167842151 0.0233176842046
0.0207903026086 -0.0299743136449 -0.019146418232
-0.00522215372165 -0.00299866256975 -0.00351594692525
-0.0154334285383 0.0195792159247 -0.0312189771245
0.00290251253572 0.00747980211686 0.0352784594784
0.0230271157202 0.00479177063251 -0.0080631066048
0.0928591278099 0.00216320663805 -0.0108258617733
-0.0130527011518 0.0268151886192 -0.0175029566886
0.0140180798986 -0.0104336501136 0.00203490613932
-0.0127454131974 0.0117934227456 0.00121356706304
-0.00488508955498 0.010789580293 0.00492680605211
0.057415265504 -0.0534740838021 -0.0130620437358
-0.0556733552738 0.00379158786856 0.0278612835785
0.0566982614283 -0.108961385084 -0.00333105200456
-0.0367922791239 0.0646847700281 -0.0560522343098
-0.0536988376281 0.0988088914754 -0.0751985909399
-0.0234408047694 0.0517569783198 -0.0416707665214
-0.0030976622625 -0.00829575047122 0.0146060674942
-0.00739299953001 -0.00347341466579 -0.00858200918062
-0.0143014352809 0.0134607714439 -0.0325655400666
0.0031150738852 -0.0129510038102 -0.0522560927575
-0.003883676009 0.0300551781996 -0.0728837190025
0.0394780356777 -0.0768054863323 -0.0284192180364
-0.007172639274 0.020719660458 -0.0341029969698
-0.0119830914462 -0.0126566193707 0.0124518127346
-0.037533582851 -0.0339120023617 -0.01666647893
-0.0932832363663 0.043332868972 -0.0223087389257
-0.0191765253127 0.0209878191685 -0.00176922057437
0.00241856222746 -0.00852605641805 0.0072002796621
0.00867959540582 -0.00623611798855 -0.0111325864487
0.113143879509 0.0485967041205 0.00560461256446
0.239349295597 0.0191102011734 -0.0194300571179
0.141654897648 -0.024544712158 -0.0328549662099
-0.0403944693397 0.00564305348646 0.0134963851823
0.000834737813807 0.0170826736769 0.0497288274789
-0.171698430979 -0.0195081441077 0.0951735788911
-0.0869542939031 -0.00628388501329 -0.0154917660037
-0.11010134166 -0.0266733286851 0.0613819303966
-0.000234301808733 -0.0152783927716 0.0247476954408
-0.053584760927 0.0321476480947 0.0233504786277
0.0422540584262 -0.102095048449 -0.00180976653489
0.0325931982224 -0.103283297659 -0.0117797090171
0.0432718574956 -0.0929697151134 -0.0111704052751
0.00849943021625 -0.0167346420467 -0.0052188519442
-0.0139157813612 -0.00159797842147 -0.00598132524952
-0.116030365685 0.0584842116389 0.0390615029205
0.00534747919386 -0.0189022793382 -0.0224770369142
0.0655105247819 0.000153231387119 -0.0274397878141
-0.0648536522856 0.080937418998 0.0463657000945
0.0255884673804 0.0384330747133 0.0189684149122
0.0204714577715 -0.00477067247017 -0.0125750518754
0.0253445137329 -0.0270872309458 -0.0360627978551
-0.0524944916963 0.00285030352838 0.00908669296988
0.0208554655643 -0.0338641261873 -0.0391645305544
-0.0347858594392 0.00453631227861 -0.0395165243628
-0.0875350992331 0.0735582431726 -0.00707255537918
-0.0204534711512 0.0196169985508 -0.0175457424267
0.0361869896405 -0.013295481904 -0.0204692303151
-0.0599916866211 -0.011205015916 -0.00204747406207
-0.0250935426765 0.00474550478472 0.0151438298894
0.0806741129348 -0.0866945564162 -0.00472183993914
0.0336422976556 -0.0203171049037 -0.0057149305457
-0.0203302676829 0.0573994567133 0.0288155218222
-0.00995595160313 0.00351061805698 -0.00185032698049
-0.07656581877 0.0831042084555 0.0537828826779
-0.0440577555548 0.0652798982021 0.00721238326175
0.0190502433177 0.0197935565911 -0.0234232725933
0.0618589941718 -0.0275178558751 -0.0355919925497
0.0114782922402 -0.0284853769149 -0.0103232428355
-0.0108412942275 -0.02075880791 0.0172005574954
-0.0100549941242 0.0224688681043 0.0331835852059
-0.00666314214164 0.0681591154465 0.0611994422887
0.0153900085756 0.0124559144417 -0.00128039780003
0.00176888505693 0.00630802251791 0.00157082626001
-0.0547998429803 -0.0336753681864 -0.0063826560157
0.0965800680417 -0.00528053510266 -0.0202910151346
0.00454872400114 -0.0223091613911 -0.0166372177929
0.183947879857 -0.00556761079635 -0.0308920846929
0.218447709857 0.0195380426769 -0.0212509278941
0.13350586173 0.00423088822172 -0.0163017016976
0.0141433150754 -0.0296404797883 -0.0162215212886
-0.0711003907849 -0.0252835636799 0.0133581190831
-0.0160874818954 0.00923340957831 0.00944067402861
0.020530551687 0.0363853647415 0.0307344469844
0.0601061618227 0.000681059805404 -0.00889141644541
0.0464252165841 -0.0187838608254 -0.0280154636508
0.0489271681234 -0.0065686408845 -0.0430490305276
0.0180673147701 0.000567360771877 -0.0149033650684
-0.00918167852192 0.0107531261353 0.0288069268926
-0.0207767428022 0.0128816857075 0.0261404854064
0.0112606893866 -0.00811928814541 0.00436894697047
0.0209901428547 -0.00913018330458 -0.0115001994767
0.0255216354984 -0.00894975452186 -0.026359302428
-0.0246183207739 0.00274114379151 0.0239799575784
0.0492205387374 -0.0204552519859 -0.0171423939066
0.00348087941056 -0.0113055619578 -0.0133222567811
0.0356510173764 -0.0297584552917 -0.0350485813531
-0.106636671064 0.0591592770894 0.0204184614765
0.110489377692 0.0115508495886 -0.00404366074735
0.193254992165 0.0232726242743 0.00772266066859
0.0248930990284 -0.0282757226398 -0.00505666676873
-0.0121640912669 0.0449436252447 0.00877789756073
-0.0145687056351 -0.00221130931295 -0.00127106361419
-0.0244351236281 -0.00847468866965 0.0092073244246
0.0386857066233 -0.00357975286908 -0.0179865712621
0.0704757597725 0.00341437889036 -0.040778610153
-0.0370280408304 0.0114641520173 0.0406767642937
0.0760463745259 -0.0258890820313 -0.0297028953799
-0.0609110120978 0.0493609496189 0.0241055914133
-0.0944117233889 -0.00615409536563 0.0391158624271
-0.191600142238 -0.111751975515 0.112242372439
-0.0322665304955 0.0555693397114 0.0327672211903
0.0213971878787 0.0294679313164 0.0087326585717
-0.0605331047159 -0.0151211261395 0.0479933657368
-0.0760112166917 -0.0234761810188 0.026797794591
-0.158336041977 -0.0890700935244 0.0787126636151
-0.0164910736719 -0.00171057586955 -0.0064566619233
0.0824341932372 -0.115453057434 -0.0280715197253
0.0272202198932 -0.00336343214495 -0.0194481102821
-0.197681529758 -0.101844124926 0.0941418312088
-0.124766459669 -0.0237885820906 0.0484859372308
-0.0340600984531 -0.00236497529433 0.00352812882183
0.0395908359019 0.000381043626326 -0.00969211688537
0.064127864798 -0.0206963987565 -0.0125098417307
0.0791132735914 -0.0331986124749 -0.0130991627408
0.0722947022952 -0.0643714678116 -0.0065300442846
0.0283762090072 -0.0429536134107 -0.0089985468947
0.0541928536128 -0.0706819696852 -0.0080984159197
0.0430803549384 -0.0588344210682 0.000982250323761
-0.00806222565796 -0.0153017166305 0.0173494622186
-0.107361165413 0.0669588718167 0.0510799579602
-0.0568662368746 0.05374676625 0.0396378334254
-0.0284708516571 0.0185260685165 0.020644550512
-0.0164457687936 0.00749197402407 0.00160497131048
-0.144035470984 0.0620487965025 0.0471137851778
-0.0916667123491 0.022950469598 0.0181756785644
-0.0305616392966 0.00185836015286 -0.00806474168937
0.0417713473905 -0.0189676837705 -0.0147482405604
0.038231309019 -0.0373024332808 -0.0197802063721
0.000840511982356 -0.0164874472469 -0.00779245263472
0.00458212956856 -0.0120651422883 -0.0286697927932
0.021393747187 -0.00685888023164 -0.0155177408202
-0.00482557658588 0.0107186830105 0.00943776878103
0.0244932726836 -0.0117213206918 -0.0171500163096
-0.0239129159094 0.0667583211278 0.0159402757475
0.0449981465223 -0.0282048109907 -0.0439776632961
-0.110647336755 -0.00944453132565 0.0415331301912
-0.100512124572 0.00776598192867 0.0525893763025
-0.0591366003084 0.016773996631 0.0629232838269
0.0210640776616 -0.00129289708142 0.0100971535177
-0.117968995394 -0.00635113575318 0.0984897753937
-0.180820643766 -0.0717787268753 0.120268396233
-0.157689689566 -0.074420026668 0.0978805486041
-0.130647783507 -0.0235036836945 0.09662060971
-0.0802779109016 0.00282981425899 0.0569834605799
-0.0270720202524 0.014140284234 0.0341736444549
0.0238342737309 0.0030392010086 0.00790113473394
0.0391338542346 -0.0399368887538 0.00285309914091
-0.00810070653582 0.0019678029052 -0.00645213783287
-0.0254698779976 0.0465155163635 0.0449950384528
-0.0346840245659 0.0187682439216 0.0427712460274
-0.0201883641047 0.0246510918933 0.0305136036764
-0.0164761582099 -0.0014179371877 0.0197184879987
-0.0197143691264 0.0389208370245 0.0453665393903
-0.0398874886595 0.000216117862558 0.0300974891591
-0.0342127592944 -0.025918349395 -0.0199762898658
-0.00707482095795 -0.0148283385327 0.0020033867804
-0.048076419719 -0.023405159155 0.00984677666265
0.000733958698096 -0.0108552081838 0.00961512462655
-0.0706178061529 -0.0062483754996 0.0368386582611
0.0349708344321 0.00770449943733 -0.0268784525541
-0.0903625654357 0.0175483561432 0.0385839769587
0.040163415243 -0.003138651877 -0.0516812661788
-0.00599262129813 0.0126815247618 0.016022728488
0.00537670595909 0.00920084412495 0.00257088953778
0.0595809813745 -0.00957162180461 -0.0267288201685
0.0994616597514 -0.0311895302744 -0.0310671373818
0.0191454660984 0.0693378484401 0.0555786688827
0.0755097296303 -0.111165354982 -0.0461106281097
0.0131509216073 -0.0183883346738 -0.0040036184707
0.00688914657901 -0.0349640348509 0.000885900883091
-0.0441226485836 0.0118398154332 0.026265586565
-0.00962224383699 -0.00524388965046 -0.0015829201412
0.0123455482084 -0.00350761159297 -0.00361646867712
-0.0132507058419 0.00253877757766 0.00884564390366
-0.0241523965161 -0.0101272877063 0.00701533201433
-0.0227361463799 -0.0253546861902 0.00267394081376
-0.0495494116413 -0.00881293013723 0.0100426962974
-0.0219400993178 0.0162700321459 0.00791863661832
-0.0259936044592 0.0276100438248 0.00587822609178
-0.0120111017478 -0.00227127760009 -0.00683367417448
-0.0131872232035 0.0264989367324 0.00854125709881
0.00550451659787 0.0140191043441 0.00296538998635
0.00686105340279 0.026540369024 0.0046524893307
-0.0657878158564 0.0245052253145 0.00998379061194
-0.0711238877479 0.0302729991512 -0.00251932890731
0.00588690130731 -0.00648860716395 -0.0149439358626
-0.018013080552 -0.00908535669918 -0.00672485340624
-0.0393548173851 0.0326485549482 0.0120570807397
0.0366299794131 -0.00400709561882 -0.0384347518311
0.0564682708927 0.012632101392 -0.0315508773036
0.0192007586536 -0.0268019794437 -0.0341595612779
-0.0151076535618 -0.00610366312839 0.00424437729638
-0.0219564423335 0.0474617943921 0.00590492742626
0.00275756848397 -0.00214852474776 0.000314773326989
0.00294716046493 -0.00419860187404 -0.00682753960081
0.0408860756629 -0.019454216332 -0.0301083572967
0.0451549571293 -0.0271501552077 -0.0348888299244
0.025120104646 -0.0188190216286 -0.0189160112934
0.0239497976855 -0.0216018193913 -0.0230008721514
-0.0276212840648 -0.00314531492129 0.00585241370981
-0.0426549560166 -0.00165803131856 0.00606450029641
-0.0277926490848 0.000282717722733 -0.00769176672928
0.0246091005588 -0.0132797633828 -0.0255910301556
0.0322885052015 -0.0212862539025 -0.0380217484222
0.0389786268292 -0.0329979391044 -0.047232883985
0.0485827235221 -0.0375840532144 -0.0485358775773
0.0243745499591 -0.0276931072597 -0.0357558044778
0.00559314891339 -0.0153515869161 -0.0190064345479
-0.00222716759379 -0.00575751032449 -0.0187840167451
-0.0175377573375 0.0274487194344 0.0155111384182
0.0558493920884 -0.00814504713142 -0.0168192181134
-0.0434480631445 0.0666266049351 -0.0137008877241
0.00168411904646 0.0139660072212 0.00673165634067
0.0276337604688 0.000529255193456 -0.011669311696
0.0209216744037 -0.00973292854935 -0.0132409215936
0.0554872818802 -0.0156057001543 -0.0267826003056
0.0410161305443 -0.0186574160144 -0.0225884814297
-0.0103052862514 -0.0147518838633 -0.000164017662133
-0.0487265585316 -0.00462533259808 -0.00126412792569
0.0219886980731 -0.00836982417141 -0.0752951543869
0.0130736654241 0.000142539070724 -0.0104635309346
0.0322845303137 -0.0108282744839 -0.0795863368959
0.0869942686365 -0.0245228384779 -0.0312113102064
0.0953130241621 -0.0278945093103 -0.032227657777
0.027926805862 0.000791435329496 -0.00110072919776
0.0729605350759 -0.0183615495502 -0.0148402490128
0.0553495653941 -0.0230364088113 -0.015039929253
-0.0185399869932 -0.00652155810497 0.0103340419799
0.0806780320349 -0.0196550312177 -0.0325910815584
0.0376507039094 -0.0188789040948 -0.0165378772059
0.0485494418956 -0.00240713873239 -0.0192735515659
0.03134344631 0.00280027060419 -0.0149160673008
-0.0378961725971 -0.00843510047812 0.0195201954983
-0.0394843137464 -0.00891073630905 0.0167898413337
-0.0494739788937 -0.00880073001802 0.0271200543307
-0.0442924210737 -0.00969934112171 0.0251236764715
-0.0237861050496 -0.0139635191186 0.00612758600406
-0.00280215405901 -0.0209187091813 -0.0165474696704
0.00596574037902 0.00238775004306 0.0131530860016
-0.0652842574751 -0.0135947675298 0.0306655661884
-0.0664868958133 -0.015588131895 0.0195470915409
-0.0881127874036 -0.00767288160897 0.0426853635131
-0.104090984232 -0.00248302790545 0.0498713642029
-0.117614147597 0.00992074940046 0.0448523006192
-0.0563121159492 -0.0192320193857 0.0803218202382
-0.0810554824072 0.000886517527895 -0.00205004794601
-0.106213044034 0.0129882536784 0.0542742965798
0.0640264556442 0.0256343062083 -0.0508057975251
-0.0980995938403 -0.0138974392472 0.0319111136068
0.0782087152434 0.00191523521704 -0.0297471607804
-0.0109438074923 -0.00371261883197 0.0182603662393
-0.0123268419647 -0.0475242499689 -0.0491776103146
0.0684535795737 -0.0177120743062 -0.0215608037344
0.0515021514642 -0.0065273064493 -0.00630430061104
-0.0223114199058 0.0180346723653 0.0332065846283
-0.0288352544299 0.0150649473543 0.0263737550906
-0.0139851292238 0.0221357694457 0.0225806769081
-0.0217603635658 0.0398916636393 0.0452329853794
-0.0287068621848 0.0342608866216 0.0475181452196
0.02493901663 -0.0208203509682 -0.0173651487352
-0.0212714690993 0.0188325254606 0.0279289223155
-0.0271055199874 0.0206764449154 0.038174996123
-0.00636995401201 0.0619986896245 0.0582732474387
-0.00437459057237 0.0497509234996 0.0489403504504
0.0180562164234 0.0266310871318 0.0114448839458
-0.00784638277562 0.0469771193318 0.0496443600148
0.0112238769996 -0.00735387734766 -0.0068275806559
0.00405663021761 0.00503720507339 0.00382078416126
-0.0181805740841 -0.00593361454577 -0.00216135790691
-0.0197047367405 -0.00130583942651 -0.013261025868
-0.0212728992432 -0.00587667429379 -0.0368201030355
-0.00353940944533 0.00360298806261 -0.00512960868438
-0.0112354260978 0.00145000669121 0.018040334561
-0.0474971729533 -0.0101874839582 0.010985813732
0.0208453317487 2.21227332971e-05 -0.0380838722231
0.0645066312901 0.0032760714462 -0.0715593717662
0.0442591993502 0.023252033473 -0.0478912523008
0.0857842515426 0.01170191397 -0.091362523899
-0.077336458466 -0.00594240201082 0.0187032657652
-0.0694671680741 -0.00268866217771 0.000305452106086
-0.0452560056216 -0.00517778459139 -0.0308638536438
-0.0200282773981 -0.00208145617834 -0.0539094799194
-0.0859228644475 0.00996487541301 0.00428892512254
-0.0989396107341 -0.000490757022176 0.0236014594557
-0.108934087667 0.00656393151368 0.0253546675071
-0.115965440045 0.0124867481599 0.0381853557078
-0.109116745101 0.0178188257452 0.0463635989269
-0.0792310086678 0.0201899441959 0.0386942816707
-0.0538305026837 0.00618944365121 0.0545922833435
0.0410714711853 -0.0451908625471 0.0574190019753
-0.0579123548657 0.00434749970291 0.0154320632272
-0.0116467319139 -0.00669887031351 -0.022043880506
0.0359362735932 -0.024251837406 -0.06411233945
0.0539165618053 -0.013805367915 0.0195635614867
0.00122930452481 -0.0194453526053 -0.016328428833
-0.091885430143 0.0129496990974 0.0274556714561
-0.0997156468761 -0.00882741017055 0.0638484671289
-0.0242593572299 -0.0307651441273 0.0510703887282
0.0446108652462 -0.0403669984748 0.0769355655818
0.0151973667806 -0.0160899098534 -0.0294724756519
-0.0776748251224 -0.0126941613095 0.0288828996214
-0.0754472754908 -0.00581424521112 0.035751417311
0.0273794394223 0.00348577348281 -0.022128397398
0.0259567185655 -0.00590750029236 -0.00996059621362
0.0403030394058 -0.0110626882669 -0.0217447222927
0.0417521070415 0.00169124921603 -0.01486901163
0.0289888106416 -0.00595461257043 -0.0215187196365
0.0196928284867 -0.00150473230158 -0.00648489931304
0.0142847075418 -0.00660367792839 0.00128288960224
0.0269204802566 -0.0113483359155 -0.00900665987726
0.0304024133309 -0.00974409269777 -0.0159298372364
0.0352331877247 -0.0115343297546 -0.0148001590391
0.0656870651915 -0.00559611304946 -0.0334628423922
0.0212213344351 -0.00712968672346 -0.00513434898472
-0.00816015805646 0.0032398078675 0.0179343668807
-0.0662650134769 0.0239250622648 0.0626579700406
-0.00159600419608 0.00838377809209 0.0139926480449
0.0383036117739 0.00463230693311 -0.0224258910423
0.0460122085716 0.00585833736465 -0.029808126663
0.0660319167414 0.00276109808081 -0.0496722993112
-4.11388352485e-05 0.00895800785513 0.00686713685168
-0.0506608050003 0.0155366908115 0.0453106385854
0.0428726017838 0.000325826834879 -0.0317372649339
-0.0728024963017 0.0265007089361 0.0655873024357
-0.0273382502637 0.00230465552198 0.0333105634829
0.068739352247 -0.00189215504393 -0.0463495581645
0.0727842702633 -0.00641643154806 -0.0483439978872
0.0848386410456 0.00384429368458 -0.0532519876745
0.0157724920128 0.078706652502 0.0608119399171
-0.00226941428301 0.0674132413597 0.0561098513457
-0.048116915918 0.0258519495519 0.0387433766704
0.0799723504476 0.00880972386911 -0.0500074919542
-0.0835375655955 0.00141039741972 0.0661771525398
0.0295828472614 0.000255120262768 -0.0163142450063
-0.00308360784693 0.00251554942026 0.0216246643575
0.0875178663705 -0.00322410467655 -0.0812849076213
0.0540008448107 0.0309826575426 -0.0499748447262
0.0522487037062 0.0321494115441 -0.0568342021719
0.0535978365244 0.0111763734232 -0.0594029876964
0.0691514268671 0.0192166135722 -0.0227176676882
0.0621513019186 0.00559632193794 -0.0266549998394
0.0566743647677 -0.00061275059436 -0.0537651149312
0.0744391143747 -0.0140946110958 0.0282366004938
0.0476115097481 -0.0613838432567 0.0759921025339
-0.0146042913103 -0.0521166749444 0.0245944422796
0.030869825614 -0.016448950143 -0.0329535324599
0.0327663594291 -0.0157059991775 -0.00257895226958
0.0175232034719 -0.0251914032874 0.0214874454605
0.0279699037169 -0.0381465531876 0.00610323233165
-0.0152558892381 -0.0349519895755 -0.000519096971108
0.0210214335547 -0.048217018999 0.0517243457748
0.0495932893946 -0.078886892693 0.0336457975453
0.0061906794849 -0.0282062493757 -0.015898197542
0.0031551004799 -0.00961672781567 -0.0129578933055
0.0548549826661 -0.0384659584345 0.0536458025421
0.0684379498027 -0.0414363790586 0.0644310462366
0.0630187718684 -0.0612229545281 0.083434409263
0.0530184561668 -0.0613388195548 0.0831309823719
0.000571744281637 -0.0346266212497 0.0812608667675
-0.00270704042215 -0.0122561302624 0.0507839735388
0.0575499847703 -0.0771252807325 0.0700948391593
0.0130441675273 -0.0214486148387 0.00547416534189
0.023251401742 -0.0260376189057 0.0306678221107
0.0199229083988 -0.0770394736227 0.0594027971764
-0.00443223701225 -0.0790865852096 0.012461012821
0.0359687841414 0.0157082245657 -0.00573953081067
-0.0154793451639 0.00374142428996 0.0137847608985
-0.0268580236955 -0.0351397887134 -0.0196654061405
-0.0327655653384 -0.0292369810925 -0.0193135608925
-0.0142502824175 -0.0409328651057 -0.0505821982122
0.0134017426467 -0.0461947481605 -0.0659552705952
0.0156597011564 -0.0323688578626 -0.050097743149
0.0369633869524 -0.0204012569476 -0.061586389071
-0.00794392404286 -0.0379319003777 -0.0320312428095
-0.0035809140752 -0.0193907087764 -0.00770403027354
-0.0028337815488 -0.0218646483125 -0.046766846427
0.0221841280704 -0.0240505969957 -0.0537658299733
-0.0412919657794 -0.00618887742268 0.00662481789194
-0.00352890748422 0.0667638114404 0.0562333934782
0.0380649578974 -0.00997685119374 -0.0124346903779
0.0218272207287 -0.0164944653041 -0.0375538013714
0.0368857312136 0.00496965079174 -0.0371249258788
0.00630219643811 -0.00688927195556 -0.0139957325023
0.00636574707231 -0.0129971145185 -0.00977699639491
0.00499134418636 -0.00479071731714 0.00324614353229
0.0244549500665 0.0180982389286 0.017525453002
0.0168269499698 0.041088828699 0.0418076350791
0.0248335177578 -0.00241236855508 -0.00621609191099
0.043032012505 -0.00694836922829 -0.0200379593576
0.0329766545386 -0.0635482487573 0.00169654397772
0.0514035564477 -0.0569669128041 0.0309493188904
-0.0412697201464 0.00978286772439 0.0170722237282
-0.0768053478203 0.0331849884983 0.0380415760046
-0.132581889283 0.0663594931379 0.0518509352046
-0.132915007106 0.0751007139322 0.0511781090035
-0.10006358616 0.0697380050216 0.047568092383
-0.0616255703724 0.0396201884363 0.0261604910643
-0.101815881933 0.042809732331 0.0359660262642
-0.0927609501767 0.0284437290549 0.0242069374687
-0.0960769882463 0.0219734835531 0.0220022746773
-0.129866872702 0.0472209956495 0.0355934923261
-0.106720478798 0.0398204973445 0.0258129693803
-0.0680447667602 0.0252802087069 0.013762815095
0.00389732247802 -0.00887868518167 -0.0105935210288
-0.0616435043109 0.0133187458763 0.00478354851502
-0.148255505633 0.0706522384093 0.0498406655205
0.00723797977907 -0.0156007482559 -0.0215189547631
-0.00368190506473 -0.0113992682602 -0.0242590636668
0.00775785878465 -0.0189143380603 -0.0315033850431
-0.000844020122268 -0.0173775148723 -0.0184320856415
-0.015191723656 -0.00870068947945 0.00078947666924
0.00667528301114 -0.0175532414595 -0.0202639884946
0.00166827079237 -0.00592033606595 -0.00688486914134
0.0167303861652 -0.0140203637149 -0.0260725515365
-0.024143925348 0.00747478828041 0.0236845382728
-0.101397411876 0.0740859981657 0.0534285627708
-0.0329485463088 0.0300459668687 0.0260909826729
-0.0294352112711 0.0235278950835 0.0216102304126
-0.0148374913814 0.0172093236879 0.0177443578296
-0.0173860442543 0.0292050760933 0.0201737322892
-0.0377706512901 0.0406614230963 0.0242393694022
0.00361419701271 0.0188112929611 0.00386214639723
0.000684105292582 0.0084945651346 0.00446215318596
0.0419671405272 -0.00838850616996 -0.0115669533183
0.0834080339873 -0.0300916797814 -0.0255326462674
0.0678637413943 -0.0146104058214 -0.0204335683099
0.0955966950193 -0.0223401830727 -0.0256404936127
0.0119587177524 -0.0443104326662 -0.0212175011757
-0.0860239852866 -0.0274731248605 0.007399457992
0.0347912087985 -0.0418748309629 -0.0276820269238
-0.0506911774985 0.0147032387291 0.0476604289106
-0.0327099848816 0.0170198431189 0.0359127719347
0.138197793298 0.0408169365581 0.00686561430811
0.00526956296806 0.066200884087 0.0320071455936
-0.0551239021047 0.0578335422978 0.0477652007752
0.0321429687611 0.0732755922169 0.0260472062527
-0.0295433462114 0.0705371837021 0.0362710626519
0.0748943835931 0.0643127280356 -0.00144573276326
0.219392543409 0.0409162293738 -0.0126202126556
-0.064708601268 0.037317532503 0.0423596956889
-0.0793118083064 0.0534211627327 0.0504034935923
-0.00545438434362 0.059225156211 0.01388993661
-0.0139235765614 0.0135083090722 0.0165665144608
0.0410383154535 0.0358093045055 0.0126715342978
0.137671500314 0.0301531335554 0.0152560439745
0.0574553886067 0.0162737732134 0.0280900989671
0.0217496863116 0.0275420003207 0.0133878012004
0.247300680704 0.0235516267082 -0.0259292887903
-0.0320640113611 -0.0229216210959 0.0181296392206
-0.0156425016031 0.0378387723295 0.0436076701022
-0.0312929004787 -0.00568091854185 0.0289082984163
-0.0106065260273 -0.0284622491445 0.00734008217041
-0.0263297318109 -0.00286670590514 0.0303728802784
-0.0102334307569 -0.0190595479721 0.0131117689366
0.00648265730644 -0.0327735309779 0.00172014466343
0.0131345374647 -0.0345112772912 -0.00144524494251
0.0329319502162 -0.0404646565273 -0.0135875499039
-0.0653958151675 0.0819410241598 -0.0424493254728
-0.0096077512472 0.044711532634 0.0346695193273
-0.0601325627291 0.00550451145282 0.0195557310293
-0.0281237329881 0.00466359728688 0.0118257136986
-0.010546551646 0.0180823996931 0.0142967251032
-0.0626539436769 0.0107876130124 0.0305371179603
-0.0331966894024 0.0363907540971 0.0321948490467
0.0528553235479 -0.00970326041102 -0.0294717496027
-0.0544184896481 -0.0105446838653 -0.0360317243736
0.0111089014324 0.049076923719 0.0446954842563
0.0104402052123 0.0279927236924 0.0314419526883
-0.00354678711777 -0.00184880364083 0.0100829477737
-0.0816749118994 0.00208827809185 0.0340374870053
-0.104636606664 0.00240713652512 0.0500034368651
0.0257122105109 0.00170968574409 0.0141515819542
0.0331520441447 -0.011419638414 0.0012459256711
-0.00955592228038 0.00177261867792 -0.00895323098134
-0.0467975314943 0.0444149248167 -0.00562687630841
-0.0738672580335 0.0491081511081 -0.00904553610932
-0.0646226203183 0.0698691555059 -0.00435211843118
-0.01851295479 -0.0108064556723 -0.00975852305803
0.0069521600517 -0.0218696509592 -0.00905960632449
0.0253491938303 -0.0384702610348 -0.00730656829766
0.00572258539549 0.00236199565037 -0.0120832777264
0.0246948239432 0.00332392048021 0.0221921775841
0.0185564738094 0.00860625860498 0.0382932466166
-0.0242571518514 0.0114175923009 0.0679978219884
-0.0143792971501 0.00673660568353 0.0533874862411
0.00428453562384 -0.0157921244826 -0.0377469545921
-0.0566029912443 -0.0258554742374 0.00893496713102
0.0281900387316 -0.0306772294375 -0.0411613023867
0.0096210810896 -0.00185203279125 -0.0294800922012
0.0657564856859 -0.00412066889537 -0.0988711131633
0.0329206239749 -0.0331087923213 -0.0257029108548
-0.02524147736 -0.0450257020013 -0.012049975138
-0.0445611615808 -0.0414311002342 -0.00671305553793
-0.0433841025679 0.0256269595397 0.0309805386528
-0.0282225381591 -0.0133206276555 0.00229248409155
-0.00891105378272 -0.00667017215314 -0.00427831159422
0.0329516247734 -0.00645906971161 -0.0182071062164
0.0228866516243 -0.00354272108841 -0.0129048675864
0.0519311635543 -0.00519712020398 -0.0193180579748
0.00654405922917 0.0020555328631 0.000889030894888
-0.142584182087 -0.0810152774484 0.0862985628375
-0.15222304487 -0.0955072757798 0.0901896505272
-0.0742629735155 -0.0519149031179 0.0555302864566
-0.0382861005543 0.00447829433384 0.0274369877083
-0.0437453182134 -0.0268557234629 -0.0014451281474
-0.0106624023351 -0.00890179000553 0.00796355170266
-0.000539572192665 -0.006851701925 -0.00140833466283
0.0218503614526 -0.0212672482501 -0.0225568090835
0.0398521270596 -0.0124701201426 -0.0329772019361
0.0179895485619 0.0173131833049 -0.0249730986305
-0.00751036942733 0.0404704838572 -0.0157560105831
0.0526484401134 -0.00728701485163 -0.0325124830784
0.0570552895914 -0.0192419578777 -0.0247186651043
-0.0148272341066 0.0409621683265 -0.00223740134591
-0.0366082917055 0.058763455325 0.0289794158265
-0.0124876207037 0.0301296905727 0.0112252008279
-0.0493264826528 0.0651723879891 0.0552212019535
0.0405035989735 -0.043400504815 -0.0302491494279
-0.0630982405207 0.0816052552479 0.0361775267797
-0.0847155707332 0.108422076157 0.0296694359185
-0.0952779378058 0.100256452132 0.0388446398063
-0.00254093635342 -0.03211053409 0.0812389314325
0.0243753255751 -0.0257906074474 0.0553608728171
0.0459235549498 -0.0223403337265 0.00567920481801
0.0703552310119 -0.039150303796 0.056928120902
-0.01323586112 0.0373871883085 0.0297288955462
0.0180874167715 0.0207826553947 0.0130648644043
-0.111974669523 0.0963865091832 0.00254787266908
-0.11512997086 0.0804983111865 0.000570117194581
-0.108198932857 0.0534957698506 -0.00120923876806
-0.100618393504 0.069468774729 -0.0137349227661
-0.0642793365386 0.0472853801181 -0.0205492519608
0.102530603662 -0.171966650727 -0.0488574180317
0.0774732750889 -0.129770175787 -0.0433609434227
0.089549861997 -0.163370735343 -0.0287309192551
-0.0252133815447 0.0125165293308 0.00842653031935
-0.0680673074158 0.0340764576961 0.0381244005351
-0.0869714044488 0.0373707848612 0.0303204203814
-0.0210012551272 0.0400472158512 -0.0130161933241
-0.0516490180052 0.0360394798123 0.00976228549635
-0.00745388531346 -0.0278837138993 -0.00504340279182
0.0106526553297 -0.0163215042957 -0.0135215576037
0.0201045504181 -0.0168973944609 -0.028160556764
0.0144650865338 -0.0122852699033 -0.0194543963531
0.00881936909566 -0.00452613547505 -0.00967157425195
0.0215145921465 -0.00728433420747 -0.019592608711
0.0343610747813 -0.00625499046263 -0.0272089905784
0.0339453950781 -0.00801527795743 -0.0317292907295
0.0386470525283 -0.00546222544593 -0.0335422511251
0.0420768146766 -0.00745614225695 -0.0416401819331
0.0144267488744 -0.00360000156822 -0.0244694488155
-0.00540617702891 -0.0094014447372 -0.0137753053624
0.0228491009835 0.00455702938321 -0.0218012214597
0.00613583270028 -0.0196913571417 -0.00482278798373
0.0108149704084 0.00203880128605 0.00600281160408
0.0326860614963 -0.0150125953702 -0.00195398128226
-0.022875152374 0.0106012604252 0.0251655293887
-0.0378868031821 -0.0205940918698 -0.0108957232846
0.0534974044189 0.0139553505761 -0.0229795823149
0.0781566354869 0.000509750014656 -0.0955056118796
-0.0166291323301 -0.0271064510148 -0.0128344475959
-0.0203387151289 -0.0032561709408 -0.0143676148606
0.14163365247 0.00817031231567 -0.0128796853431
0.0657575623549 -0.0295760944338 -0.0235075149524
0.0372441288102 -0.0223412591393 -0.0204370394153
0.0732110906314 0.00647287587365 -0.086811998233
0.0549825793827 -0.00345607107517 -0.0856840058177
0.0511550902932 0.0181556728887 -0.0573252503639
0.0386493725995 0.0163574678038 -0.0374566408286
0.0592254071883 0.0246576646131 -0.0655794669579
0.0503497997837 0.0191809221056 -0.0546578594833
0.0388483717499 0.00833319417388 -0.0388312312324
-0.00916180257776 0.00779384472623 0.00718912391086
0.0211087062361 0.0167976146675 0.0103853198697
0.0813444943979 -0.0517943916515 -0.0102831024262
0.0768350676325 -0.0250322395474 -0.0148265756392
-0.0733415630428 -0.0147933588951 0.00786624540859
0.0871256306813 -0.136775449304 -0.0286795078511
0.106691887818 -0.178853059577 -0.0368499152376
0.0880278016189 -0.0301378192721 -0.0246595815416
0.0467976910332 -0.0139630290765 -0.00485301596979
-0.0360529580483 0.060357382008 -0.0485870494772
-0.0208977830917 0.0894789245899 -0.0722484794279
-0.0690378463478 0.00565979294315 0.0317591406701
0.00330020850744 -0.0125386999382 -0.00318911722972
-0.0354027191446 0.00366703891998 0.0310728120195
-0.0288071592602 0.000250169358244 0.0248451985907
-0.0408486485338 0.0167837415797 0.0434057764792
-0.0723146938861 0.0264128259292 0.0667545244019
0.00531205230548 -0.0162286759344 -0.0148408556522
0.000725965466338 -0.0112350280518 -0.000899738754808
0.0207580139513 -0.0137975769035 -0.00188164401493
0.0859315383942 -0.0246881502405 -0.0245012841387
0.0250932016449 0.00487481008862 -0.0174961733834
0.0302001520292 0.00404410836869 -0.0204243200978
0.065998061481 0.0160255683516 0.00856966047991
0.0132621366001 -0.00757539094606 -0.0116431825119
0.0268515410482 -0.00475205404637 -0.026574171004
-0.0257520669188 -0.031815005613 -0.012868898889
-0.0372350565163 -0.00377486586332 0.00579674506265
-0.0318632034771 -0.00670315233173 0.00308020339223
-0.0431492730384 -0.0047934224781 0.00671609032951
0.054340830254 0.00445533269395 -0.0251286033842
-0.0824244273721 0.00890368801709 -0.026423005944
-0.204227252063 -0.0666774391772 0.110737067608
-0.0289197451095 0.035082866672 0.0193079412322
0.0137600117154 0.054250060863 0.0504637850997
0.0896052844061 -0.0276882413278 -0.0313798903149
0.0653053460324 -0.01650024359 -0.0223428368878
-0.0645325789618 0.0284658506561 0.061676787126
-0.0598560317422 0.0250195154818 0.0591426369715
-0.0054938626198 -0.0427381749268 0.00746337211804
0.0143242192365 -0.0754845838792 -0.00392357553514
0.0581752919151 -0.0486173787423 -0.00546912672706
0.0876142686249 -0.021652282476 -0.0480636060464
-0.0507844345301 -0.000628452458763 -0.0199306970668
-0.0254277133116 0.0315387165154 0.0381546840818
0.0996715155008 -0.0289239797074 -0.0332480386714
-0.00479922879882 0.00279474444101 4.24476263429e-05
-0.0710877713588 -0.0196738814951 0.0148918638434
-0.0100644495555 -0.0322581218425 0.00394523608147
0.207794858739 0.0368216422748 0.00133642250547
-0.0516546085876 0.0293370690356 0.036881688939
0.0520956950346 -0.0819870623454 -0.0260369061091
-0.124523176205 -0.0890377954515 0.049281393106
0.0170238110252 -0.0202447675765 -0.0305537255567
-0.031526429012 -0.00758717010757 -0.0109417921553
-0.0613332388814 -0.0356322012746 -0.0187210655727
-0.00654792095266 0.00742369577435 0.0137118689927
0.0763485624899 -0.157190525193 -0.0177524887639
-0.0501405349336 -0.00800258241609 0.00347855732203
0.0720433640543 -0.000565960068614 0.00793936864347
0.0323055261014 0.00461267351846 -0.0260448255134
0.0495271910863 -0.0715244243838 -0.0137730236363
0.0130805960525 -0.010053817761 -0.0108543645824
-0.0490468418613 -0.0252843041265 0.0196432602451
-0.0934306374435 0.0109386995041 0.00108209048835
-0.0542901346585 -0.0420082284693 -0.00791624150529
0.0693395810186 0.0153622915063 -0.000469191104956
