0.0459661583465 -0.0435640632972 -0.0100537231525
0.0373130893834 0.0126182666646 0.00640897571488
-0.0274269435074 -0.0211400033467 -0.0347284609995
0.014996734122 -0.0181532216175 -0.0047401667315
-0.0225840657139 0.00172720484394 0.016181203022
0.00219651996371 -0.00427160383668 0.0142324860275
-0.0100789364671 0.0239152279558 0.0241462211838
-0.00360413488135 0.0265766900742 0.00870042843466
0.00916035302787 0.0151598975356 0.0164438960423
-0.0240470982409 -0.0289449385332 -0.0248096071477
-0.0157557089514 0.0175354045233 0.0243619280288
0.0176829344316 -0.00141671987504 0.00977666815695
0.00045967640397 0.0105729995887 -0.0110230385
0.00744041642042 -0.0254282529978 -0.0266225764982
0.0132667686164 0.0076260331916 -0.00675606197875
-0.00260130549619 0.0025607958119 0.0287862784959
0.0234383120378 -0.0107603416521 0.00210294068914
-0.0155811259309 -0.0157127871954 0.00914373273579
-0.015731560343 0.000898277124156 0.0114434565132
0.0203585145649 -0.0122702357489 -0.000779292562735
0.0334452979797 -0.0188339121958 -0.00659686057983
0.0239887576429 -0.0185273830217 -0.00273093503305
0.0264294730924 -0.0112859438357 -0.0125383104025
-0.0358128656326 -0.064859600951 -0.02864452781
-0.0161156698057 0.00174728239001 -0.00764709101222
-0.00272191581557 -0.0129206404155 -0.00679782008877
0.0371165760372 -0.0225244631447 -0.00187931102608
-0.0186564111243 -0.0212179322266 -0.0362986859728
0.0314987632142 -0.0424364382949 0.00170025164661
0.0190128352529 -0.00687154970416 0.00424955869838
0.00727015524123 -0.00608357940216 0.00387593063798
0.00401693412527 0.00992915282236 0.0260699554245
0.0237638418239 -0.0155504542062 -0.001813507371
0.0320109848079 -0.0194281130388 -0.00283103809078
0.0214060782444 -0.0214118505025 0.00226215010913
0.0158294071739 -0.0172778374755 -0.0060162571063
-0.00696798645332 -0.0343662537632 -0.0330818805846
0.0292328452605 -0.00607775301621 0.00355653791873
0.011905605019 -0.0115417906433 -0.00255326678466
-0.00656489009683 0.00953358449539 0.0338185557079
-0.0142261457451 0.00143070709549 0.00542530327729
-0.0309149793516 -0.0104093803617 -0.00272544337968
0.00740102047729 -0.00215341082203 0.00134165366151
0.0160155690418 -0.0233886487191 -0.00291697132894
-0.00136563220611 -0.0177547315954 -0.0034841084373
0.00603352830055 -0.0283462116333 -0.0202267434342
0.010645385878 -0.0143846099828 -0.00906469923735
-0.00501682550581 -0.0066406586806 0.00714072073699
0.0244493872217 -0.00541374865686 0.00744073166262
0.0205112563274 0.00559166238575 0.0159966728886
-0.000224054585933 -0.0258884787462 -0.0184636448922
-0.0130602089559 -0.0276249136306 -0.0223464163083
0.000974397958687 0.0175260839362 -0.00161995097531
0.00431347442614 0.0259139261011 0.037589820045
-0.0534006697107 0.029900252412 0.0347270462098
0.0211769626358 -0.0433947010651 0.00660299809117
-0.0044962913077 0.00890593609959 0.00368552538636
-0.0416899668129 0.0214938835124 0.0142202281791
-0.0105516904892 0.0253531407936 -0.00470717065157
-3.44780053958e-05 -0.00393103855229 0.0167186944178
0.0211983137179 0.00623207862547 0.00684973517828
0.0126410066821 0.00148871527644 -0.00447294089073
0.00730398935169 0.0263755123696 0.0273391555561
0.0283686325385 -0.0145638963189 0.000290168589766
0.0325942777604 -0.0138155544363 0.00140626598405
0.0362199148217 -0.0167950407673 -0.00304163010406
0.0400614489951 -0.0298010461834 -0.00580052103205
0.038188417701 -0.0491505426716 -0.0153284174674
0.0321938184906 -0.0296990000773 -0.00083389601846
0.0351467928385 -0.0626659490637 -0.00825051661314
-0.0132043184869 -0.0310732895541 -0.0352912698474
-0.0255557298204 -0.0283325916273 -0.0417906403404
-0.0265662501583 -0.0163658627578 -0.0315373259342
0.026880761982 0.0175840226189 0.0075347810032
0.0128929986285 -0.00464105625958 0.00553381687107
0.00578795700058 0.00318800899119 0.0143012792019
-0.0153799312585 0.0231288824377 0.0150929245068
-0.000495780108356 0.0178314768205 0.00270686459906
-0.0190678969776 -0.00255235184318 -0.000674182640489
0.0013698517991 -0.013867785098 -0.0185675649673
-0.0226789879654 0.0105385354587 0.0209141646254
-0.00512219486785 0.0100263320697 0.00765980819595
-0.0283346489137 -0.0154386271199 -0.0410472101035
-0.0167288012472 0.0137769395093 -0.015743563802
0.0266671757429 -0.0226215985408 -0.00224398394989
-0.0279480787082 0.0330432111145 0.0135078231352
-0.0268367626348 0.0212163864211 0.0216569501073
-0.0434897315123 0.033302251222 0.013803275486
-0.0272130093599 0.0269978856784 0.00375414554923
0.0173401700301 0.00272156809399 -0.00546107136206
-0.00584930645925 -0.00801542767548 -0.0114080267182
0.0022967240798 0.0109751055184 0.0128620317098
-0.0066512357018 0.0107458086276 0.0121512003897
0.0243427453267 -0.000395538316132 -0.0122357191085
0.00265684726306 0.0110943799407 -0.0119042269779
-0.000640094605038 -0.0122816179703 -0.0150360678091
-0.00315239232527 -0.000405310868898 0.00889557498336
-0.0297952157034 -0.00476380521219 0.00287094712899
0.0171697241475 -0.0130796598278 -0.0049271038653
-0.0150286151442 -0.0177043333617 0.00143601085994
-0.0254206592117 -0.0219957149231 -0.0175622943007
-0.0267296332023 -0.0114026874087 -0.0179696393019
-0.0271244400542 -0.0173194868361 -0.0065885038032
-0.015505626168 -0.0123053896618 -0.0208056092562
-0.0152923847445 0.00178218180227 -0.0227757032333
0.00714384578754 0.00619004444733 0.00311183565056
0.0301827158727 -0.0142276010871 -0.0242187601089
0.0148193585868 -0.00827212792824 -0.0050509123957
0.0443791466004 -0.0113220108719 0.0110260229489
0.00765210151479 0.017470130907 -0.00770045879115
0.00131054092588 -0.010280189551 -0.0189932665394
0.0206376255587 0.0106122062585 -0.00289939651024
0.0256045522591 0.0143190707878 0.00487879550487
-0.00552258666441 0.00985490006553 0.0157641744664
-0.0344154463181 -0.0174956174599 0.00419365194835
-0.0597708395726 0.0119914576864 0.0230191636361
0.00384277341656 0.00613862743655 0.00297843803368
-0.00269564260715 -0.0199164667331 -0.0105983246282
0.0050047048802 0.0201520740624 0.00715201856819
-0.0224303436778 0.0265573741581 0.0559856387701
-0.0190956299058 -0.0516013733752 -0.0299055994505
0.00693717072053 0.011417363454 -0.00613272412769
0.0051496127311 -0.0109411203997 -0.0130346488663
-0.00536124506048 0.00362552993598 -0.00519663943035
-0.0134123334483 -0.00310840341818 -0.00768093599343
-0.01827204203 -0.00925460482559 -0.00469229424312
-0.0266743559959 -0.0153872994285 -0.00313364948647
-0.0107862273111 -0.0149821293068 -0.00895411399885
0.0354887641312 0.0112766398096 -0.00880172961776
0.0929257017052 -0.00903959158886 -0.0445305988272
-0.00860165860317 -0.00347281047885 0.00330417562453
-0.0180651568942 0.0101304225008 0.0180843501868
-0.00866210419481 0.0225879217192 0.0263445265433
-0.0413362079232 0.00859521089723 0.0240498731823
0.016900887994 -0.00755514575733 0.0105306646094
-0.0416852270046 0.00369844178947 0.0319444965044
0.0148365090332 0.00395942536787 -0.00941563872681
0.0714609091778 0.00110456777629 -0.0195822451157
-0.0186884311029 0.00713837078747 0.0180805886055
-0.0193636437387 -0.0219997395401 -0.00811140343449
0.1020294283 -0.0242666069675 -0.0412720523785
0.000351021409277 -0.00756552300996 0.00122723205112
0.00497791117902 -0.00903970549436 -0.00404433703972
-0.0132663537836 0.000598955388655 -0.0240216571415
-0.00680557789808 0.00621554820988 0.00196363515698
0.00386446134007 0.0284950807165 0.0139301297697
-0.0224932267922 0.0214088604551 0.00512273496968
-0.0157062088188 0.0189737413603 0.00999241167247
0.0110933037334 0.00335050267363 -0.000421678566392
0.00740255541522 -0.00760678766594 -0.00190958036216
0.00272244917788 0.00677782822547 0.0126734307161
0.0523402428039 0.00800243619567 -0.0098677947369
-0.0222920190597 0.0101461590231 0.0211625237259
0.019816211905 -0.00908235612089 0.0130376297234
0.0383459493687 -0.0598143621243 -0.00767666827205
0.0112225849906 -0.0378596681096 -0.025698922836
0.0105679655122 -0.00756819406381 -0.0120645375725
0.0403934151321 -0.0401651846843 0.00444555148922
-0.00313453136274 -0.00741090449981 0.0138823927691
0.0619001402597 -0.0245282336442 0.00393509350227
0.0537975766455 0.00912344490511 0.010533351138
0.0439253637286 -0.0104386895393 0.000604837209766
0.0328009114886 0.0148428763979 0.00333359933885
-0.0230386995791 -0.00261720824777 0.014540849666
0.0254257683516 0.00489219996275 -0.00495720304091
0.0191317901809 0.00955607162601 -0.000257320842267
0.0111845186407 0.015187974372 0.00595878971765
0.0217914708012 0.0134240517484 0.00243967693909
0.0181230172613 0.00258893693927 -0.00747743697224
0.0243375532291 -0.0134019708883 -0.0220108651509
0.0121363439231 -0.00446792766684 -0.0134296225223
0.00845026509901 -0.00557073292224 -0.00885190414427
-0.00135317753477 -0.000272350724562 -0.00465290064058
0.0189311978291 -0.00992038064902 -0.0192240968578
0.0345164556047 -0.0168382874524 -0.0236173425342
0.0174742244775 -0.0170788397497 -0.0143129065656
-0.0300000655364 0.0153685383498 0.0253801861782
-0.0319865956633 0.0324603122757 0.0268219690441
-0.017012724441 0.000779614124827 0.0107944024706
0.0174886450408 -0.014400464319 -0.0100343770289
-0.00676771547254 0.00181915197071 0.0155818620756
0.00176775923984 -0.00569376980082 -0.000999885900185
0.00762456629315 -0.0126985447246 -0.022053348451
-0.0204593548509 0.00922713122241 0.0178869053823
-0.0452176292759 0.0117605112723 0.0250746239897
0.0212988181597 -0.00881101409197 -0.0079545136332
-0.0255106055082 -0.0122345128097 -0.0284861791383
0.0209367673562 -0.00943320947449 -0.0121707221753
0.00719969786371 -0.00959177348281 -0.00460783359515
0.00933293365925 -0.00397808163758 0.000868341937327
0.0112230287914 0.00972381344506 0.0127008336988
-0.0165282889565 -0.00683521419155 -0.0110290937515
-0.087329443694 -0.00512310130087 0.0162431114614
-0.00230604837836 0.00782671957027 0.0106701728743
-0.0200415228653 0.015276181782 0.0144890431819
-0.00711312284856 0.00461032187469 0.00202651717263
-0.0161815090458 0.0202023714092 0.0131530850839
-0.0107016168373 0.0133154019436 -0.00520566793143
-0.00675221925146 -0.0030272132541 -0.0181640585963
-0.0140184970767 0.0198786072711 0.00380878784955
-0.0123546066021 0.0309154499666 0.0108524486301
-0.00260539973512 0.0292244807786 0.0351606338677
-0.02155424728 -0.00723758516528 0.0138932851122
0.0257748618538 -0.0202165893949 -0.0253333159824
-0.0561536263553 0.010364572874 0.00666578931383
-0.00748059241133 -0.0574301784506 -0.0368301685369
-0.0266419105122 -0.0041373127497 0.003912820355
-0.018393983038 0.0219665181532 0.0266542298061
-0.0441243542397 0.0293634567426 0.027258613631
0.00230044227167 0.0228953163155 0.0300888989801
-0.04316731622 0.0300251702355 0.0673788310315
-0.0240598162074 -0.0567217363413 -0.116162986427
-0.0807241275159 0.00556031934902 0.0701575592643
-0.0341203919512 0.00615335146932 0.00111935307522
-0.0608320050148 0.0373337150868 0.035294625953
-0.0717566777259 0.0199511141069 0.0472593863846
0.0202078832315 0.00706934981029 -0.0281274147671
-0.00839869165942 0.0395531023804 -0.0456983449109
-0.0112224303151 0.000291498512808 -0.00914230896073
-0.038680879904 0.0300737618483 0.023237975459
-0.0183481474453 0.0238279613138 0.0221856819921
0.0293751378536 0.0003313241221 0.008185954286
0.116717106797 -0.0219024219982 -0.0368649368638
0.0194941568663 -0.0161734864161 -0.0192464791185
0.011377422744 -0.0379955178587 0.00613840192244
0.00702406638716 0.00835223821857 -0.00101395883073
-0.00415822671017 0.0179983436897 -0.00345373097545
0.0222311457368 0.00463007962027 -0.0144677011961
0.0294308618897 -0.00879068322314 -0.0102527440243
0.00557653844553 0.00204039368943 0.00313586684301
-4.37581748744e-05 -0.00043771469236 0.00361746976254
0.00689832595023 -0.0033401110142 -0.00024360301663
0.0131681750317 -0.00968850623355 -0.00448244500847
0.00690613692782 -0.0110509433347 -0.00581959716166
0.000298623837363 0.00542426746324 0.00253253693968
-0.000247605523951 0.0127603481067 0.00558909846737
0.0177618954575 0.0121530444446 0.00327835914042
-0.0174169322511 0.0157853420059 0.00787640454527
-0.0224446400566 0.0198344315579 0.00786613538026
-0.0188989657832 0.0168179462519 0.0110247197363
-0.0184218553231 0.0317874979187 -0.00676098476541
-0.0131549391379 -0.000132910966778 -0.0265011664561
0.027717480108 0.0130152542119 0.0016414461922
0.0395855238882 0.0181794516672 0.00647757574572
0.0361813876721 0.0135738825726 0.0111496070784
0.0118229925558 0.0230338142732 0.0135859967712
0.0558771923311 0.00594495801025 -0.0159377292812
-0.0513655363757 -0.0105685799317 -0.0182005810808
-0.0634249319549 -0.00905488280572 0.00116125354093
0.00589966998976 0.0164969236733 0.00792258475964
0.00523489775611 -0.0039081305811 0.00151121763443
0.00209447746539 -0.0064158994183 -0.00365443681399
-0.00353950521963 -0.00551309596989 -0.00489408326873
0.00658871552472 -0.00557183579682 -0.00143126672356
0.0179049453755 -0.00284874007537 -0.00101084950475
0.0181366441126 -0.00652739545302 -0.00415244082734
0.0028185450968 -0.00873162204528 -0.00603677320073
-0.000979635337114 -0.0097417844163 -0.0104240096288
-0.00955734555137 -0.0106129585708 -0.0199463165771
-0.0139703723411 -0.00744131518608 -0.0155377664885
-0.0279151475237 -0.00988808260997 -0.0262060040826
-0.0344063213459 -0.00847465986786 -0.015409006946
-0.0165539330371 -0.00801909705207 -0.0058362565555
-0.00621308373627 -0.00804876324646 -0.000291673381467
0.0168970952625 -0.0100971818189 -0.00413178015622
-0.0155105542795 -0.00893865651446 -0.0191462790022
0.0400535715131 0.0110519113292 -0.00457915576393
0.0777665343301 -0.00396712243206 -0.0225973743588
0.0306435660229 -0.0617765403465 -0.0219652186953
-0.0154645321998 0.020051531228 0.034465091263
-0.0100363049881 0.00877393677645 0.0362247240392
-0.041491420386 0.0121210127714 0.0610403378161
-0.00166395315188 -0.00128964300568 0.0305689290655
-0.0417429537364 0.00366226215026 0.0477497798777
-0.0891166290306 -0.00174342271612 0.0439282685136
-0.0780204199784 0.00103282197613 0.0073054513179
0.018877762629 -0.0199448633458 0.0263412997612
0.00408447457532 -0.00172887308024 -0.0382806083197
0.032551300926 -0.0304058613192 -0.0589998562723
0.0603716511199 -0.0134666186534 -0.00441647117895
0.0780795704211 -0.0143240225686 -0.0161459899725
0.00192672804664 0.00582483610613 0.0111330014639
0.0890199271542 -0.01895304776 -0.0224253087582
0.0759812742489 -0.0265377368426 -0.0317862767471
-0.0586980420663 0.024511657825 0.0781319650348
0.0714199708478 -0.00724303638586 -0.0168014826886
-0.0411467913557 -0.00158513049548 0.0336243156904
0.0387429135846 0.00552013047963 -0.00397499925619
0.00466382861734 0.0135108585028 0.0162737695698
-0.077553355377 0.0219937127523 0.0725106507869
-0.0979063016709 0.00585864403294 0.0545836857157
-0.053732864174 0.0320289422189 0.0660196331089
-0.0269851418277 0.0270212139284 0.0394465326069
-0.0122384390336 -0.00481231565996 -0.0110118256631
0.0428809074474 -0.00972812603914 -0.0239661626509
0.0776623886605 -0.0255249319558 -0.0513951039959
-0.0506972478816 0.0195519114012 0.0316908353653
-0.0314309647977 -0.00479286965192 -0.0398404580351
-0.0512751424074 0.00915791716955 0.000368651755931
-0.0704365471506 0.00804816641922 0.0117267118344
-0.0323507489222 0.0278636235498 -0.021652217989
0.210492275397 0.00605082460569 -0.0406978878936
-0.0377498417501 0.00874562866927 -0.0136622131243
0.0659480790538 0.044888005965 -0.0605364142079
-0.0982765850009 0.0278387986637 0.0484126343672
0.0885787096076 0.0114123590589 0.0122073074677
-0.0604861923816 -0.00898217754296 0.148869075422
0.126741822564 -0.0400364166247 -0.171072393363
-0.0588921309145 -0.0645782924941 -0.0515120859034
0.0305148674196 -0.00455921049163 0.00357666997283
0.0499740234583 -0.00623751173749 -0.00365286877598
-0.00510962265484 0.0066480897187 0.0191792808916
-0.0226748583995 0.014436715803 0.000997269742832
-0.00568217832331 0.0300201018292 0.0393541059856
0.00538959272175 0.0180274148348 0.0171753389078
-0.0174794002665 0.00795123052028 0.0120460952687
0.0290557965695 -0.0278168325681 -0.0355003208247
-0.0189492772233 0.0304364848676 0.0555301676866
-0.0102706845909 0.0290694965782 0.0440092232438
0.00979354004649 -0.00012242500535 0.00184594090841
0.059936340982 -0.00955578943557 -0.031796073519
0.0761082113013 1.04499904655e-05 -0.0313964810458
0.00407687488972 0.00918349027147 0.0125397722393
-0.0586857051001 0.00621792245585 0.0266886558661
-0.034370538424 0.0130488888383 0.0127780125821
-0.081221222423 0.00442022629431 0.0233877726799
-0.0570831435918 0.00439320038953 -0.00661605507039
-0.0246012057855 -0.00710751877901 -0.0329061570149
-0.0228558296002 0.00666391597211 -0.0227857613811
0.000391007036637 0.00524154779555 -0.0200414232606
-0.100172104747 -0.00216566725841 0.0343999841655
0.00731539352969 -0.00971944844257 -0.0502241367574
0.0278717243374 -0.0212081783558 -0.0514383395568
-0.00744922402768 0.0293363025687 -0.0141675935141
-0.0181618701394 -0.00575294298766 0.00557203673536
-0.0900641383889 -0.0002671287177 0.0183091901427
-0.0633538411682 0.00225467626595 -0.00359119958851
-0.0257097371288 -0.00473519545945 -0.0244846545198
0.00525076140306 -0.00515079963528 -0.0205378354476
0.00266990440742 0.0305947659254 -0.0139116238208
-0.0660331047972 0.00761059953781 0.000226307994561
-0.0321453905869 0.0223941352287 -0.0159129178802
0.00430787669942 0.0387759168809 -0.0307738904845
0.00669473925299 0.043810901817 -0.0469866800493
0.0450117224619 0.0414930049704 -0.0819671783076
0.144518323529 0.0217353529953 -0.103275434489
0.269040801832 -0.0637315511703 -0.113610885114
0.0115139353309 0.00440765691544 -0.0933005863483
-0.00389775443732 -0.0584049680795 -0.139255878977
-0.12074803668 -0.0634832808626 -0.00605626385741
-0.179199240771 -0.0667606326357 0.153084998547
-0.126301246462 -0.118335054679 -0.0705925024772
0.0398775309128 0.0447330484356 -0.017235120234
0.131471942682 0.0242340670097 -0.0256898843263
0.148008757209 -0.0199212860617 0.0900781047618
0.143087885011 -0.0477671649451 0.114527124757
0.0372567806885 -0.0213523390181 0.102524981801
-0.105653980773 -0.00774478126007 0.0381732627819
-0.0932059890278 0.00638385994447 0.0431983868617
0.0124153758428 -0.00135957322464 -0.0382890070334
0.0307952778265 0.00243902662776 -0.0205989839741
0.0402445866215 0.0077473611716 -0.00385095713569
0.0747272890602 0.0041033323783 -0.0188377155215
0.0525487230225 -0.000254998782163 -0.0234396669867
0.0132378134221 0.00191059525575 -0.0272447838895
0.0216295839911 0.000657232914256 -0.0226697280486
0.04210294026 -0.0045021368184 -0.0237666438238
0.050736483572 0.00146521263623 -0.0172691146508
0.0301403974897 0.00153500039637 -0.00889172559198
0.0558806678893 -0.00485675354395 -0.0195868928917
-0.00159614824402 0.00975605581588 0.0115954964995
-0.0171741313557 0.00832404830971 0.0219343128615
-0.041158768308 0.00371245315887 0.0362199053707
-0.0244838529384 0.007304842446 0.0281129544193
-0.0191960212359 0.0118832155671 0.026474641223
-0.0196043855244 0.0153812460867 0.0278539692588
0.00351495220422 0.0205484729207 0.0219020283189
-0.0464395182821 0.00597826538902 0.0291193616719
-0.065360403115 -0.0066070551583 0.0226635693759
-0.0146780053608 0.0147987151504 0.0250419646219
-0.0478266296683 -0.00804230825831 0.0274152332055
-0.00356232800778 0.0064627923114 -0.000433936302675
0.00453497883961 0.0125501209505 0.0158198754513
0.0222346252026 0.0108056268793 0.00672981215764
0.0356334451031 0.00873774698127 -0.00155163690433
0.0124659063265 -0.0268456154906 -0.0228089568303
0.0172576494105 -0.0419410066465 -0.0367653856323
0.0375442914265 -0.0273949570159 -0.0368531646925
0.0381216017581 0.00948368073981 -0.000922795133754
0.139543162693 0.0315741280489 -0.0666682795817
0.0259770557542 0.0013701959264 -0.0292826528422
0.021390180251 -0.0199210386074 -0.00435575895814
-0.0333141556404 -0.0240180093452 0.0910018355236
-0.0567086395402 0.0428165972744 0.0500324706327
-0.0453757955826 0.0449420152979 0.00999095856449
-0.0672688492428 0.0125356277799 0.0113178905941
-0.103373643883 0.0139851330163 0.10964829934
-0.166600005473 -0.0310259468624 0.0895486998608
-0.143722951761 -0.0330692602522 0.0368855004582
-0.077031201293 -0.038653177689 0.19976487828
-0.0741353853051 -0.102994159053 0.197341585091
-0.152147151261 -0.124997434854 0.0198178784037
-0.20500932712 -0.0973564393759 0.0308416492381
-0.217554094583 -0.0934077229125 0.0870781269612
-0.150257894298 -0.0976908039358 0.0576095693404
0.145126158429 -0.101949362796 -0.190705447147
-0.147729179049 -0.1339381148 -0.0544917216072
-0.148029591602 -0.107277322834 0.135029614958
0.14181585521 -0.103065710873 -0.0582828706529
0.0354971930384 -0.123082276158 -0.197540589031
0.0258524660378 -0.0834577853154 -0.160901312323
-0.178981428526 -0.0939724367979 0.226420063824
-0.0719166138255 -0.0792538224677 0.230020732995
0.0885100305798 -0.0839710816139 0.148989728035
0.272501931564 -0.0680837938976 -0.00346329045662
0.277070947993 -0.0287181594241 -0.0738127054172
0.202911616579 -0.0223491191529 -0.126226279054
0.102166113073 -0.0993948530502 0.0758934889003
0.145831917267 -0.087522414629 -0.211475535345
0.2017980098 -0.0653298704035 -0.168230482879
-0.0620504022089 -0.113535759541 0.107310851481
-0.0312536787038 -0.11421831296 -0.0467736831982
0.0731722930974 0.00910254559877 -0.0190834048292
-0.0385440486288 0.0276645013343 0.0700038212351
-0.0314172925356 -0.0263223590474 -0.033822648108
-0.0375053166016 -0.0205553215856 -0.0453350854162
-0.0738359720234 -0.0731660498734 -0.0809083144145
-0.0967803361885 -0.0861111918656 -0.0339457194393
-0.0178867564622 -0.0433261660023 -0.0274507288739
-0.0587797391382 -0.0347418785363 -0.00918815094918
-0.00100676044934 -0.0525060069095 -0.0460710899541
0.045912025577 -0.0432004417388 -0.0542762684821
-0.0757215256315 -0.0679116158386 -0.0862726930103
-0.161218247588 -0.0957345602799 -0.0234610082036
0.0176202268337 -0.00233547017873 -0.0102112065702
-0.0179115413335 -0.0461913627127 -0.0240904061152
-0.0202265170229 0.00385660582906 0.0194806933746
0.027934777438 -0.0146809951807 -0.0232250097866
0.0229004001729 0.0116436701437 -0.016341354339
0.0372868205803 0.0204130840423 -0.000770483226655
0.0658187041894 -0.00155812624819 -0.0216886727289
0.0737216625433 0.0048395824216 -0.0186785570146
0.100276314852 -0.0177837241801 -0.0524983242706
0.0698543121803 -0.0145575747628 -0.041236016828
0.0787506989216 0.00263450535325 -0.0209088558924
0.070876398976 -0.00394560306232 -0.0236600459639
0.132724616405 -0.111248343775 -0.167233806412
0.22365635793 -0.0917402103344 -0.142326788376
0.0606214907618 -8.01581996294e-05 -0.126976371714
-0.00235990168038 -0.00349725369816 0.00534724623841
-0.0127424266796 0.005662931049 0.0173752533661
-0.0195381629301 0.0203326388296 0.0261962496022
-0.00864037302501 0.0244655036239 0.0216212402627
0.0320842553306 0.00729188510959 -0.000483614656315
0.00277214354767 -0.00671720721167 0.00404684347685
0.00892877111258 -0.0094851944958 0.00178389596431
0.00755383196721 -0.00831251219837 0.00160301094051
-0.000569570808099 -8.81097502617e-06 0.0101181162419
0.00153451247475 0.00106335373446 0.00458184629991
0.0172245694393 -0.00281164444826 -0.00667760476205
0.0569535263402 -0.0207066637847 -0.0329690479008
0.000929618929993 -0.00797417916399 -0.0114210719694
-0.00927987006124 0.0102721337645 0.0198054629032
0.0138996945098 -0.0228264480811 -0.0363837634578
-0.0157820129051 -0.0166246863911 -0.0316839789188
-0.0384170070296 -0.0145536873623 -0.0294404149398
-0.0533258723446 -0.0144737364756 -0.0209069774142
-0.043491155344 -0.0204485725607 -0.0210472928275
-0.0551780705839 -0.00581023578402 -0.000693234702755
-0.0555903512079 -0.000425243860111 0.0134657568906
-0.0398317498245 0.00208002264385 0.012588747029
-0.0687431172553 -0.00184953570247 0.02150502875
-0.0361134023218 0.0282421450367 0.0316671945051
-0.0496865719917 0.034604349292 0.0343189782108
-0.0349196261702 0.0225993564086 0.0282300146735
-0.0489251973738 0.0384668335785 0.0318050071091
-0.022315031722 0.0306001601365 0.0189934067546
-0.00339444112143 0.0269051004508 0.0140870122671
0.0181850215176 0.0190491559204 0.0018661725899
0.0752524380618 -0.00718295612196 -0.0220723052348
0.0861101044928 -0.00924799327516 -0.0287860065594
0.12205539954 -0.0264085883527 -0.0448929101044
-0.0228003310308 -0.00700050583498 0.00345113855283
-0.0282850705987 -0.0100440055016 -0.000677281012079
-0.0270162068656 -0.0194099386739 -0.00798596853526
-0.0206718080482 -0.0529698128232 -0.0311652820392
-0.0127084192164 -0.0132611510054 -0.00908900690904
-0.0178937251383 0.0112467442488 0.0053839105086
-0.0211729125702 0.0129110405198 0.0164646414215
-0.00137689304948 -0.00324008272644 -0.0106081457528
0.00336028245696 -0.00241647422319 -0.0158825475364
0.0240357419963 -0.00473629457817 -0.0193804860623
-0.00340950479021 0.00935712720972 -0.00818578085258
-0.00909905080814 0.0233762662296 0.00120369935049
-0.0190105270137 0.0163676591056 0.00390263250327
-0.0103468460168 0.0130094296214 0.00191558052497
-0.00700954297068 0.0258148514624 -0.002205220796
0.0125863099192 0.0120751523151 -0.0143126376914
-0.0240931132244 0.0278205247517 0.0150269868475
-0.0279153266394 0.0289057455044 0.0225620985042
-0.0210676766582 0.0229353369816 0.0226918679869
-0.00832440395703 0.0215643078314 0.0186263386264
-0.0105104238555 0.0134859159709 0.0213652190705
-0.00962247093875 -0.00550754853822 0.0108927194057
-0.0121577579226 0.00325049269517 -0.00521263857564
-0.0286827440383 0.0337369927653 0.00944671571643
-0.0350850454069 -0.0500551736793 -0.0209883643702
-0.0422608205723 -0.00882425202331 0.00600569116557
-0.0482820319074 -0.0112739886275 0.00887992011212
-0.0477187302439 0.0112521855225 0.0185215961471
-0.0565815180187 0.0316163265399 0.0318088359867
-0.0621215989702 0.0329315039911 0.0360645698904
-0.0595701694355 0.0118275890581 0.02567986298
-0.0540174644807 0.0292048102695 0.0356971931721
-0.0057216540886 0.00715172476685 -0.013728773233
-0.0329280529659 -0.0840489389177 -0.0425661333686
-0.0249520862158 -0.0782630029005 -0.0432456382995
-0.0279468837615 -0.0846587274639 -0.0426994334683
-0.00740208899748 -0.0642722118969 -0.034299450238
-0.0113247223501 -0.0550889666411 -0.0343892081759
0.00151423993666 -0.0495313419177 -0.0311526147243
0.022251975111 0.00567493755369 0.0018058402605
-0.0260152191831 -0.0208548022061 -0.03210474109
0.0159344642042 -0.00742570875662 -0.0131542819158
0.0371232337285 -0.0163204421133 -0.0329156077813
0.0291426929256 -0.0239459202089 -0.0384323120879
-0.0223133835524 0.0176394672252 -0.0389091526901
-0.0388122757146 0.0162572772084 -0.0200647343886
-0.020837798158 0.00118623899646 0.0164019374086
-0.0207867658853 -0.00202971025942 0.00303621483884
-0.0167325689045 -0.000423401702602 -0.00305026212791
-0.0283069614937 -0.0100942275405 -0.0112899341809
-0.00263170143959 0.014619132133 -0.00168778040468
0.0173598280365 0.0244642277009 0.00317321559643
0.00479327367297 0.00958661659094 -0.0020140185402
0.00669209024973 -0.00560179056796 -0.0155008184162
0.0274497449964 -0.00701431027109 -0.0171827608173
0.0288942943481 0.00767809255748 -0.00510332553289
-0.0211258855855 0.00353200876216 0.0133755253353
-0.0181402496224 0.00591761790317 0.0250418744733
-0.0155369907385 0.0184250509951 0.027545242198
-0.00722081402016 0.0208839025885 0.0344366686777
-0.0990592213425 -0.100466957614 -0.0979285566737
0.0453420974008 0.0169120981255 0.00822633273888
-0.0400854770466 -0.00680101137441 -0.00600370624097
0.00294638702638 -0.00686695414796 -0.0505408001749
0.0171177506226 -0.0296493489073 -0.0150290264772
-0.0265215658841 0.00815288797594 0.016035484097
-0.0262271344349 0.00425992424649 0.0106923284479
-0.0247126384427 -0.0224963059337 -0.00936062917117
0.0347327864142 -0.00712279278314 -0.0175531997448
0.018121952401 -0.0123897315968 -0.00648461035585
0.0227742532953 -0.0127462777045 -0.0096426282919
0.025402928175 -0.00611142078531 -0.0112672421227
0.0244323609183 -0.0122151935198 -0.0135872736982
0.0215154535525 -0.0125282814712 -0.016968882293
0.0159536255858 -0.0159210410292 -0.0149825924887
0.0112981680507 -0.0244088844611 -0.0206223330904
0.0306979280401 -0.0250482598831 -0.0110933927247
0.0279434138446 -0.0452302983544 -0.0235768644152
-0.064242304477 -0.0134448894061 0.00227163867874
-0.00837327603474 0.00132961259938 0.0021818090743
-0.0326286275586 -0.051743225709 -0.019381190518
-0.0175768601917 -0.0428429588319 -0.0167960557311
-0.0136758544715 -0.00929038743191 0.00463871285769
0.0013473759455 0.00546066343408 0.0102567086424
0.0174573453944 0.0107830345773 0.00636357547267
0.0269031007443 0.0242319790055 0.0078259112469
0.0157183268436 0.0103215575618 0.00877223435611
0.0107519448188 0.00251142974163 0.00518714698319
0.0163282584753 -0.00282367623295 -0.00476388635588
0.0140458520388 -0.0200286100805 -0.0184054904274
0.00693835696019 -0.0331872275769 -0.0199823032708
0.000525812662368 -0.0336377216487 -0.0244308373299
-0.0272031246444 0.00807684386161 0.0196212863502
0.0135531074284 -0.00414406013009 -0.014013750459
0.00937899613081 0.00278553647433 -0.0114144158005
0.00325847307496 0.00226479464571 -0.0154798445151
0.220470751678 -0.0200332408333 0.023499982091
0.109733846625 -0.0251065348155 0.126699093869
0.0285292759344 -0.0344494298283 0.169381109673
0.00874565622632 -0.064621012184 0.227566201423
0.0172742822753 -0.0103484125303 -0.0142668046373
0.00318423446758 -0.0108429390599 -0.0084034537415
-0.0114410346212 0.00547534168593 -0.0121949750331
-0.0130387666655 0.00440450593275 -0.0181315318105
-0.0228662574778 -0.00957609453422 -0.0323789709949
-0.0231786141076 -0.00808581052699 -0.0209413299268
-0.0300792250322 -0.0232324752506 -0.022126216652
0.0046678173053 -0.0218751613925 0.0101717681539
0.0193245463467 -0.0285785948193 0.00390146631889
-0.0170077305941 0.00274233572373 0.0178321090869
0.0625773513297 -0.0100421315577 -0.019616035654
-0.00402903517783 -0.0107994314561 -0.0168506235746
-0.00749711563229 0.00224851205426 -0.0174913493603
0.0254182761086 0.0193476774065 0.0029691233826
-0.00568084706424 0.0341947125069 0.0219568958134
0.0153923955498 -0.00495770317992 -0.00390457438891
0.0206229286226 0.000987593980489 -0.00423482086878
-0.024359890099 0.000354493488711 0.0109878974005
-0.0103356684096 -0.00123187913843 0.00930103037245
-0.000255131587834 -0.0028368884568 0.00597743364375
-0.00665031683012 0.00400265617788 0.0140723729018
-0.00346652612755 0.00907730479156 0.0172951249833
-0.000148918481872 0.0110919664297 0.0153503782838
-0.0122318120846 0.0150382252221 0.0235475726606
0.000293072043662 0.0224143172106 0.0207716388136
0.0169754405089 0.00885348666177 0.00330881123031
0.00980898812858 0.0208442708336 0.00873781748315
0.0337893938495 0.0159806307836 -0.00220977476737
-0.078933222342 -0.00431631974656 0.0554518874227
0.000511071213466 0.0172926907505 0.0399801498576
-0.00632358839979 -0.00048908318773 0.0293029705544
-0.0244413725339 0.0265866471413 0.0237393345851
-0.0167315058334 -0.0065113962912 -0.0288003117353
0.0664665605516 0.00509247568733 -0.0211803960092
-0.00963545012155 -0.0208162992165 0.029283751446
0.00228911658582 -0.0281238518964 -0.0353280501512
-0.00789699311426 -0.0139063776119 -0.0268678983773
0.0106945209653 0.0280269594704 0.00481268005307
0.0988068004583 -0.0310234466618 -0.0448641764558
0.0639627337058 -0.0256971178859 -0.0383884170744
0.0105762347616 -0.0163507251887 -0.0293097576822
0.0280858760724 -0.0282140473592 -0.0476279343851
0.00185684215324 0.0110229280451 -0.0282070056798
0.00862370132283 0.0177081146264 -0.0232270309208
-0.0193919098635 0.0241193590369 -0.00858252040137
-0.0273855481636 0.0284362787262 -0.00116131766274
0.0156955272667 -0.00149624760643 -0.0414407652548
-0.0312844521599 0.0130369269157 -0.00362567877513
0.0802706386112 0.00902946343416 -0.0199016047225
0.0254496955411 -0.0141277114599 -0.0245074776845
0.0219852361881 -0.00627771475174 -0.0176706496219
-0.0255239156464 -0.0750565617491 -0.0417443695585
-0.0439875629981 0.0233155461166 0.0135476896961
-0.0331709561642 0.0115589889225 0.0152736039526
0.116172667922 -0.0278946351217 -0.0403865981185
0.066548820619 -0.0206080737039 -0.0186416644522
0.0331176550721 -0.0564860328457 -0.0159115513961
0.0277497510892 -0.0454720497651 -0.0260348335697
0.00840379191778 -0.0303804109017 -0.0268716823983
0.074537695993 -0.0266293231692 -0.047282906549
-0.0179464448189 0.0312269620176 0.0469168414523
-0.0053165165758 0.0195333080063 0.0202333218891
-0.0407729597155 0.00481705625627 0.0349937790376
-0.0612743030591 -0.000115973461084 0.0386788607418
-0.0107318915656 -0.0243878610987 -0.031960671534
-0.00510158602566 -0.0253249376599 -0.0240544258607
0.0326550895261 -0.0271737836039 -0.0244858409983
0.120764576888 -0.0194056734746 -0.0390323697651
0.0247272076856 0.009492888507 -0.00347792832968
0.0274102433081 0.00842741968487 -0.00402302971727
-0.00759264283074 -0.00608731188094 -0.000719509565835
0.0470524228603 0.0181957431138 -0.000130471949128
-0.030656962876 0.0105227590406 0.0223445955815
-0.00791848543684 -0.0335639227984 -0.0222861336158
-0.00234834555409 -0.0455487976148 -0.0297715985818
-0.000105767559252 -0.0275999669033 -0.0240157217207
-0.0160406557882 -0.0723329753666 -0.0403806553932
0.0655052201418 0.00740592294895 -0.0141628258121
-0.033205755788 -0.0268554054787 -0.0452600543562
0.00322548171783 0.00284479051515 -0.00169595507505
0.0383958463443 -0.0643911861352 -0.0215513848557
0.0676482593754 -0.0125349613851 -0.0374053233346
0.00053653654682 0.003802748308 -0.00306793022339
0.00409867758296 -4.7653802973e-05 -0.0103093966478
-0.0263511835638 0.00394392926148 0.0313448709627
-0.0268641616272 -0.00386304728582 0.0282437419361
-0.0138108646646 0.0249536649546 -0.00270850596329
-0.036682349372 0.0335469803376 0.00653475166836
-0.00384173846914 -0.00352631701375 -0.00417080790614
-0.0289199494222 -0.0507445110583 0.172414282958
0.0295238708086 0.0128770388645 0.0166570656726
0.0481472458372 -0.00678420113995 -0.0264074193401
0.0969549390534 -0.0172309328717 -0.0244423719222
0.0134907775753 -0.00843665140976 -0.00275223526763
0.0338957029279 0.0149594522585 0.00628649995974
-0.0164937253555 -0.0285223486563 -0.0319465035673
-0.00470785474407 0.0229995211369 0.0114112204372
-0.00836797591827 -0.043363829968 -0.0267892200567
0.00147606161455 -0.0272681473895 0.0112395632737
0.0549400065731 0.00721662731592 0.00658707946567
-0.0116680888281 -0.003748475166 0.00576043980298
0.00118190340373 -0.0349866899584 -0.122150820008
-0.0320813874069 -0.0288955071079 -0.0502828223133
-0.0352466105413 0.0281292911757 0.0242563351606
-0.0303883930847 0.0211994984185 0.0174207722582
-0.0168888531054 -0.0057374485527 -0.0703302369836
-0.130535191833 -0.0281602579548 0.162078703978
0.0298857272339 0.0116931827493 -0.0183193886119
-0.0343287762897 0.0252687012653 0.00807576570791
-0.00596472210892 0.00737447383522 -0.0131400558881
0.106221275025 -0.0135286698824 0.071461849922
-0.0184482244945 -0.000408694707226 -0.028409062288
-0.0237859395563 -0.0397943467574 -0.0219099187577
-0.0105256192178 -0.0136064004493 -0.0089755224296
