0.0559344340597 -0.0219224254027 -0.0194642785325
0.0486768869989 0.0349159714106 -0.00497639153672
-0.0260357709085 -0.0039130263895 -0.000611682272383
-0.0178940142868 0.00939852134851 0.0251436055283
-0.0354396697636 -0.00643232615829 -0.00140670281302
-0.0660981398605 0.0350380867385 0.0257805858799
-0.0395029039414 0.0142698570506 0.00688486113747
0.0132629520007 -0.0124942861224 0.0104705666233
-0.00804639174368 -0.00924645858424 -0.00639360000178
0.0536249161367 -0.0451661290603 -0.0380713326717
-0.0738777640802 0.0397680159963 0.0188049630567
0.0332869299592 -0.0150944906605 0.0113172990662
0.0351046345749 -0.030853073036 -0.0185233857016
0.0264704481461 -0.028887618584 0.00677474228995
0.00238826553154 -0.0132727800938 -0.00209145775941
0.0329804276854 -0.0312087203577 -0.0366823220699
0.0165266939332 -0.00613867929207 0.0184364293318
0.0317615846716 -0.046015061009 -0.0619064448402
-0.0490152592943 0.0378009356229 0.0297046115462
0.0157021660302 -0.00626274120395 0.0195645713042
0.0404533313736 -0.0242202532106 0.0145920760016
-0.00803998469063 0.00571109749092 0.0245658910128
0.034040436297 0.00750453900694 0.00163969344643
-0.0566057327311 0.0947483328194 0.0812069578923
0.034040689364 0.0128190524068 -0.00648310722321
0.0334487385406 -0.0217151612191 -0.000799891067012
0.0118712677424 -0.00507467805384 0.0181639869538
0.0111808964267 -0.00536479488095 0.0163057440819
0.00679633295388 -0.0183550676676 0.00205816881829
0.025612304593 -0.0111410528864 0.0152239650792
0.0339778577589 -0.0181125021867 0.00547011979717
0.0445214533983 -0.0254192479122 -0.0107800083187
0.00504153111322 -0.000660415587009 0.0221581866265
0.00424745024992 -0.00011302179183 0.0231259856735
-0.0370455423278 0.0175494795472 0.0245537642428
0.00184121588301 -0.000539092439024 0.0223285462353
0.00510532713931 -0.00600897174296 0.0258845638837
0.0341557536031 -0.0150565186981 0.0179915268829
0.0240230909652 -0.0118963335893 0.0154606313215
-0.0132630955472 -0.0142165339953 -0.0257866893
-0.0753457661145 0.0320874589075 0.0175944196211
-0.0225504915611 -0.0249459851938 -0.0335952685873
0.0292873446833 -0.0204459744172 -0.00982217788308
-0.0449470298637 0.0230094843327 0.033511498679
-0.0488598132055 0.0273811411119 0.0344451518753
-0.00586960443131 0.00127904161094 0.0294420779474
-0.0350962999493 0.0194472381938 0.0164207183166
0.0487278774952 -0.0309650341598 -0.0168876285241
0.0267647158142 -0.0110510576076 0.0150495504544
0.0390233551808 -0.0181546451422 0.0105507337834
-0.0225291632768 0.0104286096045 0.0307866394489
-0.0196280440364 0.0172145204798 0.0355555432269
0.0176354772536 0.00245698675115 0.00288431197632
0.0169807180912 -0.0142139643375 -0.00654090041948
0.128921594789 -0.0825502831581 -0.0945656818309
0.0126598453982 -0.0367614074794 -0.0104324909723
0.0211138501465 0.00182438175666 0.00465679590336
0.00294847872835 -0.0231119087969 -0.00554647191653
-0.0163310351369 0.00725274184065 0.00144058583879
-0.054469198208 0.0210493010255 0.0131762060243
0.0438641896312 -0.0225982242497 0.015449002487
0.0363391302576 -0.0256815657121 0.013094474911
0.0378671158035 -0.0195794990329 0.00539068246763
0.0104276204903 -0.00281157594817 0.0208115733919
0.0202244700336 -0.00784425079975 0.0187262512451
0.0298898519349 -0.0143447981095 0.0184595588
0.0257914777654 -0.0158964211903 0.0137124124422
0.0372987893727 -0.0324924172007 0.00694730648327
-0.00646785904005 -0.000520178566181 0.0146473134881
0.0283430605624 -0.0386846082725 -0.00296061948195
0.000215990807356 -0.00185036974009 0.0250858717837
0.0334026294299 -0.0278038709141 -0.00724038582835
0.0447976907633 -0.0500761984549 -0.0441684653354
0.0947238244483 -0.0248942526933 -0.0122749523732
0.0324172773282 -0.0156098660741 0.0105283555092
0.0454610085942 -0.023505863886 0.000169981406565
-0.0235546319582 0.0333893467417 0.00956749651768
0.0369148673522 -0.00415340435461 -0.0147649477669
0.0201230818654 -0.0341225577592 -0.0287839076779
-0.0280716701617 0.0423667669289 0.0226036832838
-0.0578569551641 0.0163640563553 -0.00158988208824
-0.0269240480395 0.040542346599 0.0143570652704
0.024617640662 -0.0214243422973 -0.0106916468914
-0.0179442487572 0.00955542018269 0.00964568665242
-0.0231166110469 0.0126183489538 0.0265842026451
-0.0461040980205 0.0264022054223 0.00958787437118
-0.06241993408 0.0203855422145 0.00761073255356
-0.0393600402725 0.000816606790921 -0.000120769020762
-0.0205157347461 -0.00319654651676 -0.00507547496717
-0.0116479743833 0.0119022250031 0.0117848435617
-0.0187667607567 0.0115668059945 0.00216351973715
0.0249089474362 -0.0224855217638 -0.02241505684
-0.0494475029944 -0.0258501822675 -0.0116483944099
-0.0318535696292 0.0641000270137 0.0285808719739
0.0085287342592 0.0171919139967 0.00182710762486
0.0530045515509 -0.00171213825241 -0.0147686877375
0.037675911924 -0.00841624276333 -0.0162674213631
-0.0626586357901 0.0336943504292 0.0451762765322
0.0131489032543 0.0174927676518 0.0104127898414
0.0498267173483 -0.0459794742892 -0.0512702344816
0.0479865532232 -0.0561218274694 -0.0597078327586
0.0308885565847 -0.0506412791448 -0.0460371400412
0.0223663546967 -0.0498849377415 -0.0588015704519
0.00646674593308 0.0110736025501 0.0226938177901
0.00855913239439 0.00807931281123 0.0100741870641
-0.0613981477218 0.0623061402097 0.0243480507317
-0.087827881408 0.0375124428783 0.0343629044768
0.0571575918803 -0.0303861681197 -0.0261790053978
0.0840918017111 -0.0416683573496 -0.01912155101
0.0111364956602 0.0055493734281 0.00206045300054
-0.0160355585401 0.0273340443432 0.0174644466373
0.0327306787128 -0.0172341278632 -0.0068765911582
0.0614415355742 -0.0361069806822 -0.0243980400074
0.0933316262347 -0.0592616648301 -0.0525889904177
0.0001923952577 -0.00415621805712 0.00552087221162
-0.00440724398144 -0.0209009250246 -0.00853963515115
0.0591759732042 0.0446618448208 0.0309572427631
0.0214170377247 0.0919647779503 0.0818731620498
0.033054051199 -0.0322096402681 -0.0308200804906
-0.0156958518673 0.00813375056761 0.0237663426728
-0.080190521138 0.0455507797524 0.0399340254463
0.017698844111 -0.00326982207913 -0.00709253826854
-0.0232832273316 0.00884183535307 0.00745394475903
0.0299623784722 -0.0195326194121 -0.0210165813697
0.0531897879183 -0.0170194866344 -0.0261154159369
0.055447095999 -0.0276127935271 -0.0329167476962
-0.0547658583371 -0.0191110156787 -0.00445317437013
-0.108019548696 0.0183146182972 0.0390381703123
-0.0469239629223 -0.00128149519963 0.0214095089604
0.107757430571 0.0298033002527 0.0234937658566
0.0672046524478 -0.0262522578833 -0.0343618230655
0.0297332038121 -0.0361415891299 -0.0367269112728
0.0180344402704 -0.0255872194848 -0.0263599153083
-0.0349643253679 0.0202349371199 0.0322427115313
0.0255243323606 -0.00787319518917 -0.0144766877433
-0.037167073917 0.0134781374751 0.0264248832005
-0.00254406528378 0.00115115076738 -0.0117989900181
0.0579599203997 -0.0018416612769 -0.0207502642545
0.000946606057842 0.0106102285986 0.0119269881762
0.0184094653631 -0.00765052726587 -0.00852698102048
0.0340725072728 -0.00976532943693 -0.0075632474838
-0.00136176265629 0.0181420559373 0.0186234221704
-0.0587406815778 0.0282228605478 0.0372030155182
0.0124299090923 -0.0107866616694 -0.00824323906678
-0.0100852461374 0.0170178187089 0.0165730004433
0.00654361093664 0.0106172368365 -0.00265846124617
0.00100598281198 -0.00544982055164 -0.00267096990136
0.0540822315048 -0.0245079942114 -0.00387938237321
0.0716375876015 -0.00558544296055 2.54039475838e-05
0.033006263687 0.0120131419315 0.00431416978622
-0.0117212647485 0.00226932280116 0.000478373402562
0.044166006968 -0.0151498873031 -0.0170439689324
-0.0185721400504 -0.00492933277677 -0.00899250846985
-0.0292006927656 0.019215172511 0.0284622269031
0.0354977124422 -0.0383557807599 -0.0116402931552
0.0198809899662 -0.0176281861593 -0.00555581418391
0.019745325116 0.0186846648413 -0.00483252838549
0.0507711565211 -0.0409611713459 -0.0161992748892
0.0303764074205 -0.0381561437389 -0.0103614444815
0.0851954669891 -0.0284275583522 -0.0242227040051
0.0909041145166 -0.0141545113968 -0.0218464411529
0.0611823267347 0.00285097369965 -0.0193412453149
0.0316814306105 0.0285938859251 0.00186678179757
-0.0163969849898 -0.0228455938983 -0.00722657286291
0.0387965304366 0.0180456762576 0.00632092318931
0.0305452985306 0.0444404073895 0.000606714432187
-0.00675617992733 0.0675878189094 0.0161579683525
-0.0110509093922 0.0657690222224 0.0175177655965
-0.0688396821072 0.0625652776483 0.0264868445352
-0.075740003519 0.0583324805609 0.0366465193486
-0.0920398403604 0.0655389017663 0.0365354570804
-0.0890468447176 0.0380324221723 0.0291496852524
-0.0543835869252 0.00570926972749 0.00964271899053
-0.0666910027705 0.0225736338417 0.0257143827362
-0.030166186509 0.0102738302017 0.0170991961605
-0.00603401922818 -0.00122170479279 0.00294392979034
0.0692166800385 -0.0429693096634 -0.0498474762354
0.100850708302 -0.0589943906577 -0.0756814348806
0.0781912988664 -0.0434250079131 -0.0472720843069
-0.0286842987565 0.0410599802502 0.026919358423
0.00230725467115 -0.00469104891073 -0.00568828980309
0.00929774667815 -0.00497430436832 -0.00643443355623
0.0029980308858 -0.0125127503593 -0.0124828895117
0.115482159194 -0.0658168490221 -0.0687483332627
0.0848883518349 -0.0627317631948 -0.0592762586222
0.0386121898582 0.0179891394598 0.00909454710722
-0.0486514780886 0.00438770443212 0.00295307319508
0.030574786211 -0.0164732836143 -0.00807522749465
0.0459116534072 -0.000814331238456 -0.0090620665031
-0.0314565427802 0.0220289201021 0.0212656451697
0.0526943711594 -0.0324404503153 -0.0153464380951
-0.0890896014702 0.0268295636464 0.033769951884
0.0161276697824 -0.00715314846012 -0.0186895394919
-0.0475086130276 0.0493931115041 0.0191312046157
-0.059954780578 0.0469140547533 0.0193483032616
-0.0766057007399 0.0619535267507 0.0289425624747
-0.0464674403126 0.0348692209471 0.0170505233841
-0.0192418019044 0.0353557022347 0.012597931767
-0.00416157958978 0.0126398146367 0.00298383977246
-0.0339620733305 0.0223676833213 0.0140846888897
-0.0293489549186 0.0127934792682 0.0108806987451
-0.0182802958429 0.0013256916311 -0.00484072746989
-0.0105814478782 -0.0285728174385 -0.045295013252
-0.0678842684048 0.036124635513 0.0311616707968
0.00721702430304 -0.0175638567616 -0.0363568296409
-0.000566068902266 0.107615556288 0.084377109937
-0.0492590459444 0.0421014608976 0.0550455532656
-0.0106846469966 0.00260648352412 0.0228322656228
-0.00312513236279 -0.0346598090357 -0.0197541221527
0.0260176602422 0.0362603738854 0.0420888431934
-0.0149458586406 0.0246310819106 0.0238497039093
-0.0679853920615 -0.0465219211529 -0.0382447218242
-0.040091702407 0.0226809556769 0.0243858359672
-0.0475636074942 -0.00030447094597 -0.00467748585359
0.078473250282 -0.073182035453 -0.0782713327658
-0.0376004223216 0.0130145787806 0.00206336906103
-0.00520660875604 0.003682258347 -0.00377149398546
0.0103578897335 -0.0102172768232 -0.0182413168484
-0.0716255017534 -0.0157642854701 0.0162941836115
0.0582876003408 -0.0547376438166 -0.0568617462255
0.00450070876839 -0.0285600070486 -0.0149749611451
-0.0313636580272 0.0126901934892 0.0300749952404
0.00836773530859 0.00998423973668 0.0200084420971
0.0975571429415 0.0908238948189 0.0662856726821
0.000830836665029 -0.0270024334963 -0.0031146915255
-0.00261310352199 0.00875805710225 0.00368752030012
-0.00738463561233 0.00241430912024 0.00121090512665
0.000354802975373 0.0104266357365 0.00504491779776
-0.0037770480485 0.0169922365478 0.0156244182268
-0.00330746498874 0.0127952308746 0.0138428640857
0.0285961823389 0.00738782253686 0.0111060666886
0.0589089053439 0.0032822593617 0.00396864659337
0.0560188827444 0.00955728825701 0.00372695473971
0.0293339948632 0.00703765428592 -0.00233888628658
0.0493173362753 -0.00336043302401 0.00240824702983
0.0773867722232 -0.0198651617191 -0.00195312866015
0.0994766439795 -0.0188459384829 -0.00448490228434
0.0464807223529 -0.0138949245835 0.00320962551254
0.0222526280785 -0.0128061095451 -0.00271482995717
0.0159083321141 -0.0209642208309 -0.00906574172409
-0.0143854071612 0.00382850304493 0.0117119789934
0.00150879021813 -0.00939433551569 0.00685137420187
0.0820760796771 -0.00505209447046 -0.00365433732782
0.0851811506927 -0.00413365349561 -0.00996886819638
0.0820330496896 -0.026549515253 -0.0186977175595
-0.0312715448755 -0.0296206330857 -0.0165904781127
0.00460870266349 -0.0100674841576 -0.0017576443513
-0.0937946323993 0.0256394591253 0.0375936148845
-0.0581876306665 0.0234574764484 0.0372084871797
0.0724062658893 -0.0261326131961 -0.00903040743955
-0.00347212907087 0.0171116028505 0.014388010176
-0.0221205131586 0.0198206741473 0.0128272498775
-0.0656995119002 0.0243570680077 0.0276388230088
-0.0583925796683 0.025413682067 0.0323789010453
-0.0243706210639 0.019310726413 0.0191529906886
-0.033142959705 0.0215555054442 0.0254658555901
0.0092643618939 0.0121250189394 0.000880880801788
0.0108780922271 0.00271346723399 -0.00768524655377
-0.01144505097 -0.00287608045983 -0.0101179679823
-0.0620228234874 0.01741379326 0.0147795218124
-0.0855099591903 0.014837724185 0.0167804763907
-0.101799613416 0.0289808735594 0.0401852413992
-0.0916592338552 0.0336408772663 0.0459568003799
-0.045338040713 0.0293232366775 0.0372898360023
-0.0101397899866 0.0206122941932 0.0226381712639
-0.0386941305237 0.0089139925323 0.00305815491768
0.0429525749684 -0.0221826071474 -0.0243224956436
0.00882845866503 -0.00110595235572 0.00809523602848
0.0346977805723 -0.037769482592 -0.00330095432256
-0.0107053057958 -0.001689550484 0.0178069183246
-0.0302096495829 0.0153510331318 0.033902102387
-0.0423598385538 0.0229102730393 0.0347888060311
-0.046459870537 0.0252372470412 0.0415923799763
-0.0439444396745 0.0203565746247 0.0284111744064
-0.00724976234809 2.67205959433e-06 -0.00550637783596
0.013619152017 -0.0120233106682 -0.0216771642125
0.0089044696819 0.00467924681614 -0.00118244805185
0.00138999160445 -0.0091590662197 -0.0260142083493
0.00629355753626 -0.00422181145192 -0.02689723795
-0.0299191021274 0.0237964838032 0.0398533372246
-0.0103108044647 0.0140458441887 0.0234545139963
0.0107296013768 -0.00841999331436 -0.0201684434223
0.0291133778871 0.00064371699079 -0.000379866873658
0.0289557724479 -0.00082091577344 0.00454435562572
-0.0321996696203 0.0218547704298 0.0254434954915
-0.0206755262874 0.0113337814978 0.0265748190282
-0.0189629913742 0.00811359380905 0.00840055019982
-0.00474199907796 -0.00521652610375 0.00614511859698
-0.0123455945851 -0.00950737438754 0.00560243334884
-0.0349034489444 0.0180345685381 0.0129312571302
-0.0146340306911 0.00726947233763 0.000594439482362
-0.0352022833799 0.0170897066679 0.0107810963426
-0.0154072624248 0.0157454569779 0.00892706501843
0.01915542191 0.0108288710111 0.00368744632178
-0.00327501222719 -0.0149067470784 -0.0118280228388
0.114265329103 0.0134132516168 -0.00072821301469
-0.0505708614156 0.0110596931826 0.00131338599913
-0.0592214813145 -0.0106907678985 -0.0184385982796
-0.0407396657409 0.0029273541644 -0.0116907337579
-0.00594845273367 0.000224310996658 -0.0146656938453
0.0322182889249 -0.00773007521094 -0.0148890469364
0.0224381909611 0.00349495039159 -0.0206194579389
0.0234072574038 -0.00630040352527 -0.00811918770965
0.047983677397 -0.00974027176111 -0.0176412490188
-0.0190569670615 -0.0125396993864 0.0258424140534
0.0091373221588 0.0009940744518 0.00628001159531
0.00949922803627 0.00432000550298 0.00363690613029
0.026606487201 -0.027724225046 -0.0673873104891
-0.07358747381 -0.0564040651796 -0.0173382689785
-0.00587858940976 0.00613636865736 0.00730701717775
0.0227804793115 -0.00374068515969 -0.0114130379263
0.016288274178 -0.0141498353167 -0.0295632942181
0.00210559535688 -0.0207158018607 -0.0438852778113
0.00120374661732 0.00472814951362 0.0223834022462
0.00487736564143 0.0301879080533 0.0432218654613
-0.0232012195056 0.0336945721349 0.0489701774243
0.0198871638478 -0.00900583116672 -0.00592762000094
0.00433512876354 0.0198483175926 0.0306435040648
0.0219482199956 0.031044702816 0.0307522213057
0.0422903384203 0.0715180200724 0.0652882723424
0.0546364036525 0.0534604576934 0.0508021846033
0.0340925315376 0.0103057917141 0.0195379476289
0.0535275976714 0.0607644834426 0.0510215445612
-0.000355410541902 -0.00704035630391 -0.0159277979377
0.00280671947267 -0.0138742766802 -0.0289620731202
0.0059228126859 -0.0111099692846 -0.0217416285352
0.00742603478062 -0.0158375520206 -0.0324562854202
0.00661295896878 -0.0112052422379 -0.0279559741453
0.0019811668044 -0.0173586293926 -0.0386657173233
-0.00715152580673 -0.0104580771467 -0.0260123634514
0.00651534946767 -0.00666933052657 -0.0150051956816
0.00831874259446 -0.00730215744024 -0.0243851167337
0.00404270808701 0.00154493435834 -0.00688591474122
-0.0149780826484 0.00288218698979 0.0162149443065
0.00651500371058 0.00453032491174 0.0128926330884
0.0170089205527 -0.00882796782707 -0.0168178530656
0.0191776251264 -0.00966284620756 -0.0160062625314
0.0119103675693 -0.00696463428511 -0.0156000105787
0.0140979227801 0.00012014049293 -0.00489404129444
0.0311768214602 -0.00231137951387 0.00364659555349
0.0258361679949 -0.00847386718383 -0.0139126095812
0.0335556556073 -0.00675335683089 -0.00772943124332
0.0414326353928 -0.00691742027737 -0.00709659015652
0.0377268473652 -0.0097834338508 -0.0167254436359
0.0334298605563 -0.0163111221783 -0.0272036166452
0.0465551032645 -0.0116018164492 -0.0394354083496
0.011852226193 0.0222861410635 -0.054434412813
-0.0196667273429 -0.0261162883704 -0.032248135339
-0.0329073461367 -0.0530897908186 -0.0474012712676
-0.114713796243 -0.0576597287622 0.0123082678651
-0.0224741806099 -0.00291570378465 -0.016098545911
-0.03872398172 -0.047017822206 -0.0446584340972
0.0377729792505 -0.00305773258282 0.00275307418285
0.0273330224081 -0.00164909635253 -0.0063735992628
-0.0131422154672 0.0104424607862 -0.00271859263106
-0.0120920357117 0.0262736348002 -0.0258211318917
-0.000553024728796 0.00620403119603 0.000136702145102
0.00329620229803 -0.00251626221574 -0.012649669154
-0.0129242717538 0.006168297552 -0.00484645395745
0.00288322526771 -0.00176675698695 -0.0143322396575
0.00446545369404 0.00318308764719 -0.0131852335907
0.0358868102425 -0.000236506519509 -0.0192509450472
0.0888074246106 -0.00502946819332 -0.0184033103017
0.00186545250534 0.00226550404251 -0.0109179998243
-0.00115871090191 -0.00152472009044 -0.0154262272742
-0.000587163426363 -6.80397781486e-05 -0.0152458110575
0.0197841624749 0.00351013822387 -0.0168471888318
0.0267881372135 0.00289855305394 -0.0178445077802
0.0199595934621 0.00236631970358 -0.0144831000022
0.0636931911289 -0.00170633438367 -0.020316418782
-0.0174489614913 0.00199297964807 -0.0013095211906
-0.0292145598195 0.00374144470392 0.00665942662869
-0.011807009866 -0.0014692635891 -0.00294633960032
-0.0308737929807 0.00883424364179 0.0139045426089
-0.031008953421 0.00448918370613 0.0151965209257
-0.021436770057 0.00487986101422 0.0115887346342
-0.00433775305664 -0.0150521907299 -0.0128598785004
-0.0421318879603 0.0195255034223 0.0335518760383
-0.0298225434295 0.0136911719015 0.0219350992565
-0.00624638200485 0.00411248494781 0.00492281664603
0.0121512140542 -0.0058208419378 -0.0114960194507
-0.0137086390477 -0.00391458498425 -0.0141563057442
-0.0130179041242 -0.00787830724192 -0.00360719886379
0.0127806793426 -0.0111730076225 -0.0142722103221
0.0149668041136 -0.0131287560259 -0.0133698144024
0.0765946274558 0.104754235855 0.0794776986231
0.0539609580263 0.104063570119 0.078952333762
-0.0330922647278 0.0514565488767 0.0571970907487
-0.00028286817612 -0.00997657031669 -0.00838734540467
0.0439194225454 -0.00630379139426 -0.0227552472712
-0.00119524407169 0.0024381800372 -0.0106344751726
0.0366899051976 -0.00873446781132 -0.0127464870541
0.0095233323389 0.00530820026571 0.00457115549811
0.0187736439623 7.63823682664e-05 0.02142685341
-0.0076019070029 -0.00150725635547 0.0268863786874
-0.063485527574 -0.0194402902048 0.0277304936549
0.00532579252986 -0.00443863655157 0.0102816420467
-0.0353024790002 -0.0223590645753 0.00757477411199
-0.0737043642883 -0.0373152460857 0.0195597373434
-0.00287171870021 0.0108806697504 -0.0149709243419
-0.0237284987236 0.0430632349229 -0.0351510401698
-0.0231107218289 0.0142563774238 -0.0356798147371
-0.0786984651331 -0.0528468495731 -0.00559327286289
-0.0487497886288 -0.0276225784703 -0.0143988058494
-0.0240730958701 -0.00584221893412 -0.0337067845568
0.014326290001 -0.000961324462906 -0.0711040114287
-0.0287966440175 -0.0233229952207 -0.0455899057056
-0.0234685218558 0.0249880929778 -0.0332168674709
-0.0121561220421 0.0562129359509 -0.0378957842044
-0.000637549882886 -0.0335091874535 -0.0742997303937
-0.00567778288672 -0.0441808307704 -0.0642878712961
-0.0240655334335 0.0191329783283 -0.026915365462
-0.016883580851 0.0270586165331 -0.0300558432335
-0.0221681279625 0.0437454415732 -0.034909092534
-0.013824966827 0.0383216389759 -0.0370052781289
0.0155176904021 0.0134336312681 -0.0399274975441
0.0350784010002 -0.00369176983664 -0.055454803548
-0.0229706024963 0.0583653747108 -0.0358512296786
0.0206832100242 -0.0243009156144 -0.0804778394737
0.025752682205 -0.00192106323217 -0.069194800643
-0.0235353109673 0.0559710074944 -0.0313909522209
-0.0130471651776 0.0498632298892 -0.0266073266478
0.065352312595 -0.00566474760136 -0.0032201597299
-0.0169748253543 0.0196353151379 0.0291019580932
-0.0316411379055 -0.0213142337124 -0.0128378042661
-0.0746415952321 -0.0300079095358 -0.015806741066
-0.0945180401065 -0.0649120010984 -0.0241773010209
-0.118368965258 -0.0709799265067 -0.00316206749128
-0.0815153452677 -0.0393954837991 -0.000323084617134
-0.103366073094 -0.0396229940334 0.0151801441999
-0.0164378757067 -0.0342406675066 -0.0136640114055
0.0627749262978 -0.00734709508624 -0.00915606829372
-0.0860917268941 -0.0648346303305 -0.0224207556017
-0.103431877708 -0.0702994451044 -0.00498813097598
-0.0900697824318 0.00315999854593 0.0267544111637
0.00812406991957 0.115196852657 0.0948935804483
-0.00323470795627 -0.00177054164302 -0.00733092665199
-0.048426658238 -0.0163331057712 -0.000780059532253
-0.0352313119645 -0.000369973398417 0.00685614351418
-0.0151984912782 -0.00328302122737 -0.00736692947483
0.0336245007843 -0.00574490437492 -0.0162515690927
0.075415054865 -0.00116524961328 -0.0140038163323
0.135465466796 0.0188498247906 0.00308008807128
0.133862003385 0.0516990591859 0.0333347484385
0.0879360811701 -0.00209496047054 -0.0187894735178
0.0780258381926 -0.00109249494017 -0.0233523116738
0.0032856796117 0.0293766784171 -0.0523093098734
0.00622325175834 0.0299557212921 -0.0569336922936
0.0139625180412 -0.029808211516 -0.0455652476469
0.0245070078794 -0.0194383987089 -0.0166732755786
0.0209128361429 -0.0191308243106 -0.0179246841985
0.0506886948195 -0.0339934572932 -0.0352655495009
0.0608764958882 -0.0380464181594 -0.0464464339355
0.0335887609213 -0.0225643585454 -0.0245750970125
-0.0145488265292 0.00756762381446 0.0069856822653
-0.00511876382668 0.0138071335009 0.0108226556291
0.0107234182625 0.00415868979727 0.00210065715332
0.00856933269268 -0.00780737638677 -0.00601084487345
0.0109545450739 -0.0133096949647 -0.0111776037093
0.0143032055311 -0.0165371953467 -0.0152385850355
0.0252465239694 -0.0189895037482 -0.0203872297453
0.00371944051699 -0.00996063552355 -0.0117191257977
0.0192155272595 -0.0193347482823 -0.0180597168319
0.00647782816629 -0.0134151216253 -0.0128814046801
-0.0215110420552 -0.00533025821029 -0.00486252640517
-0.0588381237543 0.0081382534245 0.0135790732459
-0.06330485334 0.0147002931699 0.024760300321
-0.0236876274629 0.00113653781991 0.0065607353885
-0.0721574496359 0.0308092041077 0.0462087376876
-0.056753954266 0.0296517383442 0.0449649648845
-0.0427183028523 0.0279433848604 0.0401033508015
-0.0558699009812 0.0269591292804 0.0385590102812
0.0910266087426 -0.0538471799794 -0.0678307931014
0.126136948921 -0.074896688128 -0.0923763399828
0.120447997901 -0.0674934914128 -0.0782118712377
0.106537945968 -0.0735601415294 -0.0886482450847
0.0800943193646 -0.0539976885713 -0.0649954187733
0.0700546263446 -0.0408834775216 -0.0502065148657
0.0440988841396 -0.0288804397544 -0.0313019292763
0.0321890164711 -0.0149685253178 -0.0144148012968
0.0224900220233 -0.00461094091066 0.00164782283383
0.0285313428879 0.000719364167782 0.00699534322936
0.0217163266888 -0.0297387538673 -0.0290187107694
0.00735142353654 -0.0315393019349 -0.0256388708629
-0.0607281699514 -0.012177792301 0.00206641493504
-0.104180760811 0.0438137853702 0.048288032783
-0.0330852066814 -0.00934703442566 -0.00168411197813
-0.00717774401754 -0.0150489326235 -0.0317483858563
0.00123877854361 -0.0156938528827 -0.0316026253914
0.0619049942563 -0.01076902892 -0.0245587199856
0.0383106318714 0.00827075378696 -0.00740975311985
0.029820316452 0.00928934258324 -0.00141423011028
0.0200712704999 0.0165678692509 -0.00296423860348
-0.0156046589139 0.0254848518701 0.00510466418705
9.67714772126e-05 0.0274292197107 0.00509381390076
0.027227565493 0.0113550972523 -0.00755817599465
-0.0220917309353 0.0179776391642 0.00327664772009
0.000773479600067 0.0134493144104 0.00221494105653
-0.0393653476452 0.0353266946455 0.0128633612792
-0.0645383487602 0.0357689130093 0.0151321418937
-0.0586818659091 0.0420100066724 0.0191184256739
-0.0323797612414 0.0319815725235 0.0127165037722
-0.0649966183002 0.0410142489981 0.0225016246008
-0.0665310829157 0.0396072174039 0.0336860128763
0.0440167169742 -0.00516702015139 -0.0170860607304
-0.0409724108407 0.0142796956598 0.00351637772969
-0.0369058199663 0.100513926844 0.0897234097911
-0.0573629495888 0.0313346143293 0.0441552971386
-0.0330070597031 0.00895755896928 0.0203868365819
-0.033440530892 0.000912122162829 0.017598076666
0.0125520273407 -0.0478477242781 -0.0375295549405
0.0496451746223 -0.0646337285466 -0.0610340975785
0.0402612338652 -0.0442923971577 -0.0370085631483
0.0948346406144 -0.0775514009054 -0.0794319185926
0.0137180372533 -0.0171739241205 0.0103696479739
-0.0120462716372 0.132146189263 0.09668226544
-0.0538096954074 0.098008802061 0.0744859190374
-0.0580897336033 0.103742766667 0.076296517704
-0.0445364640169 0.0727164170747 0.0548941693965
-0.0563687777322 0.081617656314 0.0720306822701
-0.0463634125982 0.074410361555 0.0467364041451
0.015238242088 -0.00135273090628 -0.0117489360676
0.0458295020928 -0.0442396002272 -0.035510521814
0.0939746076887 0.0710925745323 0.0499901992502
0.11770471234 0.0490462312527 0.0291734452888
0.0869217923594 0.017961454639 0.00692789873285
-0.0283384303662 -0.00918242854345 -0.0195713820309
-0.00736786254057 -0.00460283216002 -0.0199525338621
-0.0390962030529 -0.00839615510348 -0.0169698308684
-0.0534944839437 0.000827229017351 -0.00379852322106
-0.0269060301729 -0.0153686417609 -0.01233531921
0.00305706827709 -0.0374483892992 -0.0369791405448
0.0144278253176 -0.0284897568328 -0.0178782953237
0.040476257647 -0.0308670111472 -0.0170518486602
-0.0216906211325 -0.00880822224089 -0.000467772471168
-0.0386199977019 0.0053935619104 0.0118063433071
-0.0218597879283 0.00446401504754 0.012728418833
0.0205435650161 -0.0154634141962 -0.00501407854311
-0.0611698163801 0.0135029189042 0.00235615405238
-0.0375781525513 -0.00480236441339 -0.023193838903
-0.0503512178575 0.0152131716756 -0.00192536527797
-0.0332730578644 0.00402858353236 -0.0104767128288
-0.059781198956 -0.0665566569193 -0.0374389528343
0.0745414252866 0.00790782338313 -0.0113026444271
-0.0881342571493 0.0338988962436 0.0476784228271
0.00371805974401 -0.0147645883047 -0.0389109167661
0.0108289484111 0.00402713469489 -0.00563097891193
-0.0138849350629 -0.0385390292893 -0.0283608992811
-0.0794264654688 -0.0224631979696 -0.000277505475726
-0.0985929703398 0.000280807292586 0.019441222424
0.0190422894889 0.0113650713104 0.00430970274215
0.0333852570822 0.0161600144575 0.00749338908853
0.0113294864364 0.0268827708622 0.0151938356933
0.00763508418699 0.0342370490689 0.0167448870339
-0.0176948189017 0.0441361738869 0.0254097356024
-0.0464510647448 0.0643181649567 0.0367003787035
-0.053272192122 0.0484417211734 0.0320045541996
0.0208015690108 -0.00060156551359 -0.0083903971507
0.0432495230308 -0.00149587555759 -0.0160881191564
0.0386102044314 -0.0162251256223 -0.0137003763941
-0.0330241621873 0.0109845479445 0.0183539907808
-0.0973609752012 -0.00904827755033 0.0151491204749
-0.0512618351227 0.059964661034 0.0565447082587
-0.0286020616693 0.0357406619987 0.0359721538427
0.026756773292 -0.0214331184512 -0.0104281863777
0.0662946852885 -0.0444229077074 -0.0328446928224
0.0600819657214 -0.0373371309658 -0.0245722634138
0.0536274415674 -0.034006031525 -0.0215434011326
0.0797857529589 -0.0473282832758 -0.0379207722139
0.0855129657357 -0.0470710121161 -0.0419907210269
0.0300259625938 -0.0130272261497 -0.00307898596071
-0.00970708786935 0.0263619873011 0.0219020456897
-0.0132328116706 0.0294071818965 0.0269723765009
-0.0415380014466 0.0667024573614 0.0397084297549
0.0550003753212 -0.0495650587927 -0.0395413180451
0.00404921753431 0.00920570088642 0.00981278172254
0.0302954100445 -0.0181039530345 -0.00647210085825
0.0145848583836 -0.00772466716288 -0.00282378482137
0.000165319603845 0.0157095634831 -0.0203087976801
-0.00636670356183 0.0147781674905 -0.0130287461974
-0.00554840991409 0.00971452229534 -0.00829313884067
-0.0155257628902 0.0224731026051 -0.0250957358111
0.0517214119648 -0.000108858059083 -0.0103249419887
0.0587590646259 -0.00808940651613 -0.0187346431459
0.0365626163279 -0.0421880796512 -0.0299165188887
0.0379205413971 -0.0402268502843 -0.0302547701891
0.0300943121596 -0.0328957471383 -0.0261649006845
0.0425080564403 -0.0520534219227 -0.0454916218787
0.0414504288127 -0.0596575396212 -0.0624671286371
-0.0202772943543 -0.00828555914239 0.00192615580256
-0.013371418778 -0.0042081702325 0.00860453166857
-0.0465608996072 0.00685140425381 0.00512025957114
0.0282833985041 -0.0201400778558 -0.0222999514724
-0.0304989440839 0.0486008197436 0.0260861972912
-0.00985353338966 0.0201264945699 0.0111281223966
0.0421693578169 -0.0279603858434 -0.0153513880609
-0.00852461537205 -0.000370232145132 0.00598041618665
0.0706457745803 0.00497817801777 0.00427141245648
0.0646191600024 0.00581681326303 0.00383373039564
-0.0265388890562 0.0243358391251 0.0311232703833
-0.00153298671376 0.0160001905615 0.0162402771563
0.0340917800181 0.00155582286612 -0.00361548520692
0.0203664138193 0.00169731808355 -0.00308135884519
0.0222281561167 -0.0124301744062 -0.0178761012135
-0.00582884499662 -0.0215213183226 -0.0200166751898
0.020112050332 -0.00781863977826 -0.0101328418444
-0.0113560800636 -0.029821948673 -0.0240145814306
-0.0518860224186 -0.0155670363572 -0.00188202382777
-0.0631146356665 -0.0236638268851 -0.000795835389151
-0.0359541290352 -0.0184275388326 -0.000318805215794
-0.0297161205594 0.0154281244145 0.0160412046465
0.0037581175066 -0.0149051899501 -0.0230708976185
0.0133136681293 -0.029443851624 -0.0475152976257
-0.0250604582277 -0.0132687381134 0.00804469714695
0.0147458317535 -0.00195580525363 0.0109075708788
0.0385355252627 -0.00911174872933 -0.00405435508372
0.0118153005456 0.00532478775269 0.00401664688346
0.0181741089368 -0.0131117296647 -0.00905904434929
-0.0103666177109 -0.00935664761566 -0.0134655751303
0.0298322072052 -0.00694176416274 -0.0110453851872
0.0379885920959 -0.00701140464146 -0.00467668739576
0.0260386025686 -0.00888812292418 -0.00527581663765
0.00745634464598 0.00378567364617 0.00155872940735
0.00999015114246 0.000726045226787 -0.0135595107484
0.00194347489694 0.00386952004011 0.00770568295439
-0.00922122830896 0.00422133143801 0.0056664166253
0.00033808808517 0.00341536132625 0.0186907623522
-0.0415215406848 -0.00514118678674 0.024701160679
0.00349080515664 0.00108521922245 -0.00719228706787
0.00149682381145 -0.0182104655208 -0.0384597137234
0.0917944742052 0.00329504195541 -0.000572768564637
-0.090541217502 0.0531648880924 0.0375826089288
-0.0864912621003 0.0623265583434 0.0346013800042
-0.0767065510435 0.0799470267085 0.0620094884986
-0.0229659263404 -0.0141671048074 -0.00561100299866
-0.0331732808295 -0.0109477221655 -0.00506707152158
0.0321089008958 0.00184985300891 0.00583962426016
0.0260988776957 9.39559064521e-06 0.00304695812412
0.0335937936384 -0.0369881828043 0.00118765128673
0.0411934292388 -0.0372946171637 0.00766111727453
-0.0740789158024 0.0502480198771 0.0588831689654
0.0721870542141 -0.00317847934245 -0.0128990400446
0.00741508008736 0.0226767227325 0.018476960046
0.0221684619734 0.0217440417669 0.0135331131767
-0.0302129658261 0.00801430678061 0.0143940841295
-0.0186664948391 0.00622419127527 0.00797675752289
-0.00287485472034 -0.00631235088718 -0.00243737492909
0.0111151813139 -0.00633886317691 -0.00316786411586
0.0304755627985 -0.00706378738282 -0.00537308549741
0.0142097446805 0.00579478985447 0.0155641738677
-0.0152166961411 0.059255404631 0.0193840934835
0.0120667850866 0.0358135009697 0.0108615039014
-0.0324209700725 0.0238754364499 0.0270858363933
0.0130677343697 -0.000649140327262 -0.0140149097224
-0.0155021057431 0.0142874134341 0.0213007374918
-0.0556655198472 0.0281900443886 0.0243774342797
-0.0519355949417 0.0580145415399 0.0386870756916
-0.0394568127627 0.0434791910231 0.0255461421994
-0.0635478693648 0.0846171364343 0.0571204804905
0.0705094123578 -0.0106997830616 -0.0167902811437
0.0387485560299 -0.0406564252933 -0.0334013770745
-0.00165242704858 0.03049852325 0.00489887135803
0.0434359994703 -0.0353124482985 -0.00981975583948
0.11105305835 0.0608189892635 0.0463084547452
0.00607389712004 -0.0203799363735 -0.0157940865925
-0.000340658213465 -0.00236013067949 -0.00417566748762
0.0165673573376 -0.0142344318765 -0.028907042659
0.0168175426048 -0.00883417482908 -0.016493015759
-0.0142811916564 0.00147813536484 -0.00125061440838
-0.025666019989 -0.00238501658097 -0.00183096234003
-0.0763893893061 0.0234009704736 0.019192318411
-0.00147187526996 0.00739713532293 -0.00813661945534
0.0154793613069 0.00201017854492 0.00753066628792
-0.00877651449828 0.0369197849007 0.0473415038315
-0.0118941591799 0.0168671154892 0.0303288254401
0.0360154160383 0.00528700629574 0.00116593067268
0.0307861105653 0.0374136070866 0.000886172575764
0.0310867363646 -0.0233533373937 0.00220870312327
0.00581746648039 0.0181006514781 -0.001622192175
-0.0512479314009 0.0831923053716 0.0446902348713
-0.00768023366336 -0.0280325664055 -0.00765635420629
0.088527812207 0.00725003178999 -0.0195342459285
-0.0194388011101 0.0232251711309 0.0291050977351
-0.040743432618 -0.0435096955722 -0.0399273109916
0.0243243493731 -0.0178584393532 0.00150140304386
0.0175503058244 -0.0401309229051 -0.029780039081
-0.0506384169281 0.00693280386114 7.04328399732e-05
-0.0540587836496 -0.02524949629 -0.0234068810294
-0.00538011545572 0.000280431756873 -0.00643589371202
-0.0154674083876 0.00381363201216 -0.00125096464219
-0.0111586758104 -0.0099023976964 -0.00557791745989
0.0143098365495 0.0102173864042 0.00939169410975
-0.0104228615296 0.00615552965775 0.0045047411284
0.0136387696215 -0.00767433949017 -0.00269779583456
-0.0937935890728 0.0226888522635 0.0309031917691
0.0565483982449 -0.0143855095922 -0.0244966115985
