0.0124587843383 -0.0490939738084 0.00536591455741
-0.0222446358245 -0.0223406476194 0.00723972313757
-0.0170902928314 0.0356397532546 0.0554510537186
-0.0334021221559 0.0253901607944 -0.028242419439
0.0295269046286 -0.0814391897305 -0.0205075432489
-0.0264388839495 0.0315877413725 -0.0311782796638
-0.0289551583639 0.0192739663369 0.0565318836798
-0.0281164835032 0.0725088093077 0.023059015556
0.114352920721 0.00949213163868 -0.031767165952
0.00155110771452 -0.0817876391558 0.0241435904523
0.0094552350278 -0.00113413732542 -0.0166937657391
-0.00551781588544 0.00927341548944 0.0550246694476
-0.0504635441968 0.0411232669161 -0.0124449855914
-0.0360620730982 0.082976803675 -0.0610889740475
-0.0225317109585 0.0356934292343 -0.0206214728368
0.0211983440417 -0.016383908049 0.123668131421
-0.0233851667105 0.0244533389324 0.0192378586499
0.0192373576561 -0.0271448639168 0.0904619398065
0.0633330646385 0.0277487052661 -0.0180665397897
-0.0219413626356 0.0159497910134 0.0145522882017
-0.0454954406273 0.0939019913897 -0.0102251755954
-0.0382306847167 0.035576480046 -0.0141438540909
-0.0597590232656 0.0109283863693 -0.0017796698786
-0.0836166193878 -0.0238198812963 0.0161528257007
0.0412053244464 -0.014288918498 0.0290754071397
-0.00562043088235 -0.0492057712636 0.0284239902444
-0.0514294199042 0.0647849867856 -0.00773078764731
0.000888002498903 0.00406922333933 -0.0806001607939
-0.0459399334529 0.0179865322289 -0.0210680104386
-0.0132847898517 0.0106936511376 0.0353516815295
-0.000525632194311 -0.025499788263 0.0506205570623
0.0190093961989 -0.0109060549065 0.114110130043
-0.0311769755853 0.0288147396526 0.00033573018406
-0.0442176548031 0.0519814338295 -0.00797626447244
-0.0566461842551 0.0403425985292 -0.0305973026015
-0.0272449492071 0.0111163584913 -0.00903677856863
-0.0233407934101 -0.024310685133 -0.0584938987503
-0.0261139439273 0.0582768678037 0.0264424337343
-0.0120694584901 -0.00990645826661 0.0235582669648
0.00194111053447 0.0053604740454 0.104736593185
0.0255219345085 0.00288659242241 0.0254580768789
0.00612913892285 -0.0180824463479 0.0461592275522
-0.0272072332622 0.00858737835196 0.00623988171565
-0.0432797183496 0.0410830469194 -0.0404389231657
-0.000306406050285 0.037998244413 -0.0515023773653
-0.0269994348998 0.0006099068417 -0.0424879867762
0.0586053376065 -0.0458443241518 -0.0295505681249
0.017953555065 -0.0503874755475 0.0843745624962
-0.0173063869611 0.0293099056934 0.0382425798316
-0.00625651209682 0.0358004800087 0.0658735257541
-0.0166846433931 0.0192027781761 -0.0618464849779
0.0425558308059 0.029816230951 -0.0670005347354
0.0928625134826 0.0514569508579 -0.0241531068354
-0.00274638105547 0.0311502882117 0.110176962052
-0.017048848833 0.00943610626907 0.0214688221915
0.010401456287 -0.0651004146632 -0.0123060123379
-0.0244860354054 0.0521846820438 0.0351851563871
0.0721104756842 -0.0745977847267 0.0038920226414
0.065567186892 -0.0253813461271 -0.0173413562475
-0.0333570873527 -0.00272769773858 -0.0236474155798
-0.0223479759431 0.0791334640708 0.0318752844887
-0.0346592524424 0.0986417030688 -0.00878462241447
-0.0013504261096 0.0482427852055 0.0888913266264
-0.0335995669216 0.0404520131271 0.00639240175576
-0.0358439246638 0.0552558193303 0.0116961892954
-0.0434582780762 0.07558600306 0.00105311102485
-0.0556928181923 0.0760593030289 -0.0154754148554
-0.0511187705034 0.068589742163 -0.0403309357215
-0.0614778864667 0.0440866648665 -0.0247305245209
-0.0243117510345 -0.00212739133893 -0.0324546701394
-0.0112566975935 -0.00397086586317 -0.0787150945886
-0.0300567201462 -0.0606413530719 -0.0528841631844
-0.0397291585392 -0.0317491164789 -0.0228826369032
-0.0504696042706 -0.0196896647686 -0.00851805704068
-0.0039271322602 -0.00768835903427 0.0490656410222
0.0127127240811 -0.017766176906 0.0860519963586
0.0807526649575 -0.00230840011916 0.0154508573245
0.117856307078 0.0150462248106 0.0178794847965
0.0199988687174 -0.017293731099 0.00167799967728
0.0390207372732 0.0164378083929 0.00548826998555
0.0021128136257 0.00450258034475 0.0584725205182
-0.014403198405 0.0144222421309 0.0025598954985
-0.0307458875187 -0.0207133962243 -0.0647013386755
-0.0354753870571 0.0291571397655 -0.0205890229026
-0.0516677756362 0.048094308181 -0.0271229731348
0.0498490431785 -0.0336659849783 -0.00661884573709
0.0219322899558 -0.0475227173726 -0.0197846473507
0.0785115802048 -0.0750314937304 -0.0188587010744
0.0994536373772 -0.052395221851 -0.00739209991731
0.0047451983976 0.0396438363491 0.0190967212583
-0.0358933720555 0.0519164392112 0.0508577319426
0.102264871859 -0.0498045065671 -0.0567576400249
0.103723213235 -0.00514191671183 -0.0682353527285
0.00927495031647 -0.0352398113778 -0.0203645310022
0.0104562374477 -0.0090637278421 -0.00366687040311
-0.0419754799024 -0.0165644692844 -0.00896646612352
0.00965825785298 -0.0169852118691 -0.0349554242876
-0.0133845989156 0.037740396593 0.041362309713
0.0127314111709 -0.00986805875562 -0.00898204601612
0.0209669003758 -0.0529243009068 0.0827643151696
-0.00535587240336 -0.0519024901341 0.0289065544113
-0.033787494269 -0.0122918418612 0.00735186634119
0.00205399037333 -0.0301203266007 0.0478517366937
0.081246962661 0.0376862326435 -0.0541742334906
0.0397382987578 0.032905057917 -0.0479387349672
0.0209389402934 -0.0100967498373 -0.0107309480836
0.0594636685723 -0.0323227059223 -0.0242018776631
0.00745684544627 0.00426294210268 -0.0128654559463
0.0140602345212 -0.0796478881312 0.0164051054863
0.0613572752744 0.046011284922 -0.011822395757
-0.00538505059489 0.0345258936557 0.000172632028657
-0.0244570803078 0.0442149250611 -0.000733053022291
-0.0067156514295 0.0388190827204 -0.0216781554357
-0.0132382771252 0.00763119689851 -0.00363798173956
-0.0537078824974 -0.0144964026058 0.0143793148201
-0.0201463013069 0.00975485100108 0.0204468955073
-0.0715080262936 -0.00700748047494 0.0217778076897
-0.0661265720399 0.0149802080086 0.0482967448383
0.0259201055293 -0.0032810652761 -0.00986397276327
-0.0799496410081 0.0297489689282 0.0670794359146
-0.0565826013996 -0.0266155852849 -0.00306349198203
0.0872561904368 0.0248829267217 0.009270155749
0.00369450252702 -0.000870960835414 0.0100010552939
0.0719985907739 -0.000872996566365 0.0162780359976
0.0447211058252 -0.0142488964052 0.01978505008
-0.00943773981556 -0.0229322026478 -0.00540665991973
0.0228984894831 -0.0151873168037 -0.0426634780087
0.0148958027144 0.0025337661652 -0.0362832520222
0.0983120619983 0.0251325065614 -0.0372256871555
0.0499609475315 0.0178635414264 -0.0100380757148
-0.032155096991 -0.0222298816249 -0.0192737874295
0.0326262385619 -0.020441867507 -0.0419933646944
0.0919569342541 -0.00322346460579 -0.0333233208467
0.046956164497 0.0243868798537 0.0230733625178
-0.0870571010957 -0.0117746825968 -0.0096886064361
-0.0155247042893 0.00846989702044 0.00180658316452
-0.0182401783863 0.00675491772898 -0.000869461099555
0.0381228284495 0.00374954389779 -0.0330966007029
0.0288350143928 0.010686986799 0.00795243419658
-0.0797943489917 0.0205870041622 0.0307017696245
0.0743972654804 -0.041849760724 -0.0724159100183
-0.0375791471566 0.0115544721606 0.00582335543749
-0.0548539846146 0.0526940981792 0.0343809810313
-0.0267802423273 0.0224464997885 -0.0313493664502
0.0823548063869 0.0459129647001 -0.0311970061311
0.102395636015 0.0380830150418 -0.00638643747598
0.0567531919374 -0.00796907339056 0.0161789319165
-0.00767572712619 -0.00178122363348 0.0117257169854
-0.073374189332 0.0214339083037 -0.00019881202312
-0.0787730501042 0.0547440869766 0.0350246702782
0.0125607323398 0.00209270092491 -0.0148702458307
0.0810569551429 0.00983960739917 -0.0281093506575
-0.0605251284918 -0.00922225113178 0.000822942034111
-0.0634272467194 -0.0110128823038 0.00350912593517
-0.000818689347374 -0.0313169745976 -0.0182573933144
-0.0136295142537 0.0159526261031 -0.0400603225324
-0.012779869898 -0.0114463332248 -0.00451559929461
0.0188516395682 -0.0768645389849 0.00477154115701
0.0389408603473 -0.0913002973278 0.00281609372916
0.0126021363057 -0.0732196143201 0.0246003051081
-0.0246262485092 -0.0466457357159 0.0134618465983
-0.00672609947928 -0.0386035432062 0.0160821561949
-0.0327745705985 -0.0258770205137 -0.00747359711756
0.0570000820438 -0.101632445487 -0.0110855883404
-0.047188752364 -0.0123104258098 -0.0115006905919
-0.0142821928062 -0.0115461412547 0.00608803603528
-0.00671671445993 -0.00119698971167 -0.00336659877379
-0.00660684618121 -0.0193767306657 -0.0103576387718
0.0344913340829 -0.0359975805331 -0.0196808552328
0.0650335323482 -0.0542468589962 -0.0297307425851
0.0537847404471 -0.0327486826253 -0.0190576613759
0.0407049667055 -0.0107071267879 -0.00221916630008
0.00774813887484 0.00501151180046 0.012538452426
0.0276902826362 -0.0023787228636 -0.0173882819232
0.0352597340082 -0.00919323058838 -0.0289445394233
0.0343416730206 -0.0234751526271 -0.0174987107088
0.02577297541 -0.0172896774753 -0.00686508640251
0.0465215738474 -0.0147852304493 -0.014968417835
0.00265886850163 -0.00583676010394 0.00183294215943
0.0449301769506 -0.0421847247877 -0.03148886232
0.0749308527208 -0.0465004570199 -0.0506406107067
0.0620035150357 -0.0181907836111 -0.0156345125874
0.075381510762 -0.015871797299 -0.00767019780501
-0.0155665287122 0.00579981354881 0.00661422282389
-0.0249252914851 -0.00360743447523 0.00845420510802
-0.0437026988948 0.0036032727412 -0.00232381782304
-0.0161282308983 0.0479619240095 0.0616931044922
0.00604962214472 0.0166169434737 -0.0296440698984
-0.0517469603179 -0.0108545180908 -0.0173045520436
-0.0655942576256 0.0833008247866 0.0607127297791
0.00416980896721 -0.0491362382252 0.00379563325122
-0.0731628766475 0.0806827601316 0.0731511412648
-0.010851359854 0.0255502774584 0.0362295283399
0.00384490189515 0.0122297313067 0.00106004045697
0.00137612273087 0.0134190516555 0.0241362611967
0.0295832730615 -4.89254752415e-05 0.00193433732712
-0.0233354972115 0.0137431010879 0.024183881944
-0.0256025343518 0.00518766613178 -0.00202618874188
-0.0237775600615 0.00858748107512 -0.0204616726822
-0.0346892968616 0.0171559215036 0.0127555908026
-0.0393293777211 0.0306270725656 0.0318415751296
-0.023769694517 0.0296983736368 0.0922937139618
0.0115297798877 -0.0122617444886 0.0796630087324
0.0651959007901 -0.0483181414797 -0.0302323821212
-0.015466657782 0.00765008634555 0.0447945275981
-0.0564798530187 -0.0101175693282 0.00112945152967
-0.0318865073437 0.0221887555196 0.0307505320309
-0.0336358314298 0.04077872682 0.0575268448698
0.00456229615137 0.0313104745421 0.0280764447414
-0.0732021618392 0.0303012890565 0.0666580317271
-0.0765003960459 0.0242814520653 0.0531336394305
0.0114050070026 -0.0424991852987 -0.0682287970991
-0.0957451328905 0.0201821213977 0.0609351820616
-0.00793823730538 -0.0102864035121 -0.0374419252716
0.00488431860759 0.0172836910226 0.0197174611518
-0.0272895168953 0.0173542197232 0.0135472665249
0.0399689663858 0.0133234160425 -0.0241216485908
0.0242661637066 -0.0115281806989 -0.0187862018138
0.0700052053064 -0.0268597028006 -0.0857163582264
0.0204457112636 0.0162789294565 0.0143107454231
-0.00830531823819 0.0265013542147 0.0311244505707
-0.0347035431264 -0.00887354438668 0.00167923457292
0.0029687680186 -0.0328333879355 -0.0603098874155
-0.070837609432 -0.00695208691534 0.0312544760684
-0.00361852734796 -0.0567378834907 -0.0215356017255
0.0241188720696 0.0367289639499 0.0275506509331
0.0627692474643 0.000373658509885 0.00426157618135
0.0213767683011 0.0116380251068 -0.00872725783885
-0.0320049124276 0.0335869226678 0.0105404987965
-0.0488210508744 0.0766710490002 0.0522811140733
-0.0912299880807 0.0786838794138 0.0466814247511
-0.0873417071162 0.0456413736608 0.018818106869
-0.0689461193728 0.0224968234259 0.00921467251179
-0.0204724451834 0.0148436531819 0.0115350809001
-0.0583669210713 0.0462765596722 0.0208895711811
-0.05596601231 0.0208750073493 0.00318524923311
-0.0749759862475 0.000613706055489 -0.0133473932168
-0.0293470650235 0.0356054752718 0.0257882419041
0.0220517576442 0.000987896527243 0.0182410841732
0.0366424372641 -0.0413428452488 0.00586193427092
-0.039039866071 0.0530966634839 -0.00704965944112
-0.0326444601338 0.0578308286506 -0.0506532242845
-0.0664040248746 -0.0126157127008 -0.0132562722211
-0.0532794160757 -0.0266953944625 -0.0061063548846
-0.0261737396679 -0.0404565413426 0.0022443101325
0.142280819729 0.00741499761218 -0.0581319523104
0.155984077882 0.015374486856 -0.0582516515559
-0.040948016765 0.0608228931262 0.0696876622218
-0.0212660017589 0.0395065004352 0.0492217897617
-0.0316375922101 -0.00757841904905 -0.00122546415464
-0.0869481653433 0.0861008494408 0.059720866554
-0.0721908801165 0.0768788602993 0.0616811208672
-0.0895990992166 0.0908651971695 0.0737374886505
-0.0642433704102 0.0746338045748 0.0536810801455
-0.031019941704 0.0642274870167 0.041445461868
-0.0398649691123 0.0533692401591 0.0302466261093
-0.0476526132516 0.0469635402831 0.0396061493548
-0.00817545827898 0.0212006904995 0.0222242435519
0.0175170824376 0.0205622540837 0.03006018787
-0.0782952187982 0.0810554717407 0.0752152065262
-0.0766600626919 0.0802725243241 0.0821934427166
-0.0543728440257 0.0695186954905 0.070710334512
-0.0561543596858 0.0631268174966 0.053964565332
-0.0389372227978 0.0377122756012 0.0340492571115
-0.0487798109112 0.0332321909534 0.0225375496454
-0.0257033085058 0.0516805492204 0.0576099311616
0.0894955076819 -0.0477164002523 -0.0679594683155
0.0456132939419 -0.0394381521914 -0.062688662561
-0.0191032256062 0.0226737071757 -0.0465224884632
-0.0498816890631 0.0316417268321 0.0571102145163
-0.0671960673213 0.0147874521569 0.0477882344482
-0.0968580186311 0.0165605860878 0.0598947401869
-0.0738427345197 -0.000824372232396 0.0291834090286
-0.0964997556624 0.00505595236068 0.0410340156362
-0.0676294253212 0.017862779187 0.0498622890775
0.00387838868906 0.0261069785268 0.0492913707672
0.0685094074246 0.0107236649398 0.0490822060326
0.0189580093368 0.0198937931868 0.0283611778171
0.0980309572545 0.0231712823067 0.0562653671547
-0.0307409913604 -0.0218434190167 -0.0201529050148
-0.0383454456987 -0.0236109317617 -0.0330789305061
-0.0661797961695 -0.011620509212 0.00338057087112
-0.0497768165205 -0.0165664567341 -0.0327650178864
-0.0149978631217 -0.0129629611332 -0.0251616753632
-0.090170634882 0.0251827735688 0.0629060638451
-0.00453727514422 -0.0288011289535 -0.0398813304155
-0.0777400366514 0.00267334598875 0.0306179186485
0.00762190425134 -0.0158894078548 -0.0222449731329
-0.0243219117439 0.0100779621653 0.0198028654394
-0.0693699600469 0.0229409167853 0.0431623063688
-0.0660748600826 0.0240657197247 0.0467493720714
-0.0483061204111 0.0195592162089 0.0255922849318
-0.0435359902965 0.0079970109243 0.00874942536406
-0.0412856304073 -0.0208529369842 -0.0211100578169
0.0453157887356 -0.0123043813461 -0.061959163548
0.0202045500214 -0.00584605109683 -0.0243216940884
-0.013888378557 0.00764589621816 -0.0097895825256
0.0196804601586 -0.0151849186677 -0.0489549530785
0.00554034971447 0.00393208770442 -0.0158167255317
-0.00634707182891 0.015205748221 0.0117850866198
0.019285892329 0.00789142723596 0.0107203472207
-0.0720096566006 0.00956304021588 0.04974628532
0.0458541518203 0.0231413125919 0.0370709521438
-0.00490897494952 -0.0086274253857 0.0234273222284
0.0182880347043 -0.0307627537971 -0.030380001226
0.0148081270689 0.010381078508 0.0508969386003
-0.00763973099451 0.000568632860504 0.0200499273969
-0.07098149053 -0.00534024317401 0.0376742599175
0.0111091271124 -0.0530346861571 -0.0871015840217
-0.0645039783524 -0.0141908920269 -0.00826994708055
-0.0663557729217 -0.0147364275554 -0.0172416420216
-0.0794095895017 -0.0162759697912 -0.00140077573965
-0.0305710697374 -0.00712580267086 0.0278383151386
-0.0562683946944 0.0385347716377 0.0648013920278
-0.044918486993 0.036660015011 0.0568788413345
-0.0351359974767 0.0351741613658 0.0505177414978
0.00361682987027 0.00469602842916 0.0102421062541
-0.0820872520937 0.0334292042781 0.0733554382976
-0.0792940862672 0.0219472161209 0.0564373578253
-0.0707239973069 0.0186539723015 0.0553816374181
0.0143638780651 0.0206243326333 0.00331365518858
0.101099569544 0.0248156005556 -0.0311646138184
-0.0836597446561 0.00952693147483 0.0513454903867
-0.0582542828448 0.00636422791183 0.0354875326886
-0.0506995900231 -0.00404319376221 0.0252172930154
-0.0349299624938 0.0176599063358 0.0476150389407
0.012838085497 0.0183364490301 0.0533075814044
0.0635829194371 0.0241959789287 0.0598601334466
0.00863652107689 0.010932945973 0.045326766351
-0.013273944802 0.00823018335691 0.0228481851297
-0.0397504872664 0.0256894338519 0.0503757564971
0.0558024357755 0.0244764861804 0.0342273444148
0.078453943474 0.0157627237346 0.000983343052105
0.0633943752737 -0.00650192930733 -0.0473687862018
0.0657959507154 -0.00312249116996 -0.00464993004759
-0.00980133714003 0.0278197828455 0.0428118079599
0.0266616561906 0.0272053076364 0.0432627539892
0.0653003705037 0.0257738995076 0.0516879972529
0.0783916340621 0.0191334429744 0.0445863399062
0.0427043164608 0.0097578202953 0.0302287488926
0.0157707686612 0.0240645742961 0.0324320300342
0.0314327768576 0.0153920400582 0.0244527107413
0.0240869832421 0.00333430292438 0.0195655980721
0.0175942539248 -0.00641827305393 0.0032947893096
0.000707486343117 -0.0197918745945 1.41376588179e-05
-0.0572905765021 -0.00824201215891 0.0393430428642
-0.129997241241 0.0522250835423 0.0496767927181
0.0174122803785 -0.0280684408931 -0.0373640397357
-0.0167326707953 -0.0357547950184 -0.0247129245248
0.0297923216914 -0.0561932483256 -0.0846560174414
-0.0337317811752 0.0219950258954 -0.000429857027921
-0.0383659877793 0.00663766006525 0.0168918261201
0.0160406418931 0.000534243934119 0.0310699727741
-0.0234329259028 0.00360688995791 0.0458832623933
-0.0338752740016 0.0176091874758 0.0417142245108
-0.0828616151222 0.0403009948429 0.00877158001361
0.0221029223205 0.0093058861424 0.0486894229726
-0.0391205647874 0.0279629943147 0.0478983440902
-0.0381926275427 0.0234048015208 0.0326044952155
0.0310192138936 0.0213810424849 0.00593307623077
0.00686993885637 0.012927124629 -0.0123785543441
0.00474464792026 0.00522081618726 -0.0157797269278
0.0449278624798 0.00892672671762 -0.0180611294826
0.0442706224594 0.00455414349632 -0.0442238262238
0.00436817794734 0.0179756015658 0.00620909380406
-0.00552246089684 0.0128032174419 0.00173926101207
0.0101589862333 0.00859759321801 -0.0143461504905
0.0206432810218 0.00710963832618 -0.0259626946357
0.0011833930758 0.00436788931496 -0.0127441997775
0.0544132020251 0.00348443560899 -0.0272358262827
-0.0345895822936 -0.00080825704556 -0.0047089624447
-0.0363575006835 -0.00339465559845 -0.0070408924175
-0.0698548364752 -0.00509394269406 -0.00171281807886
0.00494400509638 0.00589998771679 -0.0094500485647
0.0420235891886 0.0100022831308 -0.00602343584818
0.0871944555699 0.0162887460394 -0.00691148361877
0.133739916409 0.00672415660225 -0.0389482692466
0.0274672908703 0.0210238024867 0.0133571458536
-0.0485012132895 0.0240433910606 0.0263961940095
0.0939619868097 0.0109427967551 -0.0148278719351
-0.0975014635909 0.00808791777682 0.0150884713257
-0.0269551433844 0.00159177262906 0.00578849297872
0.0490166370152 0.00488820265319 -0.0178282534187
0.0324835992507 0.00322741599848 -0.0177006485799
0.116643595443 0.0079553773454 -0.0407365552844
-0.0670262118136 -0.0021181150025 0.032615583574
-0.041023758298 -0.00200271349703 0.00678249256108
0.0456223429619 0.0174281397909 -0.0367522248264
0.169721801116 0.00940203661744 -0.0618726561532
-0.0421395080372 -0.00430642343105 0.0412727604393
0.0223512973037 0.0163036304883 -0.0125793088156
-0.0810953415857 0.00180142883782 0.00221342607345
0.0365509137594 -0.000797846229977 0.0283575752395
0.0217003641939 -0.0155935438193 -0.00188702828526
0.0511385359338 -0.0217160299307 -0.0402007746439
0.0515742501273 -0.038297796874 -0.0716933892327
-0.0174864380527 -0.0103257193245 0.00393997569021
-0.0155979512496 -0.0183064828542 -0.0133083744933
0.0139645854018 -0.0427853901514 -0.0510920514404
-0.0414740817927 0.0214222328013 0.0038423439758
-0.0386855864438 0.0760556222781 -0.0368412093394
-0.0170561794801 0.083227455201 0.00733048189666
-0.0143548081362 -0.0281255442923 -0.0247082365293
-0.024705118693 0.00530946319087 -0.00266841851623
-0.0366337926348 0.041548793731 0.0120345005756
-0.100463032143 0.0576136729344 0.0613857249181
-0.0303822755226 0.0487030550411 0.027314732277
-0.0273137525049 0.0717354742069 -0.0137327687958
-0.085617037045 0.108275708082 0.00547523695861
-0.0723106432438 0.0330195112899 0.0516204519566
-0.0573115824408 -0.00540819169219 0.0252585785174
-0.0290916680829 0.0493233232886 -0.0203883803803
-0.0454548020408 0.0484312206395 -0.0203730793984
-0.0753712475655 0.0665940099873 -0.0224117881396
-0.122644848029 0.059854516886 0.0181304186944
-0.116173261561 0.0276805238321 0.0505202574266
-0.100950364179 0.0140574690287 0.0548803296752
-0.0761083947145 0.093326514354 -0.0255118218791
-0.0945064189375 0.0211550889823 0.0569789710686
-0.112368611901 0.0344048751035 0.0608978277908
-0.0277054807667 0.104602219706 -0.0358483991856
-0.0250185255958 0.122698925854 -0.00087559642793
0.0669448669243 0.0189655518341 -0.0152270692331
-0.0901015335557 0.0292782060327 0.0714892580777
-0.00932928083574 -0.0349973084413 -0.0605893109998
0.0218621590884 -0.0340549556029 -0.0775127643107
0.0118628233977 -0.0580133792326 -0.089692860655
0.0269528852646 -0.0604112945146 -0.0966734058621
0.0547388941423 -0.0367128890659 -0.0928355942753
0.0554392446356 -0.0449951355428 -0.094921479449
0.0215896066258 -0.0346103389197 -0.0701532014025
0.0188121501746 -0.0200621444647 -0.0453937162046
0.0108431646268 -0.0537115143187 -0.0707643178705
0.000656665818479 -0.0524298356253 -0.0571381273798
0.104507276923 0.0142068643471 -0.0637300013378
-0.07122760099 -9.18283264596e-06 0.0345941187352
-0.068072473872 -0.0045626871781 0.0160912468774
0.0672143079193 -0.0177878361896 -0.0804597087556
0.064255168127 -0.00625853520118 -0.0642162519714
0.0444537987449 -0.0016132492786 -0.0540666875225
0.0441581441701 -0.00155667802367 -0.0460335237521
0.0272912767872 0.00380295840552 -0.02363054914
0.0474997492957 0.00775966596416 -0.0180667107182
-0.0136829504473 -0.000514161163077 0.00463461011462
0.0370101848194 0.00662337438025 -0.0215810994541
0.0409352393303 0.00453468948528 -0.0259890601375
-0.0877851458395 0.0984995883819 0.0452610577937
-0.119380630825 0.0779517901945 0.0464757574827
-0.0196643572194 -0.0256674589535 -0.00167082908752
0.0249377309641 -0.0181605513 -0.00471271482107
0.0471043718736 -0.0289029558081 -0.0199593013281
0.0502579272998 -0.0219284648613 -0.0118834487917
0.0834950599793 -0.0417238773043 -0.0487519868994
0.114107971473 -0.0596705852536 -0.0801221971413
0.058963140313 -0.0398962201711 -0.0308819941371
0.0513566743903 -0.0326535062544 -0.0304051255424
0.0444999419731 -0.0175335214094 -0.0169478451803
0.0759853464008 -0.0349682789781 -0.0363966288642
0.0914372880285 -0.0362307684514 -0.0355134453401
0.104889533378 -0.0439462498911 -0.0488103397617
0.0868556171231 -0.0362111010361 -0.0513459861612
0.0713516840459 -0.0163225121042 -0.0100170023467
0.0818012972266 -0.0417350236738 -0.0436419579758
0.0417132364185 0.000774199111259 0.011032721771
0.0232545487934 0.0216065606667 0.0399751553274
-0.0232596440442 0.0495390300336 0.0673078490932
-0.0354501289667 0.0495434028957 0.0657843804082
-0.0528636489272 0.0384424216588 0.0555153715841
-0.00390362925457 0.0423840220137 0.05373045592
0.0169283152551 0.0335353646328 0.0394112611878
0.0166447314244 0.0298521037656 0.0406126065215
0.0001262910751 0.0346933861157 0.0301738395515
0.0431121070963 -0.0210795287747 -0.0164556853183
0.00117521735017 0.00733973446182 0.0198873165961
-0.01882440149 0.0103472495956 0.0266252582632
0.0129396485779 0.0118059319009 0.017243041223
0.0382937738322 -0.00308354801647 -0.00671898538793
0.0582381731218 -0.021762708585 -0.0255787701866
0.0499985958768 -0.0207349831316 -0.0300630749455
0.107917215383 -0.0600692700603 -0.0919986940608
0.0737838400866 -0.0476687348124 -0.074963271288
0.0371803052685 -0.0356145955191 -0.0686123747904
0.00826408417187 -0.0239630746022 -0.035367651473
0.00531455657195 -0.0220776085559 -0.0184356754924
-0.00902042437569 -0.0175825652757 -0.0161706869802
-0.0434367630476 -0.0161378704327 -0.0273893345527
-0.00295354471348 -0.013960003267 0.00276601171323
-0.0366635604934 -0.00549799940534 0.0168604909529
-0.0620049731851 -0.0132560178881 0.0106302436854
0.000916335558886 -0.0146505054329 0.0107403911863
-0.0172932537535 -0.0102955988039 0.00195389093989
-0.0311236523729 0.00268781373562 -0.0109007328633
0.0233149632183 -0.0117763485724 0.0127842853283
0.0430893532677 -0.0169986931544 0.0028662588526
0.0606514489934 -0.0141006757851 0.0267402437551
0.0957108072273 -0.0034663386744 0.0286820726863
0.0525675589647 -0.0245341145753 -0.0139690121529
0.0255353626789 -0.00590672807795 -0.0152409477211
0.0541428653638 -0.0190202971004 0.0098750009174
0.0364469249786 -0.0248992456704 -0.00617050250082
0.0505217717707 -0.00209298762499 0.000356851069011
0.0784815404009 0.0240723105367 -0.00546440884359
0.0269725910311 0.0228565256789 -0.0192184718951
0.0149680591214 0.0304905964899 -0.0311074786408
0.0899791493882 -0.00504698911911 0.0288645505982
0.0661264371899 -0.0483587507204 -0.0173716288428
-0.0720333643831 -0.00410669638196 0.0306683345714
-0.0394636681545 0.0082949043165 0.0214395311375
-0.0498476423581 -0.00715806976389 0.0165883080528
-0.0173379278027 0.02186332637 0.0276033096643
0.00291251075551 0.0214659481905 0.0189655522574
-0.00683296956793 0.012048376158 0.0154981341414
-0.025478273356 -0.00133772600089 0.0141694490273
-0.0206428105591 0.0051450949334 0.0147248413443
-0.035673742167 0.081970015174 -0.0317195896027
-0.0851392661202 -0.0300431520985 0.00795532519383
-0.0789614814868 -0.0309104537214 -0.0136061565995
-0.0872424476742 -0.0406937524236 0.00520187383806
-0.0581365289035 -0.0246795462887 0.0171992982056
-0.0492218386956 -0.0110039260724 -0.0151092400826
-0.0163053668497 -0.00677102335722 0.0137129541848
0.00881712111636 0.00182078890584 -0.014948835493
-0.0287684245569 -0.0607620012299 -0.0202747074177
-0.0743629830467 -0.0111550983123 0.0266447637303
-0.0444031705051 -0.0168787663909 0.00249151317373
-0.02597081216 -0.0226481597387 -0.0202588169277
0.0251441348661 -0.0110398384592 -0.0342599167799
0.0137903007182 0.00188730084448 -0.0100725368067
0.0132308935869 -0.00816232956198 0.0670869770979
0.0152445045003 -0.00734302034209 0.0410616976646
-0.00634486980806 -0.00393294810364 0.0253528228844
-0.0159482981856 -0.0144922514954 0.0240427243679
-0.0422833920118 0.0256139982081 -0.00517271485347
-0.0384161430951 0.0554617612281 -0.0189269878403
-0.0174859998747 0.0211260991631 -0.00137793076196
3.43879251194e-05 0.0129682519231 -0.0132756025055
0.0130218349794 0.0150848492217 -0.0295683045892
-0.00444762773205 0.0378070067689 -0.0304326045546
0.0166857542236 0.000265044576967 0.0484727298798
0.00100674206177 0.00261722984831 0.0819531536493
-0.0166445140199 0.0115417088317 0.0689984766971
-0.0197922464355 0.0183275038429 0.090928009585
-0.0234572890888 -0.0335391613291 -0.020187750992
-0.0396270716194 -0.0316766767501 0.00262633457107
-0.0237281754605 0.0520444477402 0.0577441623662
0.0525320150672 0.0192408177385 0.052988441235
0.0846644485701 0.0115704139824 0.0310275871317
0.0351334323313 -0.0179706792697 -0.044755965536
0.0291609969279 -0.00800056981438 -0.0419640641235
-0.00211407497219 -0.0114936329275 -0.0348581255836
-0.0254418248119 0.0170228984226 -0.0056618675461
-0.027847312847 0.0063723224329 0.00185944264458
-0.005281766844 -0.0103341376747 -0.00827356729918
-0.0185729446937 -0.0158213988077 -0.0113383847913
0.0169786945601 -0.0294190009825 -0.0190409632336
0.0412754326325 -0.0479256184703 -0.0309013117754
0.062248590373 -0.0549668099323 -0.0370120968302
-0.00899164098543 -0.00727033641851 -0.0187045663751
-0.000986337345442 -0.0299927187581 0.00268057392653
0.0076613226052 -0.0242243023392 -0.0172358070925
-0.0586058843453 0.0358280302049 0.0457674809742
0.0672591970734 0.00312645690869 -0.0556426719169
-0.0779362718359 -0.0248502312491 0.0181207804907
-0.0652287983201 -0.0206547129859 0.0176716132437
-0.0408459578967 -0.00632862836663 0.00908008618086
-0.0195818121343 0.0094016385779 -0.00193707207186
-0.0145400133657 0.0277084279205 -0.00706568083039
-0.01305683535 0.0487434170474 -0.0144979927049
-0.00357583809416 0.0218847559253 -0.0143258242997
-0.00138850313259 0.0135790451796 -0.0120999611372
-0.0266298515695 0.0253488987784 0.00540051810428
-0.0207728833988 0.0207106855922 0.0137774886668
-0.0388525751585 0.00015674513456 0.0168563763189
0.0059694680036 0.0146706178201 0.0102732018899
-0.0309488086428 -0.0051350368054 0.00562654501698
-0.0199161601505 0.0386118674315 0.00585732305251
-0.0409110157378 0.0467993555332 -0.00296418306261
-0.0317092684036 0.0420808945604 -0.00640080727348
-0.0893784103841 0.0252484681178 0.0369379192432
-0.0561515368778 0.0227300637795 0.0238729664834
-0.0157541686721 0.0137571845633 0.0308440093986
-0.0482576262859 0.0346007035904 -0.0055480786421
-0.0579245633527 -0.00470986267162 -0.00946017239573
-0.0511396980251 -0.0168915626164 -0.0169627796496
-0.0546861739591 0.0209421311284 -0.00938617006829
-0.0523523973046 0.0120729251023 -0.0208357137638
-0.0425663235906 -0.00657275739754 -0.0380562590584
-0.0428168277197 -0.0148203512659 -0.00703965876956
-0.0163062937643 -0.0330044353171 0.015955245929
-0.0194433445051 -0.0383348668428 -0.0227091001541
-0.0480728708402 0.00378355941803 -0.0264170985288
-0.000404972561437 -0.0508326497268 -0.0222702001156
0.116562550096 -0.0613266446188 -0.0917660118103
0.0315696496329 0.0264861967671 -0.00211474412678
0.0143412184895 0.0348446667385 -0.0198894517722
-0.0196708797139 0.0509772161061 -0.0250359989821
-0.0294543041715 0.0463315560608 0.0571124694233
-0.0800272590821 0.0157913723368 -0.000924277081569
-0.068329509606 0.00223881880108 -0.00862703003232
0.00246998978869 0.0230660105701 0.0279294328327
-0.0043244861937 0.00867211718242 0.0041588509064
-0.0284189438448 -0.00444948986428 -0.00830719461203
0.0254886116551 -0.00475645382484 -0.0197154967394
0.0695107219318 -0.0118580038018 -0.0453932612063
0.11182971839 -0.010364463652 -0.0676418263056
0.0602302555078 0.0007911210937 -0.0139527301925
0.127644760317 -0.00179419153344 -0.0571818960908
0.154023738494 0.00412906937243 -0.0806447242074
0.116886514525 0.0140527792725 -0.0531499046212
0.141443629052 0.0171394331802 -0.0552177167376
-0.08841075742 0.0152554254572 0.053813706902
8.91279705341e-06 0.0161515391552 0.121770965529
0.0128372567683 -0.00072985997353 0.117936429347
-0.00507620906711 0.0382312469789 0.0366597138142
0.0244559857505 0.0241176263717 -0.0669358315813
0.11467010726 0.0169133949748 -0.0378768030391
0.0634111869475 0.00252852347251 0.0242783998247
-0.00803264004829 -0.0297130058724 -0.047984736601
0.0384102944658 0.0102808935233 0.0233479285189
0.102452426401 0.0435852667342 -0.00370991293931
0.0267195121363 -0.0206015798116 -0.042193522861
0.0483398782423 -0.0200651543483 -0.028808698499
0.0791123566038 0.0083587305355 0.00189575389951
0.0900352550043 0.0188034874054 0.0298175762927
0.0660908521002 0.00523126093307 -0.0230420483125
0.0550290619627 0.00562970365186 -0.0362633689134
0.0634969310417 -0.00727375319971 -0.0297330539357
0.0647208196438 -0.0234327723707 -0.0666344224936
0.052321153476 0.0181426723559 -0.00621847223937
-0.0217787393563 0.000990913872715 0.0361901972105
0.0348821467881 0.0166425211058 -0.00358027910213
0.0695903698645 -0.0499680705981 -0.0282118758111
0.059607754568 -0.0477269121261 -0.0251170369237
-0.0781837040534 -0.0334106673796 -0.0136411523155
0.0906879260041 -0.0931914580217 -0.0098301641349
0.0670423494061 -0.098849515922 -0.016800481563
-0.00847895392128 -0.0221241317187 -0.0487864268486
-0.0494167030383 -0.0133954720591 -0.0236568715759
-0.0376935197779 0.0480823816121 -0.0431043067836
-0.0433374734766 0.0839147487122 -0.0611415005248
0.00833262150184 0.00784772354453 -0.0302904917199
0.040066761653 -0.00687060060788 -0.0424756137175
-0.0652668352775 0.0154637495756 0.0354222321904
-0.0538775577414 0.000206742680081 0.0111110765769
-0.035159952975 0.00246329408188 -0.00361020549772
-0.058754755777 0.00960063608871 0.00798369531312
-0.0162533894098 0.0234105909126 0.0397212529824
-0.0421244112169 0.0201603640226 0.032006244979
-0.0416606221599 0.00587422845793 0.00706615136172
0.0436184287422 -0.044370219953 -0.0795449474693
-0.00731317399887 -0.0284337362296 -0.015008550529
-0.0277357787035 -0.0238941811993 -0.0130726742405
0.0448941843221 0.0423987148445 -0.0445680407231
0.0295915715131 0.00426850294456 -0.0374588985623
0.0450799292732 0.0194417580196 0.021005564457
-0.0304075315105 -0.0176984375452 0.00618820342165
-0.0282805184677 -0.016397245784 0.0102643153571
0.0133637003553 -0.000936198819127 0.00928592461737
-0.0617507101485 -0.035315332299 0.0040821272701
0.058673975483 0.0111055213487 -0.0191660303635
-0.0362384115659 -0.0473470950492 -0.0474147966337
-0.0179197961539 0.00337655176924 -0.00312255115554
0.00629361816824 -0.0212963234825 -0.0281650422966
-0.00811974889801 0.00895265122214 0.00950537442143
0.0330676507692 -0.00143850337286 0.00840376438658
0.0520815543577 0.00902527465918 0.0115025969324
-0.0899951880389 -0.0123526583648 0.000248321533826
-0.0953077315748 -0.00517544308885 0.00168261888541
0.0823966279126 -0.0273111374066 -0.0105902002082
0.0920630291427 -0.0591420587792 -0.0155040242666
0.0264942781765 -0.00147561604254 0.0150710125651
0.0111869086334 0.00632381856456 0.0347657135272
0.0459373555571 0.0100133303583 0.0450946860655
0.049095076188 0.0253358688767 -0.0171637695778
-0.00845930519298 -0.0311741025834 -0.0485776974895
-0.060928204465 0.00734893094317 0.00497879527663
-0.0249672779228 -0.0237032819068 -0.0018032324046
-0.019965451875 -0.0640271755176 -0.027794458966
0.106186575277 0.0121344152364 0.0139828254741
0.0148962315212 -0.00270218942813 0.00602798598066
0.0234629760249 -0.0817085622192 -0.0144388314795
-0.0208729283518 -0.041115008029 0.0202849252759
-0.0266366265711 0.0257713313916 0.0320397433074
0.00670212638788 -0.0380733780062 -0.0461499481666
-0.0251622133026 -0.0378684528916 -0.0821288397176
0.00590354670843 0.0289337934035 0.0283859945002
0.0505024780128 -0.0741365425804 -0.0214270710392
0.028110415637 -0.0286915829596 -0.0596663015616
-0.035149385019 0.00963795895809 0.0042239397225
0.0467342125774 0.00510585883409 -0.0446976630347
0.0863497293637 -0.0511698583975 0.0029935942703
0.0891340175351 0.0446489595236 -0.02603859692
0.0062178219719 0.0136721978843 0.0535378613404
-0.0121460071652 0.0149251058553 -0.0513565831178
-0.0405466607015 -0.019532178843 -0.015181093962
-0.0304719852524 -0.0227875250003 -0.0156344426511
