0.02704381088536545
0.02796274241168064
0.02667260132916243
0.1006900165137925
0.09497071821624212
0.1159978451100166
0.01727837490567655
0.03481219204274995
0.08672981863004572
0.07071821946057986
0.1175640875799768
0.06745398113569004
0.12855593024573
0.05902352003064424
0.1694075031596639
0.0338572185999681
0.07965307438957234
0.04586445554843328
0.1255647107757362
0.07863711722748851
0.07487915800229422
0.090432203166786
0.03474102295778528
0.06847309639088831
0.06771356997128376
0.07804960443944803
0.08586238230361951
0.1237680166250738
0.1019913127244359
0.07331007335204924
0.06897149811512977
0.03942729470360867
0.08447354575169104
0.08320209330743925
0.09589821692627813
0.08834307073010424
0.09600964248108616
0.06907448811036405
0.07402268211629028
0.03235636949896198
0.1176950767996878
0.09856536955954094
0.1000922301915752
0.09821469879986591
0.1191929038726161
0.09229919667875627
0.1217161483956837
0.05120336847650862
0.07462376254301852
0.06193118273494083
0.1120957428039159
0.1230705229241374
0.1294806742136981
0.0250215156425616
0.1149659971712746
0.08079813408522095
0.02681420240641487
0.05793704080863664
0.06123059460656385
0.1076226684549974
0.05858276139729895
0.0593601675555601
0.03491613933615422
0.08240065567814654
0.07951002877355333
0.07582970694427202
0.08565100202809979
0.08495255639236642
0.09375807188296273
0.08549756639874276
0.1150765171534233
0.1039439879976973
0.1104340936207994
0.03023319988844093
0.0678469424412408
0.0496985920869568
0.1128645636290453
0.1085755438132735
0.06659220452949481
0.07354769481212162
0.05313574643275425
0.04050892032318969
0.1172187592858337
0.01667724093710999
0.09238144487890093
0.08997055454043096
0.1023124326929378
0.0777499519180095
0.06079449638905391
0.03420764653350073
0.002162127371398155
0.07339985724812997
0.04641866507370759
0.0779576135593887
0.06247742377576603
0.02821487646562982
0.003827424617565746
0.02931949866926833
0.03945350990466661
0.0505554025937713
0.083975412470202
0.1180342817970294
0.08284124052866987
0.1253542762619093
0.1152431962411959
0.0960537670020231
0.1620943728651231
0.1522746534926976
0.03587374200817189
0.1090775588911804
0.09001724033707523
0.1164121342199298
0.1496085731603949
0.1257523924083587
0.08415957289779509
0.1006921992193405
0.2522541351773929
0.1421317969020623
0.1389552985587359
0.2218950323257985
0.05719700259376298
0.09743160203300739
0.07715948155822837
0.0845373330030507
0.0680276522255448
0.03965948378538542
0.03925049017125493
0.08115494853231142
0.1295618343683063
0.1975090725376919
0.02378664023885123
0.02588424485015547
0.0325773034270451
0.04051823994760136
0.1065617837568273
0.08783390538088651
0.227086453458972
0.2754272961981409
0.01901949447484256
0.05394998296643713
0.08124856886133973
0.02084755292642454
0.03001417796487901
0.1138772197284146
0.1338828721624954
0.1346021784062426
0.04411218123548914
0.03689783044952442
0.02372328106298044
0.006387517832946762
0.1582133737596243
0.1852170696286127
0.1590229976849114
0.1651495378949654
0.06241214602667586
0.03887627519247879
0.01214789904623109
0.05252822739004077
0.06053122983555424
0.02311661889475766
0.02377754867851434
0.01699222145404398
0.04702258297747135
0.08201788607418911
0.04288769473354159
0.01514129766890264
0.04882169023009428
0.06378044208995605
0.09987133142979025
0.1189171837539236
0.1332915164939368
0.1521097110195617
0.1579850718615258
0.1744966839116262
0.1704230475083711
0.1473587821027162
0.1153852779744036
0.1141926602897631
0.1338676310317081
0.0836318798209921
0.08194856264131181
0.02819414729135799
0.02948267643847322
0.1297014269640279
0.1076866140950899
0.03188563586312711
0.01145810354561352
0.1657391296319929
0.01663649813692365
0.01751297561010351
0.04547893532121618
0.02176594441687934
0.2901787531603099
0.07606426081288703
0.0583522319787001
0.1107999777674996
0.02491784020677373
0.01117845067212695
0.01614474795896435
0.01455413239914404
0.009091702363774143
0.008422664919298795
0.05630977894815809
0.1457778898616545
0.1822052976154782
0.09981049912995628
0.1148327726553097
0.1623709251853095
0.1291306818512609
0.2099112562654008
0.2806757145688626
0.3742207283033251
0.2484231812793299
0.3448794252161655
0.1153421956936352
0.340797452289395
0.3094001096353632
0.3905618611666868
0.3275787526470862
0.1284869560452326
0.1557768737118641
0.1682051275714209
0.124857879471909
0.1884562533595351
0.0939888997634595
0.03379657479005591
0.04428818561780714
0.0460724798059843
0.03558058954559288
0.02089333067315077
0.01385773550637275
0.01357321660992237
0.01371599449756868
0.008620922580412905
0.02316087616466114
0.02740207839179876
0.02576623850848542
0.02946743177990127
0.04028319791889397
0.05220503481641838
0.01672537074967752
0.03475434629653079
0.03217315598832955
0.03132300818987095
0.03351212112853796
0.07999462034028244
0.1226916827068532
0.03064384305981971
0.04034661667225917
0.03460840424551999
0.01115750857177814
0.006750286892826324
0.01677730935556085
0.02562753344807772
0.02656224550322861
0.03029340205260779
0.001962664032149663
0.002824301499249052
0.005561578080368326
0.009152106750880405
0.01584040063138367
0.02774233797505059
0.02983450463518305
0.02942171523990559
0.031971973738406
0.005371659285436312
0.1079283173515417
0.1297647123031222
0.06571651398723016
0.1803522812189579
0.1874798558314006
0.2262159003260942
0.1870312717875662
0.2156597507218415
0.2115821980936403
0.238375599904622
0.2946802331641662
0.2446004928125909
0.2471444895805353
0.1521858565041306
0.1454116050280993
0.1513536740330189
0.1159185897129009
0.08650199585349196
0.269172636733383
0.1506292635902795
0.1849682375264064
0.1508954703890464
0.1676720919560471
0.3033210206273246
0.2751583677442082
0.3231025800345808
0.3140633373041872
0.2903743989558847
0.2925956437747815
0.2410460402800124
0.3518430004724579
0.3828831737862585
0.3694358718014344
0.3416052425853482
0.3487618890442908
0.2863619821772799
0.2910837895648852
0.3588218339723265
0.3444342940325044
0.3050126108839885
0.2958982633113114
0.3078247688570015
0.2974580482972454
0.1558868581328303
0.1303617401668881
0.1315485420758591
0.1657187052808213
0.2027565001169274
0.1773340714089464
0.1406808174737505
0.04971934113885653
0.2293472007554304
0.2509739034264524
0.1792986989992086
0.1669190413509544
0.1628721444568475
0.2180950649491664
0.1878156485516783
0.1775075555776129
0.2093075010019301
0.2101976345035155
0.2316812854565104
0.2061520172347818
0.2107866157680081
0.2372225861311527
0.2580081845247489
0.2884067851455304
0.344207500752394
0.3164778284181068
0.2656212981284574
0.2656441094626762
0.2599200329385263
0.2893496249865959
0.3273342572030103
0.2948813073926107
0.3223333960504629
0.3473632236690046
0.3731524776126925
0.3835024508110256
0.3318066343146076
0.1765759856102227
0.3945921862510639
0.3499399058268441
0.3159671892649042
0.2225935536738829
0.2321782687803208
0.3405883395117581
0.3162956751442431
0.2666520339820287
0.1974998651203895
0.2906948220296593
0.2638474985853957
0.3094311165062088
0.2816441865450713
0.2763207697396515
0.2597535488713297
0.2390684864660572
0.2953128682903699
0.267861440513708
0.2479574782589576
0.2456922206117285
0.2757778625224605
0.2269734264141752
0.2032188716027288
0.2036578524552554
0.1569223751227352
0.1059420591796633
0.1117914056374777
0.09539314286328267
0.0526431575162162
0.04958312469961271
0.05878418605190681
0.055176157963285
0.02097982307448137
0.06971688468820604
0.1824437200865378
0.1381725971640845
0.1879719728769238
0.1301361129870117
0.1585761620562575
0.13017139818778
0.1112650412819835
0.08276446619050323
0.330599236106786
0.288727275650932
0.07778274564866348
0.3024809492438491
0.3439835703208575
0.3572420185849399
0.3468019294401767
0.3093947307219063
0.2953876881699846
0.3229339761474743
0.2385539145174131
0.1143309776455974
0.1003579146660051
0.276353553516115
0.2356261277221118
0.1813517779512117
0.1659518411111336
0.1568552770569529
0.1242383217712466
0.06217507834048437
0.2016658112082875
0.2839103666201157
0.1676132624249869
0.1735638997574958
0.1347665518574294
0.1544182123885487
0.2328367603804595
0.2658343323528
0.08291692975657922
0.2414160222417023
0.2169556282958126
0.06112641863535738
0.03398586116868155
0.2043742184100761
0.2453852436863321
0.3120524026765102
0.3582479276975351
0.3354348046486463
0.2914629355724366
0.2936557387976745
0.3166238635379536
0.2665760749052488
0.2469649341940133
0.3460985865466317
0.3054630608847227
0.08380026308678801
0.111199399474831
0.1704246635787215
0.3013834312061197
0.3249666733431382
0.3218987675424937
0.2859474992153193
0.2729025932876005
0.2235286950873171
0.2145573301899187
0.2592371740617821
0.2460393170844717
0.08616101938327124
0.1249266710066553
0.3701328819364947
0.1237186911536269
0.1028303911886729
0.09141290499775591
0.09967839579501704
0.08606356193888924
0.0964697725946382
0.06548686949270099
0.03795489262186347
0.05476943594553114
0.04776138300817823
0.05276818573058584
0.05316284815989661
0.02360825150128864
0.07676504302247267
0.03265744694232062
0.01898522182303895
0.02251003765731108
0.03216940449888149
0.037619608625616
0.03530372341476593
0.03864536077380369
0.03239200818776435
0.04112097837327979
0.1103321620277731
0.1141523261980598
0.1178508012975586
0.1172811150701289
0.1229484073040735
0.1125569619948435
0.1242249455196269
0.09012414026076886
0.1067548881690763
0.1010150476058275
0.02441956426525901
0.04262798188634565
0.05738520886235025
0.06041012198613981
0.07017704365885566
0.161663998077792
0.1544352904157443
0.05880709631813583
0.04971455475867447
0.04609069216090811
0.07085505290357016
0.08444527346138966
0.08716784028194345
0.09771922634054647
0.07658077007456636
0.06000202399788589
0.09871252540650345
0.1054518750317872
0.1171194611903975
0.1308943432026533
0.1271605103375147
0.1202873829714204
0.08458251106979478
0.08195995252909005
0.08802740401092655
0.09608099668238562
0.08544988286786842
0.1102952352683273
0.1147720617028366
0.1080102690937625
0.09898515030490593
0.1087570874454986
0.0449319254802116
0.07436020709673216
0.06610495821108577
0.05321115072405611
0.05636492830305816
0.08399229081220402
0.0569845906877782
0.2041807905613019
0.1014826374099425
0.2180082013386336
0.2311769019129817
0.25046036527435
0.3915011102969416
0.3726529892395084
0.0809277593675887
0.1205040601739577
0.1384118541856708
0.1185494093266557
0.153054212421381
0.151789398537487
0.1646919646527794
0.1715304838182464
0.1773098847880143
0.1708602955170845
0.09286489725972004
0.03953943487384379
0.0236092054381823
0.01236710823566974
0.3019220072626148
0.03031339915927202
0.03110731186264931
0.2189607282353889
0.2889687184346052
0.04293725341714797
0.06588977119302392
0.05778915946347906
0.04379611727876934
0.02575995527965732
0.04516405581482943
0.05226675917878017
0.06821277812597215
0.09397285817917882
0.1110697756041192
0.020634195479466
0.01720076673095181
0.02579839821026043
0.04440097756441196
0.0715911914794822
0.0665826389829992
0.07001411094644262
0.09370783217324782
0.1160253205025812
0.1251380486820221
0.1387748830466539
0.1393268130075315
0.1449385174595716
0.1049354575161913
0.08318887024810818
0.07598415896189753
0.06576749974555958
0.1027458397110009
0.09813500713504729
0.1186521824258424
0.1107661316318344
0.2396195734667499
0.2457506830438528
0.2685984367058843
0.2075679944422216
0.03381192715344159
0.02124935441784578
0.1353849210840313
0.1259336147026142
0.1160801157220304
0.1174526086125529
0.09533307825916247
0.1002084033957793
0.09692120486997435
0.09991502498387574
0.07212167355252905
0.07854673058107287
0.09986736782843803
0.1591918153854185
0.01578920692958291
0.02004580589134245
0.03039239557213606
0.02516848683914064
0.01613754803397083
0.01498697013276724
0.007420247312524024
0.005665231257356592
0.01903699312725319
0.01905693321782272
0.04731611203115493
0.05207511793209064
0.09767929617233481
0.1125389404042628
0.2143048949274714
0.01813008040282234
0.02399409855322841
0.1460081459312811
0.1253871600809169
0.1656311795970635
0.3040014659011281
0.2776787858786276
0.01276052147064455
0.1231444600041843
0.07710796372335434
0.06306131351091718
0.3018837526430927
0.2767929491142871
0.324494899383767
0.3289453050348737
0.3389918692610655
0.3491377409707736
0.2989515749917657
0.1875663925783609
0.2307519162748148
0.1421359058886438
0.1206651569261105
0.05650169720136596
0.07093396939627714
0.08621731787292571
0.103337973484625
0.1018553189588249
0.08108877938566307
0.07280368196268223
0.09506751320475385
0.2556813427096622
0.2844911861180861
0.287313532583571
0.1027855512421068
0.07433220256762292
0.0370243614084752
0.04769880937730781
0.06409493403459508
0.1195496457099873
0.06819373828608985
0.05498553893037859
0.1307963740696609
0.3074171838212305
0.03063807511336853
0.06379291175178467
0.05837335558907032
0.06492508481452797
0.04932637214126082
0.2162493743361722
0.1067849667524414
0.02394000213480709
0.04799425322992875
0.192351190230858
0.08472542494199807
0.08417205801021421
0.1082041320736982
0.09125396510599879
0.05528051079861063
0.06507342928255191
0.1481423724529903
0.2781454389843074
0.3118452735703297
0.1412073282120959
0.1398628219681201
0.02753446691939077
0.04331134673906459
0.08921514164560596
0.1196094487395745
0.05374354624175044
0.09004038714765743
0.01328384406745526
0.02809541834378876
0.3791199121268551
0.1143499592883114
0.1388279108828848
0.09510720555455567
0.3911564448579767
0.2587614970087344
0.317395099581208
0.05612298143007596
0.1135926281279641
0.284758301881624
0.1181854983979226
0.05879608866881254
0.02139867856313135
