-0.0863891955029838
-0.09212181209750538
0.01007503022306511
-0.06024532813078396
-0.1537355930072233
-0.08031926440916579
-0.06837145410502295
-0.07417444589162994
0.03258320006869308
-0.05069279388081267
-0.1033940329142946
-0.06634167939047639
-0.05615992204067186
-0.0934290724494749
-0.09276127795545679
-0.05767846916871109
-0.06721611218249755
-0.05433018135128972
-0.06317424090845614
-0.06268339079180237
-0.09049204201334937
-0.0654540429654637
-0.1533344400321897
0.009944131655723755
-0.1255415231541488
-0.05572296291770124
-0.0851116284102455
-0.03704784542162765
-0.1331006841033187
-0.06464522263897252
-0.05961064774388959
-0.05943268670743191
-0.06499306711436387
-0.07153385862062722
-0.08050369655771203
-0.05864664381519789
-0.04054915272955494
-0.07350243992455854
-0.05755128872264612
-0.06102661156246786
-0.09739620656994442
-0.06339889094090537
-0.07206696179124289
-0.06065696713010592
-0.05214453122633166
-0.04628892633888138
-0.1221916809873269
-0.05496465560468991
-0.07156712288611547
-0.07316653938075693
-0.04578311844118237
-0.03744896611621958
-0.05766378659768112
-0.06437204406629204
-0.06485005887416084
-0.1416659970658189
-0.1129902233971802
-0.1455445149558463
-0.1657528237046611
-0.1130322584748594
-0.07588156432234766
-0.08533724051788599
-0.06473944798694421
-0.07030583009197362
-0.0767857291513159
-0.08088238627340753
-0.09703688687617899
-0.1124014020954366
-0.1003258612374119
-0.1313197509020295
-0.03846847359658384
-0.04393367509056591
-0.05173842620621836
-0.06962784620249786
-0.06145581026744332
-0.05806917080021758
-0.1055974883843309
-0.0980603722791685
-0.1106035774308136
-0.03528808609144573
-0.06655525938181717
-0.09784296829305293
-0.03816309705263253
-0.07810717567045558
-0.07072144375722224
-0.1363185788000505
-0.1352082343408548
-0.1585528904249866
-0.1691050393141257
-0.153165762380042
-0.08171349168775795
-0.05392101045018442
-0.04555342418624894
-0.1212241550620363
-0.1504465115673446
-0.1412856636249339
-0.09990204636418989
-0.06930392639118009
-0.1155236504293129
-0.05438409159287685
-0.05680059852203611
-0.06129386090910435
-0.0589353301936676
-0.03819582034068576
-0.03157648619450822
-0.1239670048957497
-0.1359327010860406
-0.1186002943145235
-0.07902118437492432
-0.0470076703293399
-0.03112654900034069
-0.06371333249151756
-0.09808545688417465
-0.09808999224070819
-0.04764905193309809
-0.003707094176602397
-0.1246111715371915
0.05529172263231408
0.05088253594700259
-0.06953085270642861
-0.04021060771895285
-0.07156965542151651
-0.06278435012282302
-0.1011312798454987
-0.1255254738731828
-0.1298245040266074
-0.08374429613485962
-0.01213913805894496
0.02581326881096844
-0.02814544850530621
-0.1271814761950142
-0.08916884453949508
-0.03486710561420225
0.01943576460579164
0.1164117983716219
0.09529687439716879
-0.1751095957824732
-0.3234640226238848
-0.05777622757490412
0.09976253966959017
0.04604478487883511
-0.1119206993263472
-0.119407814823703
-0.03781285703257232
-0.05839062511133906
-0.08733423420789257
-0.1458211165464415
-0.09540458986921582
-0.08041366912202746
-0.08681444322388436
0.007623405161725368
-0.02182384386910848
0.02521815930896942
-0.06385499084775162
-0.117495642427837
-0.09517290606207229
-0.08810231714652816
-0.10778326217796
-0.1250335354321101
-0.07421700538734592
-0.07593544638820902
-0.08656513897519548
-0.1011190636350034
-0.1584773541069804
-0.1005750068821889
-0.08771078440353756
-0.1011128194624679
-0.1108072314943667
-0.1337010660337541
-0.1331228787301939
-0.1275775473941249
-0.1216978061158155
-0.098558077956465
-0.1142985487988605
-0.1266759745691067
-0.1251769911609173
-0.08750007328285647
-0.01402589330057362
-0.1045275481017938
-0.1206215232705426
-0.09716316472780723
-0.09121879852523536
-0.03868934710627248
-0.100662971634577
-0.0680254269332129
-0.1047125348378852
-0.04756604428666862
-0.1059506673320367
-0.1315294244070082
-0.1096914302584826
-0.09920770737082228
-0.07798183363815214
-0.6344234327607399
-0.1118123274493093
-0.08280735776446557
-0.1081754626601962
-0.07731889922248357
-0.08224065044941103
-0.08645050929760291
-0.07764759496402229
-0.06707443636612211
-0.05852237012176283
-0.05697830772223338
-0.1305875585811511
-0.2096175030894566
0.04910434821478249
0.03979494045830714
0.03774853964647499
0.03458849894426492
-0.02600385371879225
-0.2574911507260497
-0.6815484976621946
-0.300581379400026
-0.4759874579971845
-0.008750055226484659
-0.5638190759669856
-0.5782205065890028
-0.8248357297313039
-0.7165711621725451
0.03068988381557314
0.04712320876795169
0.01613611355030348
0.07073272543595825
0.01990312607170813
-0.1475445390038371
-0.1461629548241734
-0.1636244147172621
-0.1680264157052399
-0.1543714384052217
-0.1151047175364079
-0.08394946368358409
-0.07965582843981134
-0.0900209829658344
-0.09432816187165977
-0.08938901808865216
-0.07316120155494715
-0.06517965801641395
-0.09502778179891046
-0.1224476693519179
-0.1271899700979193
-0.0675888435294527
-0.08200026308784318
-0.0790774104806994
-0.07825309454595906
-0.07917669870116756
0.002445413539243237
0.008614820710316969
-0.02427090629860464
0.03622130980646839
-0.08122979582875506
-0.09317840542714931
-0.09017793255708857
-0.08861713587937681
-0.1148081965834781
-0.1348822228278312
-0.1374738033290112
-0.08889606395705216
-0.0851134272700397
-0.0684415872366258
-0.07014994830319411
-0.05166146603472915
-0.05743074534198279
-0.08882381681844669
-0.1067326183739505
-0.1368522418662799
-0.06905023882529393
0.02601242316454008
0.06295106066420196
-0.1101704918876647
0.01139693241397473
-0.03120457795495921
-0.1472352199010598
-0.06411241804168266
-0.1618853163283985
-0.3135326021918742
-0.4592021900428808
-0.7131973522578839
-0.3536946375031547
-0.5205233880941889
-0.006910888674217953
0.02978249431881983
-0.01186416628840081
0.08813419003658129
0.09630700552989671
-0.2594903804147819
0.05461023213859641
-0.1651777103692008
0.05470613738983136
0.03768679648182968
-0.4182330040247124
-0.4527543264860018
-0.4165017760939279
-0.3383994017240257
-0.2751675800695649
-0.4552708219547131
-0.2118845646277275
-0.5311336582841253
-0.6736824510358537
-0.6712437619788233
-0.6854971567183041
-0.7809193841593971
-0.7721261460330651
-0.6586437616567201
-0.8546293683792171
-0.8532658048972617
-0.7627897729022685
-0.7865774088657228
-0.7550691298426426
-0.4944751637430684
-0.01453072856857458
0.05443875245384408
0.06886122737580148
-0.05994769646713924
-0.005924924116042858
0.03090380355934265
0.04776338474284142
0.05350971237347987
-0.08751611176833174
-0.1293350440922514
0.02641202956882283
0.03362686242039375
0.009738461688280593
-0.04129702770446854
-0.1966284211580546
-0.1022496475527491
-0.3171721114311378
-0.3324833173333783
-0.4473235088333483
-0.2411721108587357
-0.1823942568365312
-0.4372158675363919
-0.4752797938651374
-0.6393934382891386
-0.7609341022096683
-0.7818862468961592
-0.5525633766720889
-0.5671297762334444
-0.5605792966753126
-0.664721676787692
-0.7754993319425695
-0.6553016987329857
-0.7430730123897726
-0.8141816091484152
-0.8410103147927238
-0.8616980131731632
-0.8278974381879795
-0.6061620229481232
-0.8035950793092699
-0.7421519358095856
-0.7152491962427687
-0.6774858943761142
-0.6041074113728957
-0.824623534903551
-0.8041634923019002
-0.7108907064709895
-0.6361348871491453
-0.7310432205082416
-0.5286615174677658
-0.5723864252749983
-0.4894155765361528
-0.3750103204687975
-0.2256409326328253
-0.1376326914184328
-0.4892638391232769
-0.3790700529453156
-0.2790320152566209
-0.2642515014158519
-0.348442367915896
-0.1594386212053922
-0.1026523259246215
-0.05394195069184556
0.03256211572019897
0.1031276778843171
0.06296313872233474
0.06656988126873326
0.03503555033833222
0.006307789969091645
0.06589010715094297
0.09261368241555031
-0.01592595593299219
0.1235250489870298
-0.07025030070919489
0.0393902655542482
-0.01474974702276137
0.01257343694115357
0.05248028005048617
0.05925890492974568
0.02640984728275479
0.009022290506860821
-0.8316054594419555
-0.4701637396342531
0.1206792482310543
-0.774055779348387
-0.8561910555006862
-0.8461310851559516
-0.8111790622940825
-0.8210664381822939
-0.7789558152093685
-0.7882508937682238
-0.7096134888889221
-0.4997522399029973
-0.4322825800744692
-0.6918714854285449
-0.6630915624445043
-0.5852333292400188
-0.5455652207033307
-0.4940917126297873
-0.5068515913036262
-0.4004122055803491
-0.5564091959133403
-0.6850736932172102
-0.5907873991367055
-0.601622195184034
-0.5354224571282072
-0.5707579693558763
-0.6977456657875483
-0.7375431086246932
-0.4464924443598678
-0.6483873702223033
-0.6488066392010188
-0.3970170832232667
-0.3224603684816539
-0.03057718718956359
-0.1579078417178661
-0.4113225912876293
-0.5906359150844952
-0.5925221205610811
-0.601070075377008
-0.5935399906740227
-0.7051853629774568
-0.4197719506267034
-0.308233345128932
-0.6932066777232397
-0.6899076981102956
-0.005966688553436865
0.0595190368566751
-0.09519406653697486
-0.5916193508659351
-0.659989854043885
-0.5214760832068701
-0.3949573608797198
-0.2676973278294922
-0.1279287871863624
-0.05175969186369678
-0.2197606815192146
-0.2117635138436189
-0.4172355026013321
-0.5082687079478787
-0.8225575088336342
-0.1177437644314095
-0.1045404574139941
-0.07885393510891514
-0.02974967613631781
-0.009744826067432192
-0.1164375396807021
-0.1147416254831013
-0.1080350392313507
-0.09594271683129399
-0.07499295239998584
-0.04180269295034753
0.002649820690001977
-0.06835498508718243
-0.08380749329318511
0.002267917727244838
-0.02642348612450764
-0.02060596279038383
0.008443119174299209
0.0501487061023339
-0.008459993814694358
0.01587554337226189
-0.03261656941112266
0.05448001410120926
-0.05276296614451813
-0.04802136748444644
-0.08922421978405
-0.01024616299633514
0.02079376463268165
0.008915684772113644
0.04180980703280948
0.02408554698603438
0.05514497359515162
0.0743239406140991
-0.1091422251775671
-0.1095393273351748
-0.07934319112575382
-0.02784800774592251
-0.07909878271415553
-0.02993461295130574
0.01105946543163215
-0.1427273997902583
-0.1464016269312268
-0.1604391885168511
-0.1395327479283681
-0.1400086602014808
-0.1187630278367113
-0.1126433474040318
-0.1569915157657117
-0.1643505303012734
-0.1186987049196236
-0.1180523035831086
-0.09850375773736934
-0.08788935972620529
-0.08479296932199525
-0.06309006330434702
-0.112095098492699
-0.1538363852621904
0.03814821216277516
0.01486103488634736
-0.02045709419082959
0.02351935067694782
0.008600463188027823
-0.02283335101986926
-0.0368294432093634
-0.06153306472549762
-0.08315449605770377
0.04030310991208024
0.01197462768709455
-0.003929477330080014
-0.02887650189508307
0.02162616711979294
-0.025433929952182
-0.07020686284617722
-0.05129805283706319
-0.03634903024088181
-0.09459027099170533
-0.1998761215956397
-0.7607872693376633
-0.7541762517632056
-0.07194171064426723
-0.08170177173633088
-0.0804410681223343
-0.06547017261594035
-0.07889890168274209
-0.07924800484284829
-0.09407474647779221
-0.09660606220287558
-0.1120806820425219
-0.1052428412684264
-0.08141425248146722
-0.05706125909373175
-0.0598135556344043
-0.05613154875987286
-0.675144108163186
-0.08410098450097128
-0.05336030624562633
-0.3399245370027259
-0.6933356032565832
-0.08172227586173837
-0.05131487041201244
-0.05657705591294336
-0.1658323093291038
-0.1068380926237524
-0.1171867215644165
-0.1155406819010623
-0.1229372735078692
-0.1219152971564846
-0.121334939186305
-0.08936597702816336
-0.08779524670588351
-0.08394277015931599
0.0713070283801019
-0.02726652600294144
-0.01949313342364701
-0.04040215247389776
-0.06688262621423262
-0.08629878877662166
-0.08558242746685686
-0.08518847188767908
-0.1029026547271739
-0.1114715483881861
-0.06560699794123658
-0.04351189174964908
-0.0468936740231899
-0.02192805581361962
-0.07517478643272842
-0.04480473488901896
-0.05500888935018428
-0.04433693914346377
-0.7012420721384847
-0.6997781523362151
-0.7163050529092491
-0.6412264155914036
-0.1512829509002317
-0.138317481552458
-0.06332782384211169
-0.05397147179231142
-0.04414918089548344
-0.0578837285045399
-0.05673753586309096
-0.1397669279906392
-0.119181645409427
-0.1363848365829881
-0.00181902565874201
-0.02403677177686241
-0.02903420190227546
-0.09270100775835106
-0.06549428861683992
-0.08450232109263137
-0.08930119868452489
-0.06682108130660322
-0.08694608148942605
-0.1101981749912852
-0.08061743226929931
-0.07000191144832675
-0.0557452792544752
-0.04879632431678717
-0.02355280144504074
-0.02418113079467764
0.006235336835049898
0.01615371312955685
-0.2743105706103395
-0.05764206819967439
-0.0523342432106995
0.04617616576710853
-0.03576634667304585
-0.003536689398688575
-0.7568699698951578
-0.3311761901481685
-0.04925293860015174
-0.07581329771375922
0.06999584791322197
0.04418084733109982
-0.7140132434973421
-0.6251549454062735
-0.7243042310173047
-0.6790050526099408
-0.796404120776219
-0.7964135127068547
-0.593518000893188
-0.1466902744102795
-0.079556906109248
-0.1353658030226181
-0.1374526203023524
-0.01125714234534542
-0.1633488119445879
-0.1637892860555492
0.08984159076356087
0.1101079804111182
-0.1190862047135567
-0.1010061853875041
0.01687171877776606
-0.3181323134629457
-0.2292987751107424
-0.2337218097283217
0.09209887864620447
0.1091081190326226
0.03885445893785184
0.07219568957947026
0.09411945658371818
0.06520012546984205
-0.1152649651657549
-0.1091443532158219
-0.05365318717462554
-0.4313720067396848
-0.01945077538153722
-0.05281909989453572
-0.03560931959189331
-0.04143287684498882
-0.02170345727137106
-0.06798955197743152
-0.04436415455682108
-0.09530279340470994
-0.09636285022545303
0.003863726837806853
-0.08822697193756739
-0.0733198258017954
0.1062283030695534
0.1245803962780854
-0.1691541986525919
-0.1653538541896943
-0.1043873260242871
-0.7285494596380554
-0.7559332489333256
0.03581450234262417
0.03767954966279861
-0.135621685937767
-0.1005158353284942
-0.04574473739047863
-0.1019376772461163
-0.01743638867443785
-0.1548235193860931
-0.0758455784010089
-0.09610988100802838
-0.7587841933947941
-0.03591752930994185
0.04269122147165687
-0.1551877804682535
-0.7370905794877868
-0.7456969287228665
-0.5887279602018392
-0.1578652403163589
-0.04130629125948522
-0.7213622589030165
-0.03502460011644679
-0.05042382534576926
-0.1326025715913083
