0.06959515731165597
0.1087031022962703
0.01099648136250651
0.1190826186608991
0.07756714484060603
0.07300796372171058
0.1518795493174355
0.1025108218132818
0.05422212577579722
0.223309166974205
0.05556787431777561
0.1543024932885345
0.04892378382359262
0.05200012696983367
0.03139289529201232
0.2181268056751506
0.1332286897263762
0.2197300681490429
0.02878919224676737
0.1362646230929514
0.07466131599181525
0.112704887374908
-0.01225327306665267
-0.01189995177389724
-0.03370060615908056
0.1913114363344693
0.0898534988864868
0.0997304946489513
0.08343581238300463
0.1468688857669722
0.1779601633860852
0.1939754104661308
0.1231756726601667
0.09933515730092433
0.07378808759652161
0.1340433731883105
0.1361791940310285
0.1099230851157699
0.1560587634029258
0.190642671665718
0.1093854600141306
0.1373732154397942
-0.04057586529560687
0.07773749516977435
0.07085308271267025
0.124634564770623
0.003707483663561657
0.2123503176226826
0.1365781506452964
0.1412193496575925
0.1032068719906287
0.05600984752577755
0.02373465286750782
0.1682527502280273
-0.02486433347637823
0.07779619057263921
0.0135925951398955
0.05229564657835999
0.0233282513066537
0.07644998837002312
0.1002787403085702
0.07686507563202225
0.140806783769937
0.1166374497534974
0.1079661493307548
0.08792916280699707
0.07671496459072835
0.05844965726879871
0.07453466143391468
0.06668144337749982
0.1125136912180814
0.1725752126732016
0.1532021045349816
0.05672569828744133
0.1632787384720947
0.1820561071449255
0.005643820061058753
-0.01789178347475982
-0.03748081845262582
-0.02106179413535922
0.1487028020960242
0.1306680519787081
0.1220544931212955
0.09904641305460084
0.08738483447077361
0.02827655807805381
0.06521765628014867
0.05417542171132393
0.04535123255276801
-0.003417511339100375
-0.01480715796289343
0.02961381159886807
-0.0005124358435583205
0.07550885937846033
-0.008022865706254836
-0.03318346112965072
-0.007059860424773396
0.007638179567306374
0.03599697420387141
0.2322228250063521
0.2032312028680089
0.1249539357697487
0.1796473646884678
0.03738487232069639
0.04455347820350051
0.1062740528200273
0.04361171044836416
-0.03475576476773726
0.05154616154109848
0.007994255075004311
0.006854122932717929
-0.01209723500015816
-0.02151150548322765
-0.04519422529079222
-0.04297253577707417
-0.01413733111864609
0.02449961032241585
0.02940695845306075
0.05694340634727264
0.02483039846008834
-0.0296664158971409
-0.0212219448640419
-0.03245675510961136
-0.03476027268907383
-0.03814487330485836
-0.03713753954425454
-0.03007463806208345
-0.001548521406882555
0.02645061761513362
0.01981250864909778
-0.02213785368222143
-0.008877119895747351
0.02779631861372996
0.06089615653254557
0.1269548946693054
0.09399580242945121
0.02556276005702416
-0.03082691925503864
0.02563127366758301
0.06645107913570954
0.0782178026333326
-0.002388600916790984
-0.01835507897965695
0.06784990461332734
0.03517897691588943
0.01838216338601463
0.03274421070212918
0.03312392224524737
0.03843649871566104
0.00665846029374582
0.05758681254980698
0.02766373937801448
0.09890932400198692
0.1074445841716245
0.06843593181559571
0.07052220724091576
0.1081834230532853
0.06265381970187917
0.05863254066293747
0.06465172083767703
0.08160489744088747
0.09817292812181574
0.09238935896586573
0.07444522930383886
0.06972533521476995
0.1175269723250272
0.1161345340113545
0.1031299458764624
0.08854891364585844
0.04422611184969322
0.0724799914826792
0.07973363226158038
0.08568424634763547
0.0393819883262276
-0.002131098482839033
-0.01759649496029841
-0.01607416666556462
0.01354342310574551
-0.03603927312173745
0.0367956951741352
0.01581704720411077
0.01885951368890165
0.02094951269532172
-0.04322566409127402
-0.0448090856328333
0.0488396696825522
-0.01651620112146652
-0.02682825013195537
-0.01620424953619609
-0.01870525530043638
0.05777065196704136
-0.02752879446438978
0.03425570187690429
0.1235736267728773
0.1298032399824162
0.09953444119199983
0.1391671978748746
0.1236051646359752
0.1033396100390839
0.1296689329819236
0.1270873257206206
0.1621669508611382
0.1826228142532337
0.01310370090693228
0.1319783897630462
0.02091558148682888
0.01325400962300033
0.02561334247466915
0.01853224545947381
0.0211583160059518
-0.01047404256571487
-0.001143662842918865
0.02376170501262584
-0.01447896817980603
0.001078548525948866
-0.02338356397542947
-0.0224083918022993
0.00557743948575374
-0.04069075419328756
0.02342367173369417
0.04064621797604656
0.0724784477012454
0.1223874567222785
0.04181034250172439
0.07628688188630492
0.0112542062083505
0.01831013023905415
0.003206460561454607
-0.0104481166887829
-0.005777319165938381
-0.0006093452724273307
0.01975378469591087
0.03066910148649832
0.01710493355279052
0.02128937935994568
0.03027426636932037
0.04698731065162502
0.0193149793150017
0.03322364144638895
0.05196645658917978
0.09247937713951328
0.0687816770101851
0.06561427356080742
0.07762958389205306
0.06689192803777581
0.02902466391511973
0.02426812761000475
-0.002457044568900451
0.04178575648862615
0.04382530887835125
-0.01202793998085786
-0.01809678648010276
-0.02869595084983108
-0.02298166079655614
-0.01290607979180169
-0.01608580131175165
-0.002853489842583065
0.002794847746652196
-0.005331324361930496
-0.02936633128222009
-0.02987367034136955
-0.01766826149876569
-0.01819512848820227
-0.00656563245749111
-0.01022510274356905
-0.0194730231582519
0.06004735433873737
0.09078586654428375
0.05483397338624321
0.03191541811745992
0.04060308408675099
0.03353039147609184
0.06427330480187975
0.06882620637387246
0.08256405264485268
0.09232538857094236
0.1001230689936222
0.04619289452893471
0.07558427633538677
0.09317547453507842
0.1299563848021802
0.1481680735480217
0.1385194368239357
0.1042520515437987
0.001587577185753739
0.1034636556728653
0.1049945786507107
0.0768506813660805
0.05652440287853779
-0.006473909125444211
0.02711577729243016
-0.02096418409293738
-0.01131495222356413
0.01340180962709753
-0.0301438068227952
-0.001473076315408332
-0.02779385020297107
-0.01981087973990535
-0.02530006843701596
-0.005864635539869968
0.03303293732868418
0.1064671343633367
0.08323778731829778
0.06363709314493336
0.005596539940779077
0.1314330570888081
0.07302683854147027
0.02319418239025497
0.002444944193711777
0.1389837739542225
0.1489502443273377
0.1350193443217411
0.11415740485677
0.02669703040769777
0.02845894167006598
0.02136728685800541
0.05493130450509388
0.01124783665567613
0.00845696011171616
0.03124707328886098
0.03234923786762127
0.02341386907712925
0.02636540010821288
0.1212940561053214
0.1330704841536722
0.1058137572112803
0.1138343811108149
0.1056898699347642
0.09749479715454883
0.05853610241339013
0.07125130891955296
0.05210202701083338
0.006833239038632461
-0.02229239346664768
0.02105296817553856
0.06225305321905995
0.08335176024435008
0.09970494988197603
0.09230127974059736
0.08735525103054215
0.05916285542787139
0.06358078562737977
0.06299462794911279
0.03363155409457226
0.02957519826884249
0.05920622035896793
0.04355254812998613
0.001375462594567826
0.005202070037285395
-0.01641516768493372
-0.0006631393739877074
-0.02407854329582678
0.09017269623765096
0.1114561625866887
0.1419073661074033
0.0884762374041176
0.1255560677856969
0.03736703263928359
0.001931086835014044
0.01127828898927179
-0.0141242993889326
-0.005158657740595519
-0.0001454710835830203
-0.04648826134006138
0.01237116768573074
0.01114683143877337
-0.01129564805995582
-0.02900578524750578
0.01069630719172319
0.004964240075080764
0.05840163126844304
0.08330159397329867
0.1020172660175927
0.07804584099857684
0.08227970200294732
0.06481687839416192
0.04307104774819109
0.07877179859134784
0.07311395319449042
0.04039394998245774
0.08860636303064817
0.05754139260675564
0.06656465993245149
0.04541698715462255
0.03812015723544189
0.03995689490727997
0.033972519000832
0.01654616894475259
0.0292471579628246
0.08345955222878058
-0.0151376125234732
0.1012149383631427
0.07162425205222005
0.03892324138345658
-0.001546842803819937
-0.02059099109040699
0.03321809726229629
-0.0008544227880701599
-0.01144936724709752
0.05475845501511105
0.008895166614865009
-0.04956121939320488
-0.01828000977191973
-0.02066366680183203
-0.02313273230467004
-0.008652443027742986
-0.04455044169264758
-0.02181969751600248
-0.01132425808005531
-0.02074487194308313
0.0001821465279576392
0.003191663742257732
0.03954722017394871
0.05106239377871574
0.07057943434042661
0.08366468873811939
0.04940110399218285
0.01591276181835244
0.006324710150844681
0.02244708209101887
-0.02434105594521816
-0.05355966836727941
0.02180590539814158
0.00674809750693869
0.005979042087211135
-0.008455545387649263
0.003155668704179861
-0.01142362566317665
-0.03008797353082719
-0.02859449435801131
-0.008478190556923369
-0.006653656876662575
-0.001064581234324198
-0.01117645968528581
0.006901364332555089
0.02344625079503971
0.1343621682863856
-0.04625182992696158
-0.04647903926857195
-0.04059154186612355
-0.03440845323445613
-0.01471525165507735
0.0005147110047150189
0.02853950457661071
-0.0140792042641855
-0.01705710272097802
-0.02787330312813093
0.007756735462382014
0.01977525988017124
-0.01492244828012317
-0.001163397709367008
0.01148857264366889
0.02560064470135757
0.04652669215328085
0.01153752521413328
0.02828197961888279
0.02575209189241031
0.02289570885709176
0.02469624269856218
0.03427032842992332
0.04733291387721652
0.01522979613260646
0.01802637028846693
0.02736831547129671
0.003352827085074075
-0.005489271066916583
0.01238946032061292
0.03158616796494472
0.02584443657548717
0.04904358427572507
0.03319845737791201
0.05991850976184276
-0.001946640358825506
-0.006052341950318328
-0.02104446422964808
0.01237996181069724
0.03255563076639215
0.04323185332806967
0.06405011752475598
0.06547083888892923
0.0872290257948051
0.1047634566940425
-0.02999952405364675
-0.03656044514342054
-0.03390327051186897
-0.01818761346734736
-0.03627396386903134
0.0877818175611121
0.1217102089021974
-0.03040539616616816
-0.02539496576664921
-0.01278781454795202
-0.01745337891629015
0.005634706720278647
-0.01577269472348814
-0.02108051104431287
0.02135550961553386
0.005712947807540569
0.01163752493254225
0.03807948556236752
0.02763920084175243
0.0264383613850753
0.04938296452121647
0.04888252891029767
-0.03437671408226273
0.0404720533945707
0.004561981530322364
-0.003176705016172569
-0.02540182506017703
0.002907417772312104
0.004710187616052509
-0.01020341461427803
-0.03240214595457987
-0.02742994994366577
0.07355512285461568
0.008058414742901939
-0.003379227866378749
-0.02037551345562035
-0.03723001403725461
0.006556368264478189
-0.03010830863858919
0.03191071416903715
0.1887051443045759
0.03794031360542283
0.03253931306227066
0.01991148750287911
-0.01424368472514361
-0.008948660786751933
0.1571662281899483
0.118835599293851
0.1081119467931242
0.1224181165460665
0.08163383357892209
0.02595037268010773
0.07707945642119135
0.03761230289697648
0.008846762048455577
0.00249283154541746
0.1337815345792411
0.1713561409753265
0.1596926251728262
0.1713977152773493
-0.00721360958312967
0.09054240105626224
-5.992710685920402e-05
0.08151841912989179
0.05581142285225649
-0.01546413533367241
-0.01132607425382379
-0.02332605646126387
-0.006754542154769524
0.03749207100555112
0.04747622039375079
0.06256582814580097
0.05323695198659598
0.04888301937873627
0.02519380220954663
0.08886275157544027
0.09165605085340366
0.06362024816364591
0.050492630553272
-0.001440409523716621
-0.03033469194276801
-0.04150960298774403
-0.04695649028218027
-0.04499509286380908
-0.03390279375016336
-0.01044735835237126
-0.03692370169646939
-0.03978933905926209
-0.03273585186628258
-0.02587458879239789
-0.03909160346925715
-0.01800878594228878
-0.04406619710544922
-0.006454691715822881
0.009006565376428471
0.02627618944393327
0.1087953130236413
0.1127348672932001
0.1170990973142026
0.08492047116651029
-0.01976191164894892
-0.02527427976871371
0.08236352818976243
0.1004532439997025
0.112392019692209
0.1357808535958807
0.1673470298764815
0.07906091715862366
0.07227659680045423
0.07437879741397779
0.05166735014416871
-0.005029525733355764
0.02657088498358996
0.004110825896835762
0.1311976404315388
0.04126128351544855
0.05533796653393432
0.01906941725518488
0.00937912378608562
-0.001985277906267973
0.008893626036371709
0.005943342876543567
0.002397117886513572
0.02712127623996943
0.02202981137001099
0.007195538855228185
0.02278359223388174
0.02796024507629112
0.0587273908807707
0.1920101263009129
0.2119749866467671
0.02754510258354259
0.07109375216124385
0.02420060790168516
0.05770553133734225
0.007750246706916809
0.001385444126063704
0.002846674341953858
0.08760780017275226
0.0667931233014934
0.01883427349092873
0.04543170981950971
-0.004774645612675366
-0.02394966660100316
-0.001187176722726531
-0.02748309290965714
0.0002491400410838086
0.1154018700617348
0.01420073108550329
0.04398554941224
0.06723827991962236
-0.01660073340558954
0.06206332410696325
0.07430275860916316
0.1202793336673403
0.1235038442040862
0.06289025715689625
0.04244270820523707
0.009606736394970939
-0.0218765922854191
-0.001776164057649745
0.00660111244244788
0.09322516954365818
0.08805977884046008
0.03319377553818077
0.05358656693531751
0.08003189814545796
0.1035543533770094
0.09129570721499936
0.082723422746162
0.0529507859932764
-0.03577302800369662
0.04538356873769968
-0.03420481921051454
-0.03250325959746102
-0.03042656356081881
-0.0292909832867985
0.01553772066061424
0.1574128442531265
0.1228998702358064
0.04895663249668342
0.03346545882125974
-0.03332135074035202
-0.0306787844603479
0.1155428228609441
0.107871399665664
0.02892764108116946
0.04316305725637487
0.08902072814006572
0.09874954424239674
0.1135616818938775
0.02684267720732796
0.11283173428416
-0.007781013806867344
0.1030911923345334
0.1813421356754282
0.0002217252698796764
-0.02513677143497952
0.08089480619207563
0.09554955547844247
0.005789696974060465
0.002744103123264905
0.1335105236864601
0.02788270194056754
0.07062689580401664
-0.009855279811083681
0.0272976250711441
-0.04097174123951846
0.04718384613174773
0.01459309312139201
0.1477770103951128
0.07920256817897398
-0.02822429789359489
-0.03576863901572691
