0.01786005474227938
0.005173021886150322
0.01062385115027474
0.005582538455651879
0.05382711869903892
-0.003040642663655617
-0.02038687091039912
0.00391383033905692
0.1696201553519204
0.04656394608732439
-0.003141556328728587
0.01027035769509787
0.01036775051442695
0.03043362983903941
-0.04210695899989465
0.002884923645152926
0.008865089832918697
0.006159898988881626
-0.01393858158650861
0.00968192096505229
0.02153945763196967
0.006034024443854868
0.008890122009119567
0.03379428210340608
-0.02370612428016513
0.02445910224110468
0.01434359536158498
0.0436480345792823
0.04153112953701059
0.01039701043095469
0.01597448557614065
0.009136401929538141
0.007778627700306514
0.008755473834266267
0.009449257611568737
0.00963793197863869
0.02745488563865517
0.01085431488847925
0.014038927141852
-0.01967597240716813
-0.02097271220506422
-0.02288324218916223
-0.0253680247679774
0.000898990366639334
-0.002329777039405819
0.01415777936425652
0.01133603464792238
0.022257143789821
0.009113035624443886
0.008355664722015994
0.0112118611597922
0.01416157623006871
0.006103568687080636
-0.006595327456453608
0.01413983650861264
0.04889114262742342
-0.007336725400610347
0.04901208272795887
0.03246968113460431
0.01918888195389275
0.01172321899221788
0.01743517165828654
0.003066512616932192
0.008265429808155336
0.01046997024412571
0.01489613138130219
0.02359740011674533
0.03991295935760222
0.02390757166512223
0.05062127143034288
0.03152477212573734
0.05563291192395337
0.04836912079737919
-0.02924085755868407
0.01282187931982235
0.01394573236715182
-0.02410249576868401
-0.0224457075725733
-0.005417122177996208
0.02530653028209071
-0.02913222916954181
0.0006045852773092575
0.06908319628313959
0.004711761257368888
0.005997987821148494
0.00772286024988091
0.02586396718643295
0.04780985292997583
0.05062818373954116
0.01917336503376168
-0.03938314962193066
0.06601051933787411
0.0831528329155066
0.02391708374802055
-0.004295469617753291
-0.006519759124715634
0.03776375996093739
0.01174617036601743
0.01503638319228822
0.02421813855357267
0.03001403511605155
0.004514891093559273
0.001480326254117669
0.02602535830728908
0.0530591407735766
0.01319224057566346
-0.01210638452054924
-0.04099142204760105
-0.0003033304563472404
0.02185086757945078
0.03436681509812654
-0.01547377443954468
-0.04821569834899688
-0.03875616799063791
-0.003449347495535754
0.05355976618523371
0.1206244014414278
0.09019444582225923
0.1566877979955634
0.2276540311134533
0.01884552964171262
-0.001719782802195982
0.0001363435811617602
-0.01448058052221016
-0.01969777204498312
-0.002271997175571406
0.03572945588555596
0.06359365570977202
0.1236629597896796
0.1128835967881339
0.01559975085912374
0.05080290293661556
0.0988939832299135
0.08626019255001378
0.1291662480996901
0.1277315967357546
0.196456309837064
0.2244033220218805
0.0548935694350895
0.06218902566280507
0.1372864018183333
0.01901633692337708
-0.003241611227258642
0.05347687579329522
-0.003505963326631387
-0.02176572963235722
0.03147506540724158
-0.005676649762694586
-0.03287860644575045
-0.04198956995554671
0.1943812789749569
0.1973732177593265
0.1410771941432087
0.2281809612285858
0.03917092872912751
0.02750337343969882
0.0101940778194487
0.02826424216881605
0.03730223605353382
0.0004420100879223254
-0.01254072538675573
0.005369799400612033
0.005203226926050518
0.05946614445060971
-0.002141033379006776
0.005822006115168085
0.009863673851465022
0.01650791695778621
0.02209264033547208
0.01947794588441281
0.006241602720939651
-0.01463460567733631
-0.03273688778223915
-0.03446076089715596
-0.03600880635781233
-0.01829919075908
0.01557060428980337
0.07146491347780191
-0.0172116341891616
0.02941449448281214
0.03697075336417752
0.0222151298076393
0.04237717426771304
-0.02810659657776297
-0.01088884399763381
-0.004360664514345969
-0.02792453080944717
-0.05249543946628091
0.01354120503751675
-0.02474039125234296
0.000976965298335652
-0.03806453779243487
0.3079198115052532
0.003658650648482804
-0.0172634903304464
-0.004802676733435806
-0.01551427372709651
-0.00121497730379812
0.01012122120108872
-0.008566226152253812
-0.01154055393617005
-0.0187053718017434
-0.01790747925561269
-0.002480033056061829
0.1501707486209701
0.05311362032648104
0.08935540225798973
0.1606204694152552
0.1165015360973558
0.1568006698262403
0.2317699244690175
0.352389224643589
0.2677739939097072
0.2561342072029098
0.06847053922456244
0.3160724608842267
0.2794780066685088
0.4132395735053186
0.369919178997654
0.116044511330705
0.1713912732638372
0.2177804356836235
0.197750106249589
0.07008945738966606
0.05776646027040219
0.01649861831351415
0.03765689271550486
0.02386550689572237
0.01209079500281467
-0.01288069229425243
-0.03983305572419774
-0.0417912206594903
-0.02657021093633638
-0.01600890826704195
-0.02858287885854255
-0.03334625446127164
-0.03806834600923188
-0.01161971727958304
0.0137339981738302
0.02151062931730108
0.000839822303214442
0.01806975586437017
-0.02112727792107882
-0.01640267535093167
-0.01659318663854034
0.1343439631850521
0.1579703896187774
-0.01933135060656301
0.02952830324895623
-0.02191206455284485
-0.03891909042319894
-0.04360680862950746
-0.04052558454418661
-0.01467629353140664
-0.0006923009596167486
0.003505915403973677
-0.03768716630869691
-0.02215715542739816
-0.01498324057404714
-0.05213164530559716
-0.05124549351445061
-0.03002407035658675
-0.01715799136509299
0.005431413024160003
0.008982740506465463
-0.03712943603368029
0.1247747139574598
0.178200230123743
0.04212440751201958
0.1991288175953256
0.2246277038358188
0.2523125092494015
0.2380092209597516
0.2511174964388207
0.233747864338648
0.2149322827821094
0.2720329208192804
0.1697645472251748
0.1693779903236914
0.2197789399164382
0.2141664082322139
0.1675800596646876
0.1786248719454613
0.1460536420156388
0.2604166655212465
0.2097409716849754
0.2260733085632495
0.1919762737754372
0.2007351743419995
0.2876203394882134
0.2791053516358413
0.2756065836099871
0.2230558186689542
0.1572241288960325
0.2355903277461329
0.1263742895393024
0.2957315539764903
0.3452575206868822
0.3474240359697822
0.3465915059645516
0.3702054099892747
0.3411777000580959
0.2738393059389764
0.4089650850970513
0.4538348561214827
0.3211948452748327
0.3594442661788455
0.3672958948085696
0.2485960858297928
0.2066233761003496
0.1742372531259562
0.1251103105174008
0.1061144394277695
0.1890059522522941
0.1430717288014767
0.1216942296478959
0.08306683780814066
0.203569739957894
0.1780857757066879
0.1091775807315274
0.0916262478425094
0.1330676815664805
0.1210527123085978
0.1961245807600641
0.1543234546223582
0.1998976081245832
0.1614119454306647
0.1646167860274942
0.1308210705987993
0.1457796860204331
0.243448676932913
0.1844877185499476
0.2588061892800145
0.3677867468573872
0.3452438690251158
0.2654186647526486
0.2435958995924936
0.2119010327705678
0.2499151489522138
0.3347855057180968
0.2961526458144068
0.3317081354333353
0.3761648266011742
0.4086799490597547
0.4316702086726924
0.3964281252855889
0.2440106702244509
0.4125876939296724
0.3902571773691275
0.3984385757357287
0.3427540912974285
0.318810738188863
0.3729113961343311
0.3597545035914791
0.2892109269918117
0.2579777359608228
0.2923002790126998
0.2808890175456092
0.3106374097170705
0.224851324350234
0.2354823485334017
0.2333060027679945
0.1949010879727724
0.2710302447108585
0.210555073102233
0.2011401999311715
0.2184577784141202
0.2431037546309155
0.2151905155108274
0.2083707492805256
0.2016357041762221
0.1700217289199831
0.1092559268783824
0.1560470632377003
0.1636571954200982
0.1311925574249433
0.1356766205698786
0.1079229486843037
0.06267257550224403
0.09276893111071499
0.0696149465121703
0.1505909200657286
0.1982534433930718
0.217070885050824
0.1880233262716768
0.06800712902376277
0.05771238953529933
0.07601879703318558
0.1596940951065929
0.3886501600209384
0.2453383225534783
0.1079230024294648
0.3308253852743976
0.4173648115900329
0.4254718175485771
0.4341736460564483
0.4155593583542395
0.4232251971194499
0.4413283683854364
0.3260133580747968
0.2063117607865179
0.1946258765055705
0.3930773682974881
0.3591421577482502
0.2882199471752938
0.2313056755373563
0.2451258813703446
0.2281045409064077
0.1352867262283329
0.2628382450516407
0.3456330938409551
0.2772090607789616
0.2614661431217487
0.2073179890338215
0.2168955511634862
0.2952433994417519
0.3346696352749843
0.1598775407256507
0.299713848023996
0.2839199763449056
0.1506306762764424
0.1124079342777405
0.1680844017998294
0.2360663571453073
0.2075590884447829
0.3022898716737945
0.3109892356405925
0.3215703813340747
0.3021798769530096
0.3758050483151433
0.2007646988183878
0.1481206811768622
0.3755901851677408
0.3932594654971591
0.09291813289759879
0.06797904633943432
0.1976422911397159
0.3013572726111071
0.3326410507376199
0.2836994842379111
0.2272063653249425
0.1874634383510178
0.1301011873351727
0.08057650188958719
0.1966771667359979
0.2138397988788601
0.1530622776657487
0.1929235012797247
0.4187378507816588
0.001466104922566529
0.02329717370159793
0.04512628103109021
0.07360794090032141
0.09666291572822897
0.02533947027635737
0.03050877251020466
0.02171032890646971
0.03804001118903705
0.04681024474453532
0.0677591382736334
0.09129468203663654
0.02568610812666709
0.04611735523471956
0.05179165358022594
0.008563503950320855
-0.01556147153462978
-0.002081379517060885
0.02173125498107161
0.0182444102068778
0.05087722656985427
0.04240981253190269
0.0549851196603789
0.04158722150013034
0.04010378428827015
0.008064953425094123
0.07521917018521959
0.1084930508347047
0.1056510392434134
0.1416700118836622
0.1246445963333388
0.1559235702799878
0.1699383510932888
0.02502619564308784
0.01232866897551791
0.01849916770198974
0.03815515482930368
0.002185717527366075
0.1101166970606186
0.1206841400907515
-0.01844108636692053
-0.01274374783067084
0.002019864364018965
-0.01800838764461346
-0.008137054112728805
-0.02295705099244977
-0.02776317118354141
0.01353044932583743
0.01303855542164467
-0.01247313369211306
0.000198914054205936
-0.01573074032727479
-0.02202492069123819
-0.01415437419280226
-0.01015970316123386
-0.02289212961438591
0.02767654329207531
0.05808007942311626
0.06233677434533828
0.0274677998174042
0.08378345884817551
0.08218747919703336
0.0498484691118622
0.01893323686032107
0.01243083212259654
0.01585665973988683
0.04058005440488836
0.03620603531619698
0.0211048325734234
0.003893442995424842
0.05001503230633356
0.01590472872198097
0.2156774012773194
0.05224576223481064
0.08225900886940807
0.07870012063578748
0.1076191001767043
0.386654422849007
0.3780638066756011
-0.02596126027236717
-0.02933171467345111
-0.0276589883594254
-0.01445341429660078
-0.02165162273572237
-0.02762673982748377
-0.03414204420264796
-0.04169441541079234
-0.04613684862428905
-0.04979715675365928
-0.02684211119283339
-0.02780660789065372
-0.02863103322151589
-0.02553901794959692
0.3694873636901571
-0.007074641966476484
-0.006518011443859432
0.1302885621135686
0.2638361840751916
0.04767640962106268
0.05424988627836008
0.03900886336209039
0.01203014759200271
-0.003026435946560233
0.01357784154901291
0.01269398659499832
0.02482951568455235
0.02815944776949657
0.02235570683962349
0.01796120616421415
0.01355066865776654
0.02368488524987272
0.03247802404403044
0.07558956328115272
0.01454214903198199
-0.003194000764626926
-0.02095444592470019
-0.03678987955448427
-0.03876640260157982
-0.0355128858775706
-0.04765247700309567
-0.04649113186505916
-0.02278461984911699
0.001652790189292976
-0.007985910232542874
0.02907852194760389
-0.01807909223613538
0.008938074917997745
-0.001091128740621853
0.02333967158663015
0.2929869319926163
0.2913925554227934
0.2959417964536502
0.2670587935415268
0.001216403796649077
0.004822101822036871
0.002018220316150265
0.03028293609198177
0.05748141852864849
0.02526215506487912
0.02033792037708904
0.04751194222453044
0.03705079794146174
0.0391860073957396
0.1014661627371894
0.04073169010396378
0.05024172818661583
-0.04330715939347688
-0.00899995100513082
-0.0276323986087565
-0.01757455531658783
0.03376626828932326
0.03306249862074906
0.02825350503759868
0.04744673576120677
0.06490354643823371
0.08223920610626394
0.07661848626900562
0.1118227163172491
0.1059660108773071
0.1199255810944568
0.142277293428497
0.2511358764802913
-0.01363538301405416
-0.008522162896559469
0.1389075142916685
0.04755704606742551
0.1685744884425825
0.3119985170565426
0.1631155716406534
0.004840093773192406
-0.009303764831799377
0.1401182251111497
0.112525333064604
0.2944497344980244
0.2290191301463238
0.324661025100064
0.321595338097848
0.3734803620956888
0.4068960446496358
0.2596166014307
0.1290682723248552
0.1583332078588998
0.005587313921640949
0.01849765045777688
0.02968920383377365
0.06032764111287444
0.05940066178606772
0.1756684747567233
0.1565047537960233
0.04273680865250644
0.03928997320068794
0.06715444061312156
0.1732224379592932
0.198854123624486
0.1704760771964354
0.1283766160490825
0.08572612503765664
0.0427926493287429
0.06225175316216577
0.1016622575475142
0.1838884899152119
0.01863985974780433
0.01002538173123958
-0.002853398880414251
0.2614971441774236
0.07381835497092842
0.008662834704466334
0.01218231846051311
0.01658751603869021
0.01672498207340006
0.1946857659595856
0.06941023145700599
0.0066739141696862
0.0365087973432292
0.0801384729183154
-0.009685230321981455
-0.001739181557548874
0.09729611805478372
0.09487785271742702
0.04306093314159833
0.04977733753007449
-0.02604330114439158
0.302080666919972
0.3091984180107401
0.09880946727672436
0.2106471216143899
0.01551602830036923
0.008016359832392629
0.04131755552760656
-0.02747352308025331
0.03124949461200693
0.05683386925040536
-0.006028248196560967
0.02058237877834546
0.3950700365669621
0.06826158275353768
0.1385480536004783
0.04298997963454496
0.379211215942809
0.3695900802426403
0.3005671879893321
0.04766674111678688
0.03006631797397143
0.2889841019241498
0.0612387960780276
0.0256042523922515
0.001288529961040708
