0.07124612517061421
0.1056492719527998
-0.09205838896019711
0.2465565779472167
0.09421562757649055
0.1529502734618724
-0.04307348873453908
0.005944556950439227
0.0410442697668148
0.1719618048483744
0.07235560523279565
0.2190592987729148
0.1311090300410129
0.08138364321721078
0.221516339464828
0.05773364541884635
0.2458855750125817
0.07016195064810732
0.09186583114073467
0.2503646563767407
0.1831175547010547
0.2472607777371276
-0.1803111915398195
0.0233225100752574
-0.1024615907895474
0.2309166525091532
0.2242943465762294
0.184642813138911
0.1760325007797592
0.2383336051818248
0.2254586175843793
0.1176819825110912
0.2512266217680186
0.2393831996995421
0.1877665413073143
0.2566430965645427
0.2509778801961802
0.216629690747432
0.2475854795987232
0.006812756753157583
0.233381408114219
0.1672630073907087
0.03225800827829699
0.2047001940547575
0.1804293190616499
0.2557073915916719
0.1026745470591881
0.1670143159863277
0.2294045861128363
0.1812317872247526
0.226645832595109
0.1671380838244868
0.09704221013806578
0.003355180711849106
-0.05730585799406579
0.12353413282831
0.0080959392708277
0.05275102734902564
-0.05235014442054732
0.1306001568203766
0.1579839251342661
0.1050183750913122
0.07272178156627807
0.2447219838059076
0.23266484630334
0.2175687838170059
0.2044141500822333
0.1659770833592016
0.1913610059674568
0.1436252614301718
0.219402351380833
0.2087861465377175
0.1510394373526181
0.005885895072513921
0.2281684828766032
0.1781429540812849
-0.01279535275128856
0.002092988601539943
-0.07045614964507824
0.02723694559018587
0.07071884811647328
0.09874944439166641
0.1460219884205047
-0.03631954249567188
0.2225591572178663
-0.0354385589852869
0.05582994892618821
0.01411782714188123
0.02144784279699511
-0.0522095497937712
-0.06254529785784937
-0.07890179788344465
-0.06425585540066364
0.1335821941384576
-0.1199337297393674
-0.1744925952354735
-0.1948474732274159
-0.1665630210825833
0.0009939598233689355
0.1140186003338902
0.1446202641191957
0.1757009630826059
0.132638039574674
0.12854637244173
0.09964682689366046
0.2180736170087841
0.24580555342396
0.07066280538396287
0.04192191090554518
0.06893295649994634
0.05047918516927106
0.08291507797630837
0.1056113352916285
0.01373593804039025
0.005089215580165888
0.01512243882813497
0.2489984621268903
0.1301115655432337
0.03870238505831597
0.3125613120455709
-0.0008284463603532509
0.03014729497525767
0.01077000196957245
-0.02442593548042709
-0.0885586721680104
-0.1391352422781487
-0.07382181291968612
0.01341002998198097
0.1000051489687404
0.2123968482616585
-0.1849301134079586
-0.1505808127665244
-0.1257736591511308
-0.1180952543783116
0.0348467231183721
0.01898095376415476
0.2786047045526459
0.3870238234713843
-0.1860057473390017
-0.04132025100100668
-0.06735536359614831
-0.2000190518309714
-0.1224127641202026
0.09867369466584164
0.1143857069542575
0.06043301447821587
0.02841325382615006
0.01635818783220885
-0.01060324306627365
-0.02880521017538733
0.1769899271521365
0.2279325097767368
0.1451428811565726
0.1507190418706971
0.1105666917248131
0.05928224042672894
0.05027811052913814
0.08513523942169196
0.07050353022539751
0.0551423653852817
0.0507592424922532
0.07676604310303016
0.09088792205192854
0.09378297321574997
0.0415519538752687
0.09087489016745492
0.1552004478093267
0.1596022775732946
0.19595913116472
0.1797301820650843
0.2578978664599328
0.2794369802160543
0.2681538302543406
0.2678303656379112
0.181074146961738
0.105640315818191
-0.02429822470876587
-0.05130412826050196
0.01495471086087337
0.0836387289887609
-0.004923396041547824
-0.06800252876943504
-0.1005057939135471
-0.009757471835919946
-0.01695184639132725
0.009293710748657895
-0.08911077560533594
0.1517431201342704
-0.2053241069326999
-0.03883348043810264
0.0417694510733272
-0.08126914607621843
0.3823697207739715
0.1804814164780158
0.1185866319335026
0.2441839300055853
0.01679352692064626
0.01421501796730548
0.01004396183477162
-0.03064512460086512
-0.07590478361025672
-0.07048087751556315
0.07354788389497455
0.1822270802489619
0.1409621583701456
0.05855300854147187
0.08192801840235706
0.1848516321800178
0.06432292461584406
0.255776398068915
0.3974737359694201
0.5725779584095486
0.3487483891974953
0.4535196841937204
-0.02709830448519769
0.4884274704893004
0.4202397717896926
0.6090348888041968
0.5489248531854291
0.02695344976555614
0.1294599660442891
0.1648771985135919
0.02119853667143816
0.1470391620608534
0.1353667807376252
-0.001935869079514277
-0.01787375482467749
-0.08595945383347929
-0.1248339210004305
-0.01003917223575404
-0.01125292309620594
-0.0207443175611006
-0.0230626776396943
-0.04359081442199462
-0.003560820515286212
-0.007452246142740777
-0.0133881456134531
0.009127554755231552
0.02816361941058248
0.04805497395470056
-0.06006552890316613
0.005975707297334629
0.01432037841691805
0.0360282421461595
0.03225115001114148
0.0005915721671775632
0.125847671831694
-0.1102093920004616
-0.09813296548932908
0.00818662838433537
-0.0214849535031307
-0.04344887085489162
-0.05366826648457566
-0.07365666247799223
-0.05159827066976874
-0.0939596269478237
-0.0472623302368293
-0.06106613859013546
-0.08229336314566633
-0.06041021577224208
-0.0732763311809262
-0.1056726008057199
-0.1195994759369726
-0.1640710173660664
-0.1591210554616367
-0.07646936699782954
-0.050900386445959
0.01548844169205484
0.1111465674197331
0.2296413376182125
0.2518790133322506
0.3204546018464851
0.2302312368795017
0.2606461439989794
0.2291982838242857
0.2418058052302376
0.4425799381757878
0.2616672464446528
0.2758334994577558
0.1328812063363533
0.07826994619632176
0.09199212459100453
0.0192432632911599
-0.03722215266453481
0.3957691705282109
0.08012016429138491
0.180909089678401
0.08582717448469893
0.1587933929329119
0.4295336487847908
0.3551830440386526
0.4566394649860915
0.4046316424479204
0.3143294045579285
0.4112416518012745
0.2770224798321669
0.4957818031480264
0.5628144882297803
0.5432777631937362
0.4903346747055137
0.5037160825231307
0.5233434086540915
0.3543865402857529
0.5964449210819969
0.6562651340087822
0.4905946829931828
0.579600308042507
0.530541614969174
0.4179154237230365
0.1007778223888739
0.0530132041421551
0.08010813996047392
0.1371123635870421
0.2605872346292429
0.1992104178480474
0.1399795926366939
-0.07937127420398161
0.3213493727430271
0.3160645097763176
0.180436451427425
0.1502136807697551
0.1752689562985746
0.2261518946379981
0.1611270969139312
0.1350996662645739
0.1953932824998025
0.1836666263924578
0.2223256888176336
0.1839580595914817
0.2219068654690721
0.2640845162073052
0.2816325420976029
0.3935333202349059
0.5354051306736514
0.5198133693286225
0.3105609565168515
0.2949861333152541
0.2817795269855866
0.3695518449205835
0.4732287416041907
0.3682399731291619
0.4375160891981418
0.522330813058145
0.5835664927635111
0.6418442403087989
0.5890467502407709
0.3176876879294047
0.6372331972307546
0.588022019938957
0.5753933408149302
0.436868462871372
0.3958676225327373
0.5466784445086058
0.5432578210521651
0.493192823570905
0.3952997631570435
0.505185350260333
0.336185571461207
0.4260148208492075
0.3402983907242652
0.3629344346065723
0.351996531421705
0.3173841602346418
0.4311987123664071
0.3204102984046831
0.305227376644263
0.3334526693973475
0.3865970870196045
0.3004005915657833
0.2837235996558554
0.2309349932573374
0.1534124715769757
0.07051002611249879
0.09242989485459904
0.02975324366276395
-0.05446837996167202
-0.05032881834311965
-0.05092180967252474
-0.03831841274764565
-0.1323321955472005
0.007832646320670839
0.2042884205135663
0.1223405706887209
0.2205242229646557
0.138616388546489
0.1213546701756514
0.08890878647797901
0.08245643507531555
0.06355658746165424
0.5812262608216978
0.3758125849201522
-0.01196742519079827
0.5414139084361822
0.6291834380475574
0.619160251378331
0.6268968432857268
0.6105720216243836
0.5807247218397306
0.6208251241212366
0.4872422700950111
0.2307968123758295
0.1561292474531534
0.5216662097666248
0.4466960346091123
0.3238349198916912
0.2636199067851345
0.2499815586410221
0.2283527337968265
0.09969455825534092
0.3174713605811762
0.4786898177110628
0.338881532087046
0.3594578980250513
0.2761782505818192
0.3007742636275522
0.4343549656812433
0.4755241372558348
0.1616943486548372
0.4001232763057004
0.3719097624092
0.1090410367719034
0.03158281508249373
0.244609426692098
0.3626043708428489
0.381337833822369
0.506234282373546
0.503002041164439
0.4878462276564809
0.4729816015684272
0.5539792747987402
0.3605195172287736
0.3029487649090424
0.5729122907936596
0.5559433042382202
0.03019494344588287
0.08510845447910867
0.1298248187700621
0.4754540250284142
0.5016573917064058
0.4634223026046482
0.4007383256569217
0.3515096590475374
0.2669620094557791
0.1935846124818081
0.3474192617611714
0.3468626645865814
0.1205735213762692
0.207788271780104
0.6315527145617433
0.0296285093878132
-0.003912391770614919
-0.069993625479913
-0.068925375841208
-0.07644813854370543
0.0421027882238823
0.01553485336706539
-0.03236856210313634
-0.04762828152362349
-0.08118456541979661
-0.09322580472367857
-0.09039162658525267
-0.08943674469052627
-0.05158749861055967
-0.09720737030455159
-0.09936297252251987
-0.09821466878988758
-0.09953488066957991
-0.07715724777587329
-0.1300570433465071
-0.1239613050965185
-0.1634689063846614
-0.08095257790088473
-0.05422044266166515
-0.06744699002847029
-0.05923745290442144
-0.04999068029482731
-0.0210746753036171
-0.05814765381677329
-0.02227501944324643
-0.06601960038704803
-0.04039731336464283
-0.03256039808152357
-0.1376639252323379
-0.1033547239809336
-0.04270857920856044
0.00578537462727202
-0.02015575291004824
0.1564819103276174
0.1212418954126036
-0.1347457570144497
-0.1490883895502553
-0.1536868747246764
-0.1129102840941443
-0.07731426076304837
-0.07357008678530448
-0.04440253795444571
-0.0634200279039274
-0.09963957284314237
-0.03954923472962401
0.00847772992843439
0.02453699711265163
0.05614063045892556
0.09145125532984032
0.1250016459702159
-0.04895853583796198
-0.02131494760575151
0.05714005435504883
0.03930472416443528
0.007604283039933859
0.05344594451950337
0.01146088277238534
-0.02746153092593686
-0.01085800458148264
-0.04924274122051471
0.02974949567980089
0.03428095654154729
0.02062245428204523
0.00760852852662646
0.01080596955741691
0.03844481877364368
0.01246801243861158
0.2586989954236922
0.178098779068093
0.1823430308543955
0.1977467698600517
0.2473631238218174
0.5954667089053385
0.556386429537699
0.1283276975672434
0.2178335222746114
0.2343064492685258
0.1935408132398212
0.2162743835026893
0.1594876435115679
0.2496169708301262
0.2607899019394759
0.2163891294305458
0.1759586810787045
0.1669171716516016
0.02745031498031046
-0.01514346581112112
-0.05405142032350623
0.5212499241274439
0.06543905474397034
-0.1363394949579658
0.2084838986457554
0.4168388636292663
-0.1072727168580942
-0.04594543223168154
-0.02858544907867887
-0.1368054925339061
-0.007758052798939296
0.02780353011489697
0.05605027496905737
0.07760631851107019
0.1356462238442252
0.1343501293099919
0.04577345451701353
0.06485412423386645
0.05982737988779917
-0.06493731869512397
-0.01279770659818367
0.01148515868848913
0.01229299985361724
0.01409400072234381
0.03153504686080526
0.06487570248525662
0.09983530405518068
0.05750292645209118
0.04812281088283737
0.05900085836211081
0.04147255988939728
0.02875656901618056
0.02043607745203704
-0.009559652014619426
0.063238397675318
0.1041219519764181
0.08804099859899357
0.4588958971746767
0.4819759485753483
0.5179618146278745
0.4310708493009523
-0.1857077762021895
-0.1932802821421186
0.1738040633746938
0.1468754375849591
0.1277376793447912
0.1624303176577316
0.1455005026414005
0.135812893455121
0.1576662898421564
0.09701965280483746
-0.07865369532898589
0.0332881849640614
0.06371035427436086
0.1533068185310834
-0.0573121999590776
-0.0149776430298431
0.005614999961194234
-0.1860399974697724
-0.200579086944223
-0.2088461796477238
-0.1949439143086094
-0.1653260307215929
-0.1116093546960398
-0.1667250344997514
-0.07099202857990418
-0.02250848117974088
0.02735524053734388
0.07724414321357728
0.2680652890049353
-0.02171755188374943
0.007019355696769241
0.1215485803004939
0.1415466894571346
0.1939648732550535
0.4947184127657591
0.3209199800897657
-0.09364992025635863
0.05922772763913701
-0.06049135761287059
-0.08148886315423465
0.4447742914160229
0.3585915089967754
0.4755829657931605
0.4737854667953975
0.5450012973976883
0.5907790878537929
0.3882746933207255
0.1555705572506901
0.2751500202854917
0.2252819871601902
0.2121021577399044
0.009259950009365376
0.05458162791852755
0.07774373284524415
-0.01575762478253181
-0.00207159986149845
0.1407909677776485
0.1333097987818078
0.0513028317027064
0.3372344441667784
0.361478047977191
0.3288595696686116
0.06537473993945825
0.02135053256315535
-0.0848693654360206
-0.06638536315301642
-0.04944284271539644
0.004979383917444647
0.1376254739030519
0.08612123649440435
0.1453988962985894
0.4323511146212119
-0.1566263548049315
0.0009363019692287352
0.008994326917077404
0.01588500406580988
0.003172668290636732
0.2779870601022102
0.1470233420234968
0.07203857467102297
0.08899763770879424
0.1693593065300235
-0.009925811474064423
0.01247630174150048
0.06753247472265828
0.03627002831808371
-0.02097489446937745
-0.002472108032747957
0.2729994638295972
0.5299062063960143
0.4753208801672023
0.1212444641575325
0.072757084161891
-0.2009263441777148
0.1134911079739589
0.2358751140484106
0.004461687902633201
0.008998398732963821
0.1226329164687417
0.06745374754296703
-0.1878219017000369
0.6164424525417568
0.1775844433419032
0.08136618058829934
0.05661350862934316
0.602484465693695
0.5204334698357844
0.4589792382608597
0.04061489372791208
0.08365489070793219
0.4861832423096795
0.1145131085138369
-0.01089887518297112
-0.1696829296627792
