0.04588507728230262
0.03310287029890104
-0.06303412344960665
0.09586389512580817
-0.009309019229401633
0.06087813727064213
0.1943949243898174
0.1624056780378825
-0.1527341999444657
0.2110936152861266
0.04133411349807756
0.1234217552037209
0.0796689145532969
0.1016913549818136
0.0170506924707071
0.2103604096401386
0.09872207967314424
0.2148493995492265
0.06420036642718385
0.0999707148153008
0.07083040994747219
0.07917574342307204
-0.1821975205061929
-0.1296723832597728
-0.06050985652141477
0.1649497763984673
0.05786427048847673
0.1417042800561529
0.04221413741780778
0.1123795615519358
0.1446874532613909
0.1746077829685466
0.08780611183611674
0.06298683661157423
0.03895335671631944
0.1019394069508796
0.1214063745285657
0.08459899902187287
0.1190552664260408
0.205590577747673
0.08175015420118398
0.1432306050973385
-0.1139367668473611
0.05292146991649856
0.08193688348462297
0.09913922541612803
-0.1539715993183955
0.1817811991499256
0.1065032956714566
0.1244465193367247
0.104448858562391
0.0930690866698972
0.07319594486523476
0.1926560394785496
-0.2516087133820158
0.01118381026374583
-0.09125099030858173
-0.06500483989165314
-0.09521954263161164
0.03385651993119618
0.1009659641230671
0.1112690504388967
0.1521983244775096
0.08172262911889966
0.07705779987147045
0.06322183541308221
0.05343553469640509
0.05017412167600072
0.03508158294233537
0.03593197534289581
0.1297063022737245
0.187182329527768
0.1876016616622815
-0.004475508742994409
0.1286392294639745
0.1502414611757673
0.01576026943622875
-0.01481741261586998
-0.140176350903546
-0.02074713677954504
0.1553886170405315
0.1115156725076023
0.1727065280834741
0.1713492692373141
0.05298205723074208
-0.02103428063185259
0.006606301828983892
-0.04701281071515722
-0.09139692882682417
-0.1568499377309997
-0.08981345985667694
-0.1392011318086988
-0.1949813607938909
-0.03895166311616175
-0.08595322790844534
-0.1381612703871697
-0.1856739127920219
-0.1577546170123739
-0.08526874720216525
0.2168088039125136
0.2115746557120978
0.1469990054695085
0.1875137010430306
0.09432870729682498
0.1024451561570567
0.02576471231772345
-0.05188013265646099
-0.1736703775484972
-0.01244358348034324
0.04195164881135349
0.03167357624394092
-0.02164288791621049
-0.07750261487991202
-0.1778613880873025
-0.1767751827532847
-0.2128567930004346
-0.01179384337283328
-0.07583767785863864
-0.180249761107881
-0.1148706983696855
-0.1197609261490737
-0.02213135175777525
-0.08312388652893493
-0.0784693723638351
-0.09903539124052056
-0.1548666449610174
-0.1750610894237853
-0.1602751601102478
-0.1500634588243982
-0.06800892844687378
-0.1872458160220394
-0.2041944602665649
-0.1988159740969861
-0.1418201426228102
0.01602552124505262
-0.08167507599542095
-0.06281375095000027
-0.08748059289760304
-0.1792419355196355
-0.02402165553407465
-0.04309515066582358
-0.1826798637373298
-0.167375373398515
0.1178867258583344
0.0838654125228453
0.04820266628778228
-0.09737370521298065
-0.04929523883068189
-0.0237246638613219
-0.06127077981750407
-0.1019751876856105
-0.1281159102078309
-0.01948493728611824
-0.01352294879024473
0.03946785470757876
0.1017184632129456
0.1045488677257879
0.003696289730373657
-0.03114939203257636
0.01372570762358664
0.01253644703634649
0.04972403457432371
0.001094563492325445
-0.02945229284419125
-0.01918648162534834
0.07103834828921048
0.04702287008211459
0.009634821583686847
-0.01901998973989771
-0.08640948232378856
-0.01837289688800212
0.02105846041952836
0.06862761882026967
-0.01379068884845434
-0.1041440969095214
-0.1688807764637069
-0.2190726852136609
-0.2187607588727794
-0.2188003447917714
-0.1029578986595834
-0.1455215741890173
-0.09891299512781841
-0.07737109255666455
-0.2200322861494639
-0.2200284632821138
-0.04309959948830892
-0.0870736802528007
-0.1038364054091426
-0.1797098092830395
-0.1341158586796577
-0.02159164563278962
-0.1268846092033866
-0.01187751286778155
0.07480580102877481
0.116523096205389
0.04401540338271639
0.1577948281927309
0.1422493906744473
0.1419583277557757
0.1772550646601548
0.1968392097978037
0.2073635490433187
0.1876933254245214
-0.1179019953343032
0.07809088576478372
-0.08203875928158395
-0.1532728097126855
-0.1546797639079945
-0.2075720334973317
-0.07992850292297454
-0.07025997538323557
-0.01539911156831458
-0.05456318579791192
-0.03287932569264711
-0.2438040025957895
-0.05665748490240489
-0.06083431180014971
-0.04690008763355588
-0.07738291904735441
-0.2189073687673052
-0.182646078988649
-0.109848886027145
-0.02232269888132987
-0.01128454042541114
0.007066137618111802
-0.1306334615222974
-0.1289030212746899
-0.1463024704919056
-0.1796079733949929
-0.1199536198138325
-0.07275001818657023
-0.0395609914502872
-0.03771955483657199
-0.06226549145355073
-0.05394161917060175
-0.02915589657761872
-0.004699793125929166
-0.06537752839859522
-0.07463129445853148
-0.05156690889529353
0.1795310365150301
0.1443914058290423
-0.00320703597908065
0.00374185600655335
-0.002337863004723182
-0.1877919218523006
-0.149303153161202
-0.1034417678582017
-0.08829159503977882
-0.0241864410353548
-0.09858102605435506
-0.1033500024833076
-0.1244926181374614
-0.1547234563041271
-0.1578367952942294
-0.1706002403228619
-0.07688421422553131
-0.06948256933242643
-0.07787168424963711
-0.09990011049104586
-0.09510740767470605
-0.1212234722273232
-0.1486469180834406
-0.1753255537603324
-0.1888884141074501
-0.09237060746504359
-0.139892049727624
-0.1033015101140949
0.06120797307537813
-0.14784148607965
-0.1216142011709066
-0.08712511422218057
-0.08075677517618238
-0.04368151937477968
0.01835233176196914
0.04587790972843176
-0.005031083875622239
0.00258007232789398
0.02924527110094269
-0.0533092896202419
-0.006322077711434792
0.0561994390718846
0.02446654227623715
-0.01612523283171865
-0.08052071420110014
-0.08140221308847204
0.0135110448080738
-0.1348956752509589
-0.1519120881939799
-0.06090301188464575
-0.02496185226894853
-0.06417056412593534
-0.04481418443301708
-0.007904218399619783
-0.06310012610280007
-0.03963811693764253
-0.05281999474941319
-0.04052833790206731
-0.05206659350430003
-0.04324044852840285
-0.02968245627340009
-0.05265778497338008
0.01846415846754978
-0.04222347086450091
-0.05417458782742075
-0.0195525059034109
-0.04740320469223261
-0.02533263683920853
-0.01677341709709529
0.025388806575804
0.0455768215865071
0.03702953990027544
0.04522984998689887
-0.1223258239645304
-0.1102143297971425
-0.1421019547090897
-0.03708573107855594
-0.09632793237742572
-0.06029392062780279
-0.05968790295773066
-0.07130547742952273
-0.1135773342414537
-0.0352522188435974
0.04958793022811391
0.0581194822875393
0.05107678508235789
0.06888242791658154
0.06166618458196213
0.04993545428899968
-0.007111904984628021
0.02153240751465062
0.0139539343853774
-0.0365490690305367
-0.06737929276462644
-0.04891923411195391
0.01542249486254159
0.03233705767573173
0.04378095534947156
0.01603464766800559
-0.01020033960708921
0.004808352865882869
-0.008028549073672106
-0.02646447169545485
-0.04093700594973465
-0.04488164787839802
-0.04652582398441711
-0.0473307597330543
-0.03766126716716815
-0.01073671584611686
-0.03821883355315553
-0.02944845933654521
0.01127716630661982
-0.02900098006677054
-0.03969210456679578
-0.04274863950509426
-0.05860617615568575
-0.02404285991239091
-0.007469673992236582
-0.03788770487452581
-0.02815377793598946
-0.06938845562392894
-0.09332920737529533
-0.09656005209194327
-0.08908667628959537
-0.03707677329183202
-0.05358018215940956
-0.0835631003918494
-0.08954328452706163
-0.08978087622808778
-0.1121350259603899
-0.07262239508482859
-0.0646633489936551
-0.02970497330237545
-0.0904101362442879
-0.1250222711858224
-0.1483177516608724
-0.1756105212694986
-0.1112907162166825
-0.06124173670812023
-0.167900467957402
-0.02023955978065478
-0.03979931611398874
-0.1311515888125893
-0.121553924220008
-0.1449794480191453
-0.03108910797870851
-0.05314859032702557
-0.1093950173282666
-0.1587016444356502
-0.04749023953765295
-0.05843131203439435
0.0008509707852463886
-0.03740617024737179
-0.0511700201038264
-0.06229742221865942
-0.06363109674912353
-0.04855933819884177
-0.03498428242006613
-0.04048724899954025
-0.0493604723775324
-0.04084309932275877
0.003096653696820581
-0.009727260100989722
-0.01171532782814691
-0.009317088779865182
-0.01100367691725799
0.01672714010058066
-0.02071623533909428
-0.03220282140685791
0.01091581058277399
-0.002598534244524534
-0.03490975439627999
-0.04839979224154754
-0.05552267892069053
-0.06068746468050217
-0.05709508426668383
-0.04305624310079331
-0.04694577808044553
-0.01182963722529117
-0.02972182048844354
-0.02728547850716467
-0.00546584503469182
-0.1072429225943215
-0.09498323785940994
-0.01073886574269043
-0.02465382651353839
-0.007668013766405082
-0.0330673138719081
-0.06075518336338259
-0.06054928150332311
-0.03536459696024666
-0.03612469622687076
-0.01099062453124904
-0.01153940011787465
-0.1643527952420321
-0.08167887878114964
0.04328415892030198
-0.08035093284985147
-0.0832721849323772
-0.07802306243489603
-0.07631946369901911
-0.06696364390590816
-0.06203357538684801
-0.02060588515357738
-0.08456427503124496
-0.09883455349285293
-0.01143541584333312
-0.03258876133683147
-0.03340234403202585
-0.2000063245613327
-0.1894337843709633
-0.1969425791502791
-0.1793700293722836
-0.1215592467725516
-0.1552936751766325
-0.1180826718305323
-0.1033915028216914
-0.1262576752573023
-0.1175582734104184
-0.09870788929159453
-0.05046075976843957
-0.08711379108371203
-0.1563317241000439
-0.05481939025286376
-0.07462443921417453
-0.08628963680340024
-0.08303737901737425
-0.05459472070531099
-0.117456683850218
-0.1211413374246365
-0.154900139440443
-0.09179975425240855
-0.2188966883727426
-0.2475849179608985
-0.2458623343519531
-0.2413901846598344
-0.2116571726188178
-0.1901987271051116
-0.169890569760266
-0.08559130780425028
-0.08565676063156905
-0.02903495016791556
-0.181803571118522
-0.1672116449832524
-0.1552970412034438
-0.1340340340659779
-0.1246643712896463
0.002882422626883383
0.03057343824934995
-0.1172263116194716
-0.1071193108023034
-0.1420209583416726
-0.06801786907151038
-0.04235286670453053
-0.02410333854016846
-0.02412840467601711
-0.06515009025407553
-0.1082612356526948
-0.002489377057833276
0.01328492324893929
0.03463263752080835
0.05351507074363089
0.06139248744064391
0.0638668072491559
-0.05552731472123602
-0.04378929444846619
-0.1222074594099902
-0.174173685132201
-0.1882607920895989
-0.1931193018589164
-0.2253438028962163
-0.238652606568164
-0.2224767703830677
-0.2418249948903207
0.1410066035344922
-0.08871876616375481
-0.1042740590908392
-0.1105195897793834
-0.1013908478352469
-0.110670348951185
-0.05686534674998257
-0.1025232311865077
0.2087552618501773
-0.002523140215290778
0.001177952690447833
-0.006012997694464874
-0.04771871866497017
-0.04809723377367765
0.1608021842405615
0.1133657058877459
0.1110234728492972
0.1353441018204651
0.09597135522890157
0.02958754922253919
0.07194275472119027
0.01218508150556994
-0.04893524124823027
-0.04223086105235965
0.1272874732640401
0.1833125244774102
0.183611754198276
0.2035981137031246
0.004524340097428481
0.01108101635131769
-0.1348060456016669
0.04437609283070275
-0.01554164735431636
-0.2006789941692042
-0.1903278874149812
-0.1646542130164216
-0.166925109694668
-0.05935490825727018
-0.06824348863886792
-0.04594429526265513
-0.07346471766811992
-0.08022872063125901
-0.1158599486633964
0.10545026865753
0.07476220365908959
0.0714541570746995
-0.05915387724458017
-0.1806726728743216
-0.1467597467405421
-0.1380184853214544
-0.1555982945906677
-0.143908064136198
-0.09520888446427617
-0.03849116225795689
-0.1322681964444909
-0.1666500396620086
-0.07144645687162528
-0.04237443139422631
-0.08826385928356473
-0.01602315510677333
-0.1912546804409881
0.0009920412583519353
0.0233442063332936
0.05617230241048245
-0.05789544880468044
-0.05309927654076332
-0.04226301649597101
-0.05448230626882873
-0.1642926402120566
-0.1679916967971918
0.1105997821495355
0.1409763589582842
0.1600307585552905
0.166326401551071
0.1841130195589446
0.01377638610842971
0.02191011823180347
0.008052474852131231
-0.0714520683913893
0.01620232092099931
0.06969373941843102
-0.02001661247081617
0.193891119781815
-0.02229431071793307
-0.01802190934843564
-0.1717724373583744
-0.179606714624959
-0.1901254285083574
-0.1836049138876605
-0.1881500886368922
-0.1920703016047161
-0.1893047489043788
-0.1967609054788217
-0.1823942349223021
-0.1833762820340057
-0.1666102916055462
-0.01974565282822664
0.2100898908776869
0.213760057892172
-0.1774301740369333
0.1283793915912416
-0.1299795438434477
-0.03102425344761048
-0.01524736200627497
-0.07251998689905836
0.02763255148709729
-0.02026670965149263
-0.04324751480449813
-0.03790166039084081
-0.006831658438668496
-0.05207845180062319
-0.06356833137625578
-0.05858156470748743
-0.07278957399799582
-0.03842632074993393
0.05477382195256238
-0.08134299850701915
-0.07104625822517897
-0.04854384040641898
-0.1124687644344397
-0.0592804726598669
-0.03223761921053966
-0.0008685305187119012
0.00128211486134241
0.06298778707435485
0.061712705570892
-0.1266681779732707
-0.05937562289737924
-0.05137173303416696
-0.02818429699307468
-0.06313575175831623
-0.04836558957707478
-0.04989552830869202
-0.03576865680008633
-0.01779535962054515
-0.0520185643388909
-0.01208327868776706
-0.01626519734791144
0.08997755638261716
-0.08310106121407027
-0.1663364124137295
-0.1067761210435601
-0.08082030588439398
-0.05673591655599251
-0.0965631212349328
-0.1107877670552055
0.1952301217759176
0.1093369424231176
0.04460769126422724
-0.0359970698231516
-0.09639787891924217
-0.06074334377331751
0.01143771828341873
-0.004250473840991966
-0.1082575054016774
-0.07761949806937807
0.05741409845343914
-0.0374900946655659
-0.008868231429137821
-0.1087204049560199
-0.0368180885923571
-0.1941250670399653
0.01552095943267544
0.1679860432564447
0.01546827601950978
-0.03536046449030977
-0.002973431395284712
0.02854295061065334
-0.1834236569957102
-0.02198556529737328
0.1729135840323861
-0.2044061044848805
-0.01621549203945856
-0.03505263406765183
-0.04334250868322048
-0.07904930514331519
-0.08440944717438129
0.06526760078149126
-0.02405838554141085
0.1361678598798829
-0.1403379505727527
-0.1553532572924611
