0.1476596648405
0.226736794402848
0.1153628784673618
0.3351006923877423
0.3104947546318922
0.2808002329884904
0.1749017926593827
0.1816513117763428
0.2829023026459344
0.3224376637938652
0.2622953683990283
0.3789262987826644
0.2470822972061249
0.1713015708337562
0.3910112111492868
0.2966034627153749
0.3698858943947961
0.2802697706893316
0.1956822437268314
0.3659342879082161
0.2950665181990472
0.3408010312187316
0.121025081817322
0.1647135498418295
0.122728721048202
0.3784820125712465
0.3325961068198618
0.2219876948130698
0.3311579060601391
0.3767254770140435
0.3846521929829333
0.3374063389743094
0.3553131635745448
0.3337765724289959
0.288494632240079
0.3537631747911154
0.2936559696837918
0.343494763175201
0.3720156480521825
0.2456466339970527
0.4054590526968709
0.3358805551990753
0.2149763459820117
0.2721247877851895
0.2432102337190511
0.3095088962008709
0.2560071823044636
0.3602266111619394
0.3748391380337802
0.3572792318468793
0.2741381541772052
0.1901844116039411
0.1991847060947824
0.2399315945232511
0.2344453915199469
0.2659536267931886
0.09905212899492302
0.20564679731767
0.1932484354376101
0.3068315394782419
0.3024196890643402
0.237592736879455
0.2756569437183262
0.3556358071316391
0.350819312940877
0.3244358236123899
0.3154607546761293
0.2681823580588535
0.310485389044662
0.2625352265650268
0.2515023248479903
0.2890307382577526
0.2608233524435533
0.09677819208086168
0.3805539493965265
0.3640966050531766
0.1890059197844851
0.1825852198496532
0.1625036177883677
0.1299648140247006
0.2727459787628034
0.2660315433889028
0.2078182945913395
0.1115190309495216
0.3075266115602262
0.2119868088811516
0.2853970285481136
0.2554635997299237
0.2259542095591522
0.1282961610793252
0.1017534999314532
0.1780129793664959
0.2054006909631655
0.2641938169009113
0.1417406491615021
0.09841086230407742
0.1397826539956419
0.1422449770888262
0.1739092115045611
0.3159738893710794
0.3061983488937179
0.3119196649268753
0.3070437532917311
0.1687402544123621
0.1538582179013014
0.3688930731884874
0.413238758599919
0.2899426294439921
0.1269183307076627
0.170484036102608
0.1365055288569851
0.2268513529463057
0.3026952525769468
0.250930539300185
0.205528872705534
0.2343884772009324
0.1445823030962903
0.1655755818976711
0.264558654510951
0.2570169988010451
0.1537197690138693
0.1740727477292359
0.1687562854662772
0.1691047704117561
0.1418677914224813
0.1276883147684221
0.1611421098842904
0.1957540772411251
0.239616284939936
0.1903562362411928
0.129301657628597
0.170346343982696
0.2258270379915595
0.2178687245587357
0.0832723105840114
0.1943394408676509
0.2103609667985863
0.2350978417064112
0.1823823820554608
0.08820072100203374
0.173604569740431
0.1287801758431077
0.1024664196949449
0.1754277407254621
0.20798532125983
0.2252300512080581
0.1658942265168282
0.1004839370094249
0.0848604527753539
0.08310164387527923
0.2547751770123783
0.2792378682313554
0.1313417628200675
0.2178278216611245
0.2102869312522282
0.1476057071583706
0.1706883177157914
0.1853996930705127
0.1978625083006937
0.1337748059316133
0.1503543866907045
0.1810600253586614
0.2142588196396614
0.280076779828985
0.1654583730487117
0.2190915240805192
0.2928327753544152
0.2902233672896475
0.3402874258588521
0.3149679064473077
0.3989998318629429
0.4466593938910152
0.4458434774216793
0.4348125129559476
0.3657834386515221
0.2891653472530951
0.2068655739840722
0.2198442786145083
0.2405122776880619
0.2277580887844446
0.1852358461634569
0.159205074024359
0.1542312720942786
0.2464344014633143
0.2316898350686988
0.1477338790010672
0.1090232601929725
0.3359791865873495
0.1132941514557158
0.08667870976263078
0.1461786931135915
0.08830404070617714
0.3087894189897965
0.3461394377427999
0.2980375994412335
0.3949103411509738
0.2092094920497993
0.172417500606168
0.1411545486326236
0.1542720657981152
0.1203636565626095
0.1614947398702068
0.2785797486626013
0.3292624268223474
0.1335181853560817
0.1501227154330237
0.2146867935980709
0.2512523836144731
0.2646203688346285
0.1964547484391802
0.2154056822181738
0.3131968243312982
0.253342457191339
0.2267438342707981
0.25398140235323
0.2785242424960808
0.2736057319033432
0.3971917161208292
0.3350019934274321
0.2634250709045908
0.2785553639688219
0.260132964711266
0.1946564339317634
0.126466309006067
0.3024658775488885
0.1384868992408029
0.1692112713789742
0.1511106268026493
0.1234898983590598
0.08874684192916005
0.0573573677004971
0.07103163935987869
0.1075833341928551
0.1280213494155817
0.07729749458782621
0.06482514486752207
0.07369612127606537
0.08120287971103489
0.1345878558703688
0.1716475963327386
0.09862173144349756
0.1175791197200858
0.1202973637675627
0.1423407386425702
0.1301381483016776
0.2592202415963809
0.2637233894284226
0.1141963086560137
0.1436750248473121
0.09428353537027036
0.07048563492924811
0.08339532995090342
0.0765236326839551
0.09179105925257777
0.1078830206485879
0.1082120492482398
0.1012970977753238
0.1218877916067511
0.1251834036350236
0.08050509775787054
0.08364149400304036
0.1025576667249347
0.1026656353740065
0.1244529638967964
0.1228392765505538
0.1042544444147502
0.2111783105897674
0.2317869589027404
0.1939309366710773
0.2649475709309749
0.2616514203550074
0.258231436453088
0.2534392429803377
0.2485708283121736
0.2243112030998916
0.2330435886617702
0.3834078038094252
0.1774165265871495
0.2277681603244668
0.2292776017564197
0.1983718806026733
0.1166854980664783
0.1346020303135133
0.1468840867619866
0.2476474507212217
0.2428274137665315
0.2096974099921785
0.2610100945675141
0.2759220809471145
0.261947226206715
0.2649998829417456
0.2447320396479445
0.2041304614972247
0.1640193381356798
0.2278351181649143
0.1670577244775552
0.2550034175336153
0.3024116269178908
0.3051532695175684
0.321667745472432
0.3822637757558774
0.4052505164521642
0.3253298577296003
0.444965584915696
0.4515060062388679
0.4304959530384981
0.4468013239670632
0.3429274001028559
0.2336619481132309
0.1742164747628898
0.117439144890712
0.06795479324311011
0.07118767241789999
0.2448879999728545
0.2162672263475856
0.2236405578748925
0.1339477310719748
0.2240274240462715
0.1888641499783406
0.1659502642571294
0.1792652992954475
0.2291186913174723
0.1536596765375118
0.1762717334756766
0.1201568593802403
0.1960435428675264
0.1697337913353168
0.2045906100544851
0.1265154948273699
0.1421298517618832
0.2440957412369175
0.2109564754653302
0.285492789718484
0.3596526706750049
0.3925999551043077
0.2775189584986369
0.2771107147348675
0.268001865692947
0.331512022282334
0.4075092763923635
0.3207925928264664
0.371582736374529
0.4187061664631115
0.4204405957808645
0.4309675120285476
0.414143084150573
0.2408706226999972
0.3812616761345686
0.3501005912166989
0.3550884982024299
0.3261831969944066
0.2588436564949371
0.4459724736822203
0.4398931850471846
0.4084713204478471
0.3156457019348333
0.4258345780409873
0.2744471782100483
0.2882609301815693
0.2328855672948539
0.2359886009471934
0.2552615908857848
0.2436900763783417
0.2571545399903751
0.2134885778232796
0.2069328366643246
0.2313143654509627
0.246678949464468
0.2435652821119543
0.2631274472366562
0.2297604165871649
0.1987580079981473
0.1109191590658479
0.2198415205716801
0.2628625218011571
0.2555618325778563
0.2603605170916673
0.2161249052693346
0.1332616822723692
0.2212980322211454
0.07432051934931931
0.1565928659105636
0.288685757949304
0.2886796858176723
0.2873861534459207
0.1341701216491947
0.1431275000680084
0.183763793134059
0.270236130156574
0.4358638538075379
0.2428991091127513
0.08615261399550031
0.4307170063413417
0.4652450259700061
0.4303585811657437
0.4051838648289342
0.4442724342632626
0.4019131128473472
0.4054900206493144
0.3761023972553444
0.2020731630267026
0.1332265768762797
0.3408482269485251
0.3133927629390613
0.2424996299973471
0.1862484424360722
0.177665532906985
0.1932784882375359
0.1005891413818132
0.2051798646003754
0.300529831692181
0.2721101451667722
0.2904604020526215
0.2323672679785821
0.2422718589447072
0.3284697535742243
0.3361795326518124
0.1509452225871589
0.2605600744326896
0.260654458069882
0.1156675530040439
0.05253219595040136
0.2456940151316413
0.2395002225948485
0.1996957850195197
0.2702688332112946
0.2793767745401234
0.2886514003783861
0.2745689320909352
0.3371926976409625
0.2021906633160051
0.17188020210295
0.333926662634827
0.343143548252802
0.2138727514568644
0.1553021573041086
0.1663790218993962
0.2739739090111213
0.3059950250997822
0.2634214714786586
0.2274391420290076
0.2099366615968668
0.1874851716095897
0.1446188094285603
0.2281323066918979
0.2453912644659
0.1017058945581192
0.1639670301464441
0.3976826098584328
0.2357023337404578
0.203849326820706
0.1932585170057038
0.1940295564032797
0.1842663044562222
0.2152328089344752
0.1934944206313414
0.1693543124590479
0.1744383889669377
0.1698957636280226
0.1705652787864075
0.1608117298171647
0.1534827129600642
0.1799450740755765
0.1413375957691844
0.1291133845207493
0.112851578706707
0.1180776592562432
0.1070288050313563
0.150964345011955
0.1805229849073469
0.1792581119201431
0.1676049530313289
0.2015877098719558
0.2278925304867835
0.2248195221022638
0.2470371411406092
0.2465690411711448
0.2270094715517118
0.2453368125027313
0.1854199876599176
0.2069828927985645
0.1808090131552492
0.1405557783384014
0.1476871674409832
0.1665258198132075
0.1619371527495345
0.1706231964694347
0.09000763923649704
0.07884979337137894
0.1299806188819518
0.1145699858752108
0.125445053764716
0.1384783936792354
0.176276438356718
0.1474673773976624
0.1611510941548658
0.1990239435622124
0.1631808688219633
0.1872138793931076
0.2310744146352671
0.2142893423865316
0.2218300784626142
0.2467219287976899
0.2223718788294446
0.1519454205033453
0.2335783987732664
0.1730474823054743
0.2132271144901635
0.2099755923719359
0.2368159219335952
0.2556583705867118
0.2460386710715479
0.2298135692742713
0.2361298901274295
0.1604309714273081
0.1389583353855865
0.1450394253857536
0.1411614244296899
0.1466299356373558
0.1622533553051657
0.1228867979508915
0.2645075585010455
0.297769118930052
0.1266863572196139
0.1288927812534119
0.1441699380842053
0.3506759824502255
0.3499621617991384
0.3342750742940251
0.39644790497026
0.405699935844517
0.3456835770368715
0.3785305945413914
0.3200231725472554
0.4303692151494582
0.4195223936885826
0.3962713232915036
0.3670974081716608
0.3581885186950699
0.2431077239837493
0.2020936896135459
0.177128706531456
0.3177267464742901
0.1768479790634351
0.1279589477628374
0.1470746206490508
0.3395183614317619
0.1790823962990277
0.1970712835401542
0.1750984433990659
0.1347935551782911
0.1473450079456111
0.1819560830602916
0.1947267645870901
0.2219769555009083
0.2623472706362611
0.263579125617251
0.1458617445677947
0.161115577256383
0.1267588898508263
0.1157951327345758
0.2063716778768005
0.1756636306639395
0.1790787800311751
0.2125377292264465
0.2405423639297469
0.2542444577469589
0.2788398260920746
0.276321793316947
0.2794870506945452
0.2160165997870138
0.1643660267108133
0.1717095009245474
0.1105565302459186
0.2253252793535308
0.1757876621730696
0.2227046952391644
0.187187038689575
0.3607223342616257
0.383757494117637
0.4174332831606003
0.3434158299738719
0.1128210984624157
0.1075882344266601
0.3031940079478357
0.2578041360318586
0.2116556864063847
0.2889703415167256
0.287724426392638
0.3198031956522714
0.306950794324784
0.3049090195959462
0.1693306117446604
0.1140116941452451
0.1359081646819586
0.3347107666610245
0.1507287875620126
0.1008477976722061
0.1220528173402776
0.163558511188698
0.150228108563985
0.1369988055912524
0.1600572297185597
0.1751561693326683
0.1943700008903936
0.2022059827845768
0.236244257706682
0.2219550254002423
0.2479509840917139
0.2596666272018509
0.2393516800151627
0.2239608601825522
0.241207563502263
0.2602785876220267
0.1885205948729753
0.2617572188298401
0.3964544579207589
0.1756386843993778
0.133403620677347
0.2051325456424107
0.1562161233173889
0.1606030701074052
0.3367574692830164
0.284377500114543
0.3380106840133132
0.3143734794580099
0.3897062849344032
0.3851238875783002
0.2702270027913293
0.1063033666776524
0.2192518366577627
0.3695816518857314
0.3555181255690104
0.1448655938870508
0.2567080727291339
0.2956296403892636
0.1587377062511018
0.131189433700402
0.2457867046538242
0.2100858625244645
0.1837318245102918
0.1926156755477584
0.1936439463476484
0.1737035935590784
0.1685244621350438
0.1229938732558966
0.1202628283816226
0.1110039385668707
0.1148725866758311
0.2042409373698167
0.2675109467230221
0.2142043873668125
0.2209903187085226
0.252652384282628
0.2094424112646157
0.1582006999281436
0.1391413304242038
0.1371665070858329
0.1325200571381379
0.2610239884662717
0.2302685997017572
0.2190100783471436
0.1529394441867756
0.1541044218615593
0.1805731402944123
0.1692156992656522
0.0548637678089855
0.07037675803157216
0.1985616115123037
0.2284444871114607
0.4434648570551714
0.4256974838002185
0.4168849847746253
0.2024618571102352
0.214703933906291
0.1271102592999576
0.2382961194358865
0.3286820531245493
0.1956063234572639
0.1007675677231264
0.296995694982861
0.170185726676092
0.1455532560614647
0.3577794082751642
0.22107028811798
0.2728592674674035
0.2979483589275498
0.3402290273592593
0.3879468286615334
0.282193565409793
0.2093293665242663
0.1577170923580667
0.4220021661253561
0.1777407248108969
0.1641491035334886
0.1064699705119971
