-0.2451231871039397
-0.3221723425349798
-0.1068402913016889
-0.6357026844051373
-0.6879590241937453
-0.7032442659101887
-0.3796661429347594
-0.3702713085808693
-0.3458634171892817
-0.4078529935399987
-0.7117045431430125
-0.5714318811745703
-0.5345235332005961
-0.3829352758293795
-0.7816438767521922
-0.4400371862021009
-0.6116863741889198
-0.4329602404182402
-0.6239273600562939
-0.5975121391815014
-0.5658294923747664
-0.6377954378832563
-0.3700335612088126
-0.3218556944947786
-0.5468296590568027
-0.5293662145044717
-0.6485377714129377
-0.4512872761468754
-0.6961864812766048
-0.5858856401299735
-0.5470955492895762
-0.465323623538447
-0.6210022088266219
-0.6320628542827287
-0.6757423997009703
-0.605042575821285
-0.4998412790505603
-0.5795648931302058
-0.5622189915543723
-0.4566428012312534
-0.7027560637541187
-0.6037863458292757
-0.5804163302108557
-0.6415082807172956
-0.6191655166723141
-0.5569176261896834
-0.5633076397031997
-0.4640915127868787
-0.6037204788683667
-0.55844599856183
-0.5742046117689694
-0.5153972777230169
-0.5549001126247782
-0.4148611206544255
-0.5865313017792059
-0.5538296411893963
-0.2849814798474176
-0.4582650792970685
-0.5013424128595875
-0.7293361793975306
-0.5142190233075167
-0.4615025871746854
-0.4344895705547349
-0.6271918300252218
-0.6236787249401912
-0.6009902933216503
-0.632713678838241
-0.5738093952505069
-0.6814453674026421
-0.5644641107349757
-0.4913023822129731
-0.4255835424074808
-0.431619401133823
-0.2192701637077751
-0.558093600460038
-0.4931047833243067
-0.6455549715327082
-0.6126383648257276
-0.5545066559413766
-0.3721456051381185
-0.515575926098424
-0.450743755033287
-0.3622983891920641
-0.2633952945743078
-0.655508985413727
-0.6184900950392198
-0.7035299868461977
-0.6040487840333563
-0.5094095702958151
-0.313718223328506
-0.2197878352577593
-0.2559437881307136
-0.4369303720091094
-0.4520111842050586
-0.5111058927512914
-0.4507336021863582
-0.368027570137697
-0.1899336721372988
-0.2975242916463035
-0.4247944859546862
-0.4613287857881395
-0.5627386880660191
-0.5178251877588613
-0.4712304750834507
-0.3752122395842452
-0.6090366128511063
-0.785203293428323
-0.738787372426975
-0.2490046020043829
-0.4647232942983935
-0.3557274304815596
-0.5706975618476692
-0.7344525041525607
-0.6827241912120812
-0.5210021663416134
-0.4840527586281651
-0.2090069928180776
-0.2043671416727137
-0.3726058548586709
-0.3603835331951656
-0.3859646822517714
-0.5284937226136124
-0.4815334035426015
-0.5700274298321149
-0.5693766280472893
-0.5172952480707793
-0.4676449001968072
-0.3846032911196805
-0.3544888262985385
-0.2513426526839722
-0.4574058115969219
-0.4527896120044312
-0.3903838609046749
-0.2289892994907397
0.005557648968450551
-0.1716216112811257
-0.3629822707351474
-0.4512153805109679
-0.2833458581250737
-0.01975335901406242
-0.08616043115237279
-0.2709667068529156
-0.2095675764847939
-0.3747908375234723
-0.595655648851783
-0.6621922728672445
-0.3914259500684785
-0.2793152961086519
-0.2337006102524473
-0.2350118552557317
-0.3077782001157222
-0.3633471367528779
-0.1611344814286122
-0.1983374192596238
-0.4303291978879009
-0.3028128960301629
-0.2676650498793475
-0.370730407082234
-0.4295317988473984
-0.2099862233252546
-0.2360459011189915
-0.2604343348545086
-0.3522920353185294
-0.598007560269871
-0.3080704920363033
-0.3026834859491999
-0.4394439778400568
-0.4537862273486172
-0.5844191810332772
-0.5953208986157202
-0.6959292456679594
-0.784121176987593
-0.7959315293553791
-0.8211651926348769
-0.7937304164786139
-0.6905251354563281
-0.5148523914184893
-0.4351139176899411
-0.6407396728857444
-0.4197927286522817
-0.3505100503659084
-0.2229772521289019
-0.1492115014569266
-0.6734289921692231
-0.6077676466580775
-0.2808923532473754
-0.173055200775633
-0.777258841418229
-0.3681495820116888
-0.238482766367364
-0.3243530348296103
-0.1873307356080332
-0.6042325597203067
-0.5748970651457112
-0.5225526682104473
-0.6615212483860994
-0.4019719527308164
-0.3059857459299427
-0.2723813690431552
-0.3306510964329154
-0.2931570081521197
-0.3419421345986675
-0.4991081319159769
-0.6851164359510714
-0.204225102294704
-0.1992711667613491
-0.3494755616572561
-0.3624137175877336
-0.4425338502680488
-0.2729649052969687
-0.3951059873710042
-0.6151059134226431
-0.4120963590148028
-0.4810708547441473
-0.5147857088714082
-0.5859556735203245
-0.6069316876353281
-0.7662302775372342
-0.6853273522679109
-0.4502557137662465
-0.3989890014483318
-0.3003647728856088
-0.09784585469194895
-0.1109592093510697
-0.6508507618217357
-0.3406839339744899
-0.4006277569425714
-0.4014476396691239
-0.3118375810219102
-0.2595326102525323
-0.2284550690052036
-0.2266593534651179
-0.2342456678692716
-0.2277363378632188
-0.2496067569937936
-0.2210325892211202
-0.2002539301526696
-0.2578634281579231
-0.3401903819407761
-0.3967003371486288
-0.2515142043998153
-0.2802286522891548
-0.2416395822945343
-0.248347080827867
-0.2553901430737302
-0.4084028095407821
-0.368566719992697
-0.1341843877700311
-0.1130326885789552
-0.251843594199935
-0.2356316999409531
-0.231196236939349
-0.2081573415366524
-0.2159649050450574
-0.2666160646373724
-0.2520605724821162
-0.231325534415583
-0.2141886727630418
-0.1908684035120292
-0.2043883065671801
-0.1779484791764454
-0.1596895393324506
-0.1753642879184626
-0.2184018555036379
-0.2758526447661466
-0.2014798798409343
-0.2665523021410164
-0.2300940362645037
-0.4210806263799733
-0.3668858725670264
-0.3470085599844645
-0.362500319338878
-0.3027324898356915
-0.3138675070915694
-0.3402445721462758
-0.4353599199610477
-0.6654057335094086
-0.4074315930897019
-0.5074506884474237
-0.2183188723342988
-0.117423850602594
-0.05856811250796953
-0.004896370376981889
-0.03246530803574631
-0.4175807323736399
-0.2225637071157655
-0.2357866557305867
-0.3086612372809079
-0.3565863909945129
-0.4962981338807936
-0.4864596040096069
-0.4922592592014758
-0.4071159478988148
-0.2966344968595466
-0.4812939916717488
-0.2901820413704729
-0.5515164181283784
-0.6380022224574758
-0.6531333940422337
-0.662845874918484
-0.7274571671851499
-0.7053084630625345
-0.6113897754608729
-0.7824888861373525
-0.7812383519899546
-0.6991968893498121
-0.7255018705021021
-0.6776464405947074
-0.4444877055846169
-0.1055478298786008
-0.008879850876552407
-0.01710298018239005
-0.1288927427232082
-0.3370287593275432
-0.292111044330724
-0.3312134859562713
-0.05765550612883644
-0.336943773715758
-0.3005204870389831
-0.2007747204819672
-0.2169264860755414
-0.3110313834524789
-0.1999830979104765
-0.2200960537452477
-0.1413875259159464
-0.3159348238998954
-0.3195002262211911
-0.4230754020475217
-0.2733256644568236
-0.2979077740495865
-0.4324554894816615
-0.484657784455186
-0.6333276978250417
-0.7322319444221825
-0.738114930679673
-0.5268922173183883
-0.5307661585104909
-0.5229291522380121
-0.621162775295524
-0.7147937484687332
-0.6137559629137812
-0.6886798523931207
-0.7501652884819378
-0.7764513814107934
-0.7884194769168003
-0.7523650412557908
-0.5507369506113716
-0.7354725742073779
-0.6611970962757391
-0.6441173831659106
-0.6127133508104001
-0.5302971659043628
-0.7566664700856938
-0.7354092201079644
-0.654689804845807
-0.5852936960074762
-0.6769026850697526
-0.5219815279778892
-0.5796367945027155
-0.5266774928272432
-0.4862315953368613
-0.4240758981857711
-0.3692109542843309
-0.5595601525217033
-0.4613441844189136
-0.414303311103179
-0.4347652159491472
-0.4833515719579429
-0.3866846702509965
-0.3816427469503048
-0.305483665895582
-0.2306620446097821
-0.09338723174153987
-0.2376442285343924
-0.2748717175747718
-0.2924997331498282
-0.3641234869767969
-0.200730218562954
-0.08824837150679891
-0.306127458306554
-0.02133675115225218
-0.2631901881859768
-0.3283702579248367
-0.3541366576199503
-0.3650158163501019
-0.1226895220746942
-0.1502327650618231
-0.2738606146815217
-0.3737064772769961
-0.7587570305308917
-0.5360179145171419
0.01162788819380736
-0.720946423935415
-0.789694089433444
-0.7885434956691384
-0.7500756920402165
-0.75025718785686
-0.7036957190983515
-0.7123647533056915
-0.6511288154871939
-0.4582193413719855
-0.3850063771598812
-0.6132447749395232
-0.5917268089474619
-0.5232835956606154
-0.4868359226813527
-0.4336758121826107
-0.4583828174916303
-0.3650644764350693
-0.4890817255078594
-0.6068677010426973
-0.5384244936798004
-0.5527898973688783
-0.4934265957214251
-0.5239645862133324
-0.6363987179473112
-0.6674598494207089
-0.4104635010836989
-0.5774604796257934
-0.5835754803112004
-0.3622644370373014
-0.2904283669385188
-0.329471929384198
-0.3762461312066397
-0.3904413806191246
-0.5496279302676155
-0.5257770415666878
-0.5385722829481661
-0.5626962424208739
-0.6529587558859719
-0.4027362423791104
-0.330925409056299
-0.6157784836584048
-0.60920502279314
-0.3831394828463637
-0.2005083688569742
-0.1459151765236096
-0.5928591394490533
-0.6630346164279132
-0.5623031778557608
-0.4686890827498637
-0.3834517220962668
-0.2910306998616062
-0.1728014655217493
-0.3893191848757189
-0.4126170317693593
-0.3744635021096352
-0.4599129263327571
-0.7442517943425276
-0.5832601543391176
-0.4634396519889343
-0.389775899054213
-0.3398394280830601
-0.2210711790619786
-0.4507709459663227
-0.343880449733337
-0.2698029466532067
-0.2747267820551472
-0.224888436770101
-0.1785669432937434
-0.09854749208556787
-0.1836641604749301
-0.318567334402557
-0.1029333521692773
-0.1424711976396463
-0.1410286834457387
-0.1135700707262376
-0.07338742043591481
-0.1457914554357694
-0.1668572855328127
-0.2082222755311594
-0.1351830112962329
-0.4530295120870524
-0.521025287258393
-0.5800216047139383
-0.4880834381314108
-0.4206284987933401
-0.3608410355688078
-0.3328653978970902
-0.1624702298305365
-0.1726316342659149
-0.07613211080725124
-0.4763114317246394
-0.5103122440179427
-0.48137303112531
-0.3563493094166058
-0.5039407933721262
-0.1672155677031116
-0.08833641884088606
-0.5490822107371641
-0.4924907050521967
-0.4421300279674213
-0.5513509545448502
-0.588961361876856
-0.5820898012898333
-0.6098372532027997
-0.5702903501750112
-0.491445036534824
-0.6234192755717082
-0.6690714853917599
-0.6694772414321657
-0.6741415963321307
-0.6952844308741453
-0.647044317747053
-0.5834571596999178
-0.6062601042187027
-0.2861249681072269
-0.4022714006562537
-0.4707826945291284
-0.4281169870730339
-0.484594558190517
-0.5309246161818851
-0.5446603790909574
-0.5889807663807144
-0.3557505147411164
-0.2073978013620231
-0.2578058872617643
-0.3006130923575128
-0.378567335263339
-0.2683368243453461
-0.3359191197752678
-0.3568086854383755
-0.4356557287264962
-0.1325636943592022
-0.1557227961338607
-0.2277249873044881
-0.7148535889040426
-0.7143075528090216
-0.6044268376108419
-0.7019646505580803
-0.7238317663698463
-0.6219240171254213
-0.7145548760526894
-0.6929510189211597
-0.7925370654330282
-0.8000552907515912
-0.8178797156581842
-0.796445984550025
-0.6408207844368878
-0.4679896834228084
-0.4139787801970182
-0.3724188493929386
-0.5929693196201492
-0.2754363851747015
-0.1602209117342937
-0.3581174383691111
-0.6591544640298038
-0.4797883897577435
-0.4612239625601652
-0.4380626664888131
-0.3960735433380787
-0.2686061703339623
-0.322345483075076
-0.3491798654179292
-0.3938430842541612
-0.472952638960364
-0.5203646016209944
-0.2569172252829511
-0.2487747649800309
-0.220237514352249
-0.07259983138061885
-0.4211944261930359
-0.4058176725531902
-0.4583887693102079
-0.5694929927781872
-0.6475586432701491
-0.6595868064069003
-0.679752247168647
-0.7189207013456069
-0.7332165598065205
-0.5678987294779302
-0.443999094499281
-0.4634952986761127
-0.3088151368212976
-0.6045913850462123
-0.4551585127971317
-0.529444717519473
-0.4448999921572449
-0.6428593081506656
-0.644389914680692
-0.662708330200775
-0.5925438751299936
-0.4242629145771757
-0.4236077908943657
-0.5916308441058739
-0.4960327598961777
-0.3888183584339478
-0.5101945129965898
-0.4809423688051493
-0.7068205016416819
-0.6945056658329467
-0.7099145686494761
-0.1361918854079237
-0.3166193259635582
-0.3407103519700279
-0.7463370599188403
-0.3284702575102035
-0.2308941215232753
-0.2547357212377106
-0.2345864438353651
-0.2714938641291707
-0.3318969197142829
-0.3219072825052397
-0.3721793027214836
-0.4118844228782133
-0.3407333687686835
-0.4132921225316127
-0.4095110130613242
-0.407684672719594
-0.3842272527660434
-0.3520360315138177
-0.3992757067989304
-0.4012957604866894
-0.3925470002339098
-0.4248050532718708
-0.3510005666646864
-0.7105752701488552
-0.3284447106637122
-0.1624023684730618
-0.5946898147115012
-0.04152015582591008
-0.07473308413138932
-0.6861245571921358
-0.6064457296346687
-0.7015727286910913
-0.6754145045427136
-0.7542210745839695
-0.7523167190888685
-0.6041300003542731
-0.1889332043377973
-0.3096881760837551
-0.698701362700176
-0.6384950374761763
-0.3025304014612651
-0.5614916882145733
-0.6425843841248808
-0.02944000027318072
-0.01429881535141848
-0.5297037170294487
-0.4632162406799645
-0.3057279976301626
-0.3829117174242079
-0.3477951559951979
-0.3099743265559592
-0.1604767124363064
-0.09396414039352423
-0.07709053788411147
-0.04598645989286345
-0.01928036720718124
-0.1405920233058458
-0.4400704904142022
-0.3700849089820774
-0.6052135191597097
-0.5165088655850717
-0.2625875668387603
-0.4320919852454498
-0.3746764342282207
-0.3887886139344432
-0.323580200746739
-0.3586971735391305
-0.3544915919826506
-0.3600624499999142
-0.3105481907576778
-0.1705356328878044
-0.5510577905109113
-0.5113713614622947
-0.01663986320764164
-0.0140742879669373
-0.4733187565788474
-0.5355808401868297
-0.7777882050724638
-0.6774370792042338
-0.6969147260033939
-0.2782881818976055
-0.1571623202005332
-0.3413141157741554
-0.3661990799507847
-0.4643273882009687
-0.6513837742505841
-0.2806977443635916
-0.6253620507945463
-0.2237465444998739
-0.2451817024257519
-0.6843396832862321
-0.365536818644555
-0.431786102868777
-0.6864413613318177
-0.6800605368175311
-0.6797149192664719
-0.620256056890528
-0.4688083073120332
-0.4434848810955153
-0.6642653784244761
-0.3681394784943074
-0.4150798024827367
-0.4624529706873718
