-0.05118278996760733
-0.06709251873155929
-0.06060561244983464
-0.1525469815239852
-0.2208538092537243
-0.1961598370464112
-0.1514202991944764
-0.1529668660055873
-0.1061040435761744
-0.08424911373622616
-0.2242732574001751
-0.1448761127947456
-0.1045545532557919
-0.1118064527406011
-0.196942342953055
-0.14593543793175
-0.1484475271924044
-0.1240316952418765
-0.1898322537653276
-0.1434850152423883
-0.1460075043507927
-0.1545534558726752
-0.1866743950217704
-0.1092353030697965
-0.2170067847222655
-0.1186089765065123
-0.1603754611087236
-0.09126926474427442
-0.1803022515620771
-0.143478812442936
-0.1325579396526391
-0.1450062563883777
-0.1494525584817817
-0.1547969578395942
-0.1751545238152377
-0.1421327347592275
-0.1068653651760311
-0.1486092395355884
-0.1332249872455802
-0.1562535890519597
-0.1523860237580388
-0.1260904022367897
-0.1831600949490383
-0.1642110478719233
-0.1639269953896858
-0.1275428348151913
-0.1712825605897964
-0.1227945670905779
-0.1507800129328866
-0.1525148160285062
-0.1365393676901017
-0.132754425951948
-0.1589166672314767
-0.1668763535386405
-0.1786521877443013
-0.1528084501743744
-0.1679284609355385
-0.1920463648891916
-0.231249767927509
-0.2093642357481234
-0.147646499681438
-0.1416257211156532
-0.1566820722933856
-0.1529244987397548
-0.1545179395700472
-0.1505331701200121
-0.1568127485557454
-0.1402707854712445
-0.1731783735483205
-0.1388662395250344
-0.1053776506354245
-0.07161822322378861
-0.06415563307326669
-0.08896755434270277
-0.1378196922428733
-0.1357619384677001
-0.2314658255692686
-0.2197898755792873
-0.209352043888125
-0.1018426782106067
-0.1352025908245886
-0.1056186662286686
-0.04766587221224864
-0.1188472207949088
-0.1638286795218128
-0.2338044374377103
-0.2327800637799258
-0.2330622829904063
-0.2351893680240104
-0.1977147532952123
-0.1027030969789265
-0.02084725302194436
-0.1374648744483019
-0.1331388801327962
-0.2218407538065381
-0.187887035192524
-0.1314699296518599
-0.1121224226632823
-0.09892922884500065
-0.1133033073387558
-0.09163152867687258
-0.1016773167459078
-0.1112197484569808
-0.1215268773520581
-0.07406272883275242
-0.1430609238809221
-0.2301405190301214
-0.2442560232608705
-0.07519972065909963
-0.1224353084990431
-0.0660072184644524
-0.1510634434181104
-0.2241337693646293
-0.2284794029955204
-0.1687944434510197
-0.1536227273563262
-0.0760943596883225
-0.09873365987298865
-0.08109086127999211
-0.1462253122106766
-0.1295263389624924
-0.1732410200683062
-0.1577600442207004
-0.2099600163922303
-0.2239411686685678
-0.2024819470711045
-0.1625833995032481
-0.1279147327923578
-0.1232293433893252
-0.1091326382548117
-0.1772097488239033
-0.1538130613241517
-0.1174524444005468
-0.08288952563774023
-0.002822989528565067
-0.06603668809894352
-0.097230782477348
-0.1201017019348289
-0.1054851967000443
-0.03550992162812563
0.03993685941132479
-0.1322621365068209
-0.148330411616087
-0.05425816677745045
-0.1732097311871159
-0.2174868539522876
-0.2040877465074434
-0.1394141359230052
-0.1097022530892374
-0.113199317645087
-0.1063296063132844
-0.1362870535216676
-0.04740703309553887
-0.04370418782484341
-0.101517534220737
-0.08112773007880933
-0.06742028173660547
-0.09625036651803105
-0.1454206653526811
-0.0474874803581616
-0.06355958014710632
-0.05455866045287076
-0.09948272624562414
-0.2037692700160855
-0.1108806876261147
-0.06037422290605019
-0.08731351780756473
-0.1054878110107461
-0.1631109518285037
-0.1810115589661712
-0.1789527551474351
-0.1945351707656771
-0.1839758164458738
-0.2170261450333141
-0.2473841180087267
-0.2231645270749717
-0.13662963956137
-0.0835595398231001
-0.2003005425575453
-0.1228207099926519
-0.07234753829797216
-0.05120485611403441
-0.02019299386832091
-0.2225149091573833
-0.1960882516651087
-0.10753140176765
-0.08779277982238851
-0.2331336337127753
-0.1568588257720954
-0.1574286170893925
-0.1241072053964798
-0.1294134423897427
0.02621734052591191
-0.1258637897951814
-0.1191817245060655
-0.1425579391855711
-0.1230108113467571
-0.09536167314055166
-0.091252061361408
-0.1284489183381457
-0.1505485977881573
-0.1670212409898261
-0.1328577392887276
-0.2113640230831357
0.02777050350779723
-0.0805754390557593
-0.1257680950800466
-0.1406748801265669
-0.1407633435487439
-0.1258598081224173
-0.1202372849435278
0.07119965270184329
-0.1034694255963522
-0.03312951511235615
-0.1474710228955431
-0.05310919284790289
-0.03771486706893537
0.09363616148670484
0.01155799034673999
-0.1178382023783957
-0.126504021610893
-0.08749477142928168
0.01183701963080715
-0.07306746144176082
-0.1818986419931831
-0.2040280286379763
-0.2188515394252428
-0.2178791628636897
-0.1889233590839665
-0.1672629521026281
-0.1328264575717228
-0.1112360900715141
-0.09223824887396766
-0.07556746477869457
-0.1364574938607706
-0.1141761233873468
-0.0884842089458871
-0.1448822698118217
-0.1753884547410502
-0.1735480128457206
-0.1404598556052971
-0.1110060816273744
-0.09025911741625268
-0.07952780394516126
-0.08907723257747188
-0.1245571590921638
-0.1243762129661796
-0.1013751627211428
-0.0773594102038116
-0.1167471686632785
-0.1411188700475005
-0.1300222965318609
-0.1381095449351471
-0.1553368773063818
-0.179894225121515
-0.1719598713149133
-0.1026652755494472
-0.0722816047831101
-0.06578403821441581
-0.1178035711972798
-0.1115787644793029
-0.1167398926709131
-0.1299443150514449
-0.1354318400072208
-0.1644761014170711
-0.0976396432024552
-0.009686967232125218
-0.01714002481364973
-0.0993917675260122
-0.1403801173500021
-0.1275871314372545
-0.128326333615811
-0.09976381114789712
-0.09086389327916866
-0.03132458505122945
0.03405933087155049
0.1608566859699046
-0.01884862364994514
0.07270244976813126
-0.04842106889107305
-0.01037786121992475
0.01027286852749155
0.02037231970436805
0.01153924867242567
-0.1303954664673499
-0.03880261466602601
-0.03896764085991014
-0.06767450027634392
-0.111110207095517
-0.09704550215991548
-0.05558586295507982
-0.09545456417711282
-0.08281200158730177
-0.04898334549226083
-0.06334509046729293
-0.08580980336380439
-0.0490173733238245
0.02632516554095974
0.0007179278868354608
0.009824569381829218
0.08978347193157804
0.2222808811287277
0.09429347540693886
0.1757322446323274
0.1428738880217202
0.2089399812540058
0.2096731379741509
0.1495956025220077
0.009869890235001471
-0.009178968176917572
0.01699077885154788
0.002216584531270454
0.00295656132676946
-0.1439613334002351
-0.1286193869978728
-0.1296805123226503
-0.01036408122650252
-0.1413959096072532
-0.1180033723712832
-0.1033501587053418
-0.09817155751720247
-0.1202536305198545
-0.09699128416927108
-0.006689445352267792
0.005087440595159242
0.005522569038913302
0.03614486975705311
0.06721026387575188
0.01215070167432118
-0.04267813937702949
-0.00591451523840218
0.02296841901946869
0.03145794797613531
0.03348734069604334
0.1046512563171747
0.02457985246164886
0.05965587206777364
0.08709090547852161
0.1207456306811358
0.1508624450161627
0.06118640007565383
0.1044202379236406
0.1407265482056509
0.1264784741945332
0.1496127428187587
0.1910268002570656
0.1589625630333421
0.1035837580150618
0.1147417116030994
0.07051886580841607
0.156699146744455
0.09388275077445726
0.1845375994144938
0.2146686552246949
0.2399389575918393
0.2164363539933229
0.2142517854779704
-0.01271082220514019
-0.03433419018352536
-0.02547800561310166
-0.09282021280520129
-0.1320189273700113
-0.137536765298356
-0.08896594310769382
-0.05894869609353497
-0.08456843574177496
-0.1137679126687315
-0.1171113585879297
-0.1222026546054677
-0.1370257525152092
-0.100484357955532
-0.07836695498468069
-0.04382131318234114
-0.08245698718401295
-0.08784590124349534
-0.08888688540180679
-0.1054512648648835
-0.07413490174410367
-0.06162296374303118
-0.09437965844050525
-0.0388947243694626
-0.06909857671829703
-0.1100482785581731
-0.1288334848125096
-0.1229896907214357
-0.07654290247910282
-0.07468162667541094
-0.09862778720784914
-0.1154068176256334
0.2048974057766921
-0.06348292728307441
-0.007947985965546777
0.1755272760815192
0.1676839370864448
0.1033235295080668
0.08094801848883859
0.1877417145129447
0.1492611016861307
0.1140264738997705
0.2091124211334057
0.1512439485584574
0.07230930702755234
0.1078197114807255
0.1228498156361281
0.1164285278019932
0.09982132960212282
0.07097208293586188
0.119709130058137
0.09412717590661625
0.08467614601866308
0.1176362974734439
0.1600135889923903
0.1904641050284815
0.1820375579613115
0.1838502284115356
0.2020398631624228
0.1781546720996267
0.1362953494356008
0.1207404127532741
0.1418718236397994
0.1012145125743359
0.04969496573768733
-0.1328610478083898
-0.1423596970449751
-0.0162263845300578
0.01975864476072426
0.04756001882461713
0.03249169328226206
-0.006706425731861341
0.03630667009884578
-0.03070832914010402
-0.06118471983324394
0.08313264443634309
0.08945702379441606
-0.1236126911265339
-0.08950523176038327
-0.008872209398982778
-0.0388292137691895
-0.02872750156934421
-0.07314762140133456
-0.09545381460051941
-0.1096672136793339
-0.1109059506082019
-0.08204232784031401
-0.128395277726573
-0.1364411473453501
0.07061859960724259
0.114957315487164
0.1450120147873326
-0.1842616390832088
-0.1265941617746257
-0.08822623519642014
-0.04016692577368911
0.008885454484127942
-0.1295606213387764
-0.0950402738438911
-0.07529997764424805
-0.05620998295058242
-0.03253194787985257
-0.002042015251342922
0.02883808325414134
-0.0343615322965204
-0.05757198758676525
-0.01742499042207039
-0.05554958828639431
-0.08627953950997869
-0.08421034019347599
-0.0625449796089263
-0.09071356447090059
-0.08202415678830617
-0.09651730058851189
-0.0742466529284912
-0.09525565123917794
-0.1375979079807138
-0.1776217403795488
-0.1227741030908241
-0.08630525637919786
-0.05364705324776544
-0.04948756331356162
0.03072582613489025
0.01316499793145866
0.0316017714541218
-0.1719691785889159
-0.189280930735959
-0.1714244685334656
-0.1201704805026027
-0.1784792758696103
-0.03001489587864306
-0.008767037523728783
-0.2268223061371973
-0.2108475205011817
-0.2108406210903908
-0.2271604360679559
-0.236596280878442
-0.2236717359863585
-0.2306739961941953
-0.2414032374706911
-0.2300150661181994
-0.2296453384721144
-0.2309628135528689
-0.2248784785246263
-0.2210931914146342
-0.2139993577763889
-0.1865101980082922
-0.2223781182754491
-0.2396890105258261
-0.1054835450915862
-0.135247646116798
-0.1536341774955166
-0.1415858963527437
-0.1495968856159814
-0.1638258599629068
-0.1722088058511687
-0.1887729350872862
-0.1316877035764518
-0.07917711432001198
-0.08878573917748897
-0.09839366727717354
-0.1142643606213907
-0.09448669662390319
-0.08976240065493279
-0.1254751137349424
-0.07173250777228088
-0.07113720568916254
-0.06426366883447385
-0.05642340244931888
0.05313074174110829
0.04436093153843509
-0.1438450703414595
-0.150219593857926
-0.1532408243344146
-0.1211696258538519
-0.1557465623006579
-0.1729875096786299
-0.1867225122197563
-0.1958250424131628
-0.2327067428662753
-0.2298404054794702
-0.1434424946639499
-0.1421256292609493
-0.1442218091885337
-0.1582040187066146
0.1001225161695006
-0.07348981072448411
-0.1100815708540841
0.02795178917141221
0.107689560708295
-0.1640190907957268
-0.1547310733017113
-0.1497861457007816
-0.2108950742889668
-0.0987289058557152
-0.1137551164220984
-0.122920101329692
-0.1278838396227436
-0.1361048473041433
-0.1500752939887776
-0.06856590726405029
-0.05518370851055018
-0.04993727846475481
-0.06672823109710171
-0.136807595916139
-0.1322150301012028
-0.1456489314549123
-0.1842611568263568
-0.2102451365849232
-0.2040389914993685
-0.1975988886636722
-0.2347368117729503
-0.2442847528374217
-0.1640343868661742
-0.1157579458022276
-0.1352996864598352
-0.06662919171528005
-0.2011395123663478
-0.1051936862833337
-0.1164536050290953
-0.08455553738652133
0.2260760086862533
0.2357746213936932
0.2323014868691116
0.2230486624605953
-0.1925384859659564
-0.1758987579124956
-0.1123459440999223
-0.08306717830663962
-0.05104736035138775
-0.08589032394237467
-0.08781550899420681
-0.2009064527751585
-0.1846901524831921
-0.2175366190095619
0.0403687087273249
-0.06665695272847975
-0.05955507868712559
-0.2077633217130718
-0.1630078040057972
-0.09376386449066137
-0.1009732643383749
-0.1085632705856417
-0.1157224697535652
-0.1361528839305852
-0.1151812806019596
-0.1186045107229343
-0.1257492225358048
-0.1094242801758624
-0.123295323554158
-0.1242515736484236
-0.1300933469947453
-0.1255157837386008
-0.07058750055589581
-0.163911185808961
-0.1470208255699926
-0.1389958031671123
-0.08663021680856917
-0.1306143520457827
0.139108281669665
-0.03859214715442454
-0.04740186718159282
-0.1889855524074593
0.03011415327463355
0.01573737416055258
0.07173401879650011
0.07064434572715336
0.03969065639048725
-0.003461216995316263
0.07639124766350393
0.05187629335653517
-0.00278275504668395
0.007674988445555388
-0.1265872924230291
-0.2063953452562811
-0.186745661595313
-0.1011778119632906
-0.2220893985349249
-0.227032690312965
0.02756428812849712
0.007678003592730115
-0.1291687125800375
-0.1157947121894622
-0.1055139857110567
-0.08706541038335963
-0.1050537550594674
-0.08066199749695359
-0.06305390543695076
-0.054897380775093
-0.04067155944274249
-0.03282891127859134
-0.008367459664494424
0.01484184748151372
-0.119682280823931
-0.1164749827696795
-0.1680545278529447
-0.102027889691386
-0.09368907706315856
-0.1438776438567891
-0.114457153395356
-0.1178339690977743
-0.1017843486161126
-0.1395461094357651
-0.04311025448699286
-0.08712640720795931
-0.06709846914368092
-0.08751666354817982
-0.1950786739107198
-0.1724807637793035
-0.01524731573242668
-0.02404679183902339
-0.2310169332346518
-0.2315127906852671
-0.1781745667134323
0.2097649883567299
0.1828471679010744
-0.1074586708651925
-0.01471311697220513
-0.162737060434517
-0.08790191911763504
-0.09100677361600061
-0.2322106969689645
-0.06926874488285013
-0.188244160996546
-0.04659588443730751
-0.1271798515761045
0.1025984220045731
-0.05346085547552115
-0.1310580256317627
-0.2397692585312536
0.06559940673949234
0.1877741696830186
-0.05403655608892022
-0.2170326513016721
-0.1155955339087998
0.2272854536136932
-0.05549009711183496
-0.1425866087225397
-0.1822133866419166
