-0.0156953409109069
0.0328909468655011
-0.07801146840165046
-0.04321619300459968
-0.1005311751640563
-0.08189471254943968
0.02877886340577971
-0.001387305741648558
-0.0351568024718567
0.04038623925942782
-0.09945318871453084
-0.01992492027725973
-0.03349549958475938
-0.03438532494747834
-0.1096012954517417
0.02504832575119243
-0.03652959801366452
0.0296463368152294
-0.07546894075578217
-0.03289527179791591
-0.05701717835821436
-0.05068547466599518
-0.1154424720630581
-0.07694981779742791
-0.1278212354624625
0.006393913050545748
-0.06720975564118604
0.009588846115094456
-0.08360896482502968
-0.02595267146855627
-0.005337445985672896
0.01099473836855966
-0.04301887907177013
-0.05899619954585647
-0.0820817876453334
-0.03298503601357026
-0.004748798691404185
-0.04301648655030142
-0.0177698672738832
0.02278434206104394
-0.01506439913648222
-0.006477616340606022
-0.1471408053214662
-0.06744374526619711
-0.05459020984369317
-0.02518971507769589
-0.1129335185974294
0.01887783991496203
-0.03298592093127844
-0.02172166353147835
-0.03009534403962167
-0.02768943377412975
-0.05437588293526847
0.01437950068301759
-0.1918950809192655
-0.06740785320711701
-0.06541085487762034
-0.07857237582448269
-0.1048315071496362
-0.09616838169300986
-0.03360907397106429
-0.0317140680641099
-0.002769771397060687
-0.0480023408709776
-0.0518091306850174
-0.05899084970198239
-0.07143004184867155
-0.07215593623831608
-0.08615801920581946
-0.07138325815574287
-0.002269078670559305
0.03329810644019474
0.03149806544336549
-0.007420828295053945
-0.01427617595798462
0.001592400514843645
-0.1135643193177815
-0.1209955557221995
-0.1550193883174581
-0.03367901795772908
0.01827962172395768
0.03326820722056653
0.04220021953282434
0.01981647770028284
-0.06888717621267812
-0.1099645088552332
-0.1049221123866331
-0.102289865541019
-0.09529963083492049
-0.09179139946699641
-0.08544338306841576
-0.07510182330842884
-0.1133803215094723
-0.01542127474589568
-0.1194241128645867
-0.1266290686142019
-0.1017887391853022
-0.07640478606249335
-0.05151003469115387
0.03421669029684476
0.031155558312888
-0.006651048789325191
0.0145921360277097
-0.0185077171843808
0.01396887330289612
-0.0009122563475009139
-0.09913602266503474
-0.1945733347673289
-0.03510097450935
-0.03765401117464107
-0.004860136466258705
-0.09523520261506556
-0.1646773263037431
-0.2013549386304528
-0.1569401305429831
-0.1451913373960025
-0.05095441650173788
-0.02105873011331175
-0.07737840607548604
-0.06711860727456251
-0.08899730749334422
-0.09131164354272588
-0.1022459056480173
-0.1350884600033718
-0.1476456342287918
-0.1495087652206841
-0.1328781719188875
-0.09869925604162619
-0.07082233138646653
-0.04804819451743536
-0.1363862801588348
-0.1286719142626715
-0.0884737284877201
-0.04167701987412893
-0.0004780651584322937
-0.0008442668297249933
-0.1024060661581064
-0.1743596840941431
-0.07397131171954842
-0.03498163097347862
-0.02262517498524062
-0.08957666865921271
-0.08676174863615055
0.02182868733530302
-0.05986183777614312
-0.1011318836291792
-0.07802260273966871
-0.04839937204106183
-0.02705656063684118
-0.05951528729919023
-0.02026737165619645
-0.05344168264276172
-0.01681634078962937
-0.04475663824098746
-0.0468021476616202
-0.01241311793556824
0.0288870603973653
-0.0483190705166937
-0.0660619520813903
-0.01617900673528566
0.009035306546033121
0.01781230288812689
0.01267127035359264
-0.08783064346322436
-0.007842488033211839
0.04209232216113078
0.0336719202037346
0.01790327129651548
-0.02103164635392764
-0.06737399825978593
-0.04306713005724228
-0.05551848430533254
-0.06193785742798686
-0.1037373961297284
-0.1543277853729279
-0.159955596952837
-0.1518086120834664
-0.1286192260087199
-0.1863771218837275
-0.05780353345955704
-0.08261596254055588
-0.06740815660819867
-0.06772627815154901
-0.2082438930997351
-0.1964164318705993
-0.02976382383338583
-0.09313583516931837
-0.1722533959812799
-0.1112202251274949
-0.08567936562159527
-0.03721124506937876
-0.09174774820235744
-0.3937157299547489
0.01700301364570527
0.02436751144698804
-0.007419063334620794
0.03468519839637773
0.03895430893480292
0.02367215572298428
0.03209132175611922
0.02541594875984275
0.02462423724638539
0.01661584919542524
-0.1139854364639156
-0.1518800248505575
-0.02922255180944304
-0.07879955599747716
-0.06490120884350921
-0.1113737290309941
-0.04003018926439549
-0.1287691334615232
-0.3962338167458069
-0.1614846664104201
-0.244575503586806
-0.1569273849831112
-0.3166241664237498
-0.3559908348238285
-0.5214157465425573
-0.438371725326295
-0.1175962761411163
-0.0781211643373807
-0.04038848487496249
-0.001594138464069377
-0.0004567814220322053
-0.08973795494255316
-0.08467421158625854
-0.09268009606472534
-0.104573325835711
-0.1020884652738183
-0.07645920798037024
-0.06041961613765046
-0.04310644187926332
-0.03881298143359543
-0.05728108106861914
-0.04762180271021751
-0.03270150267161008
-0.01039741199333409
-0.05350226580289758
-0.06373779147943258
-0.06061879172303329
0.01255007683294913
-0.003750157600810726
0.0005413671899055379
0.01129007660231838
-0.008944749055849936
-0.08383654628082589
-0.06102505354995189
-0.07985108353330936
-0.05093257181673258
-0.02935740079104774
-0.07466359350767446
-0.08393239768113603
-0.08902887497841272
-0.08800456494867605
-0.08987881785055604
-0.09170294513266325
-0.07302201301035351
-0.07051449529741124
-0.08184170817845095
-0.09284919600187698
-0.09521689768573474
-0.0874369342980509
-0.08452649854459456
-0.08788283264855727
-0.09993921683524391
-0.0918314933836088
-0.06194321281701422
-0.03135151163728796
-0.04945790565676121
-0.06099429876384639
-0.05785122064039629
-0.08922899756963937
-0.05514532366735086
-0.09299210118496094
-0.1838627558672569
-0.2995963182318637
-0.5053023727575412
-0.2295603268167526
-0.3679224778527266
-0.02722737574906756
-0.009876406128054589
-0.03806105960826389
0.001913761986926707
-0.01421209956899994
-0.1373870203567227
-0.02077485520045991
-0.09705314413902924
-0.04568321143659984
-0.05693070852852972
-0.2264158508739074
-0.2600075863841148
-0.2180259192584659
-0.1644567714097457
-0.12197209920901
-0.2448201839140526
-0.1078055080584668
-0.2862483951379432
-0.3867955266642514
-0.3897221682922052
-0.4131906794874996
-0.5030388583551204
-0.5243011734145636
-0.441944189873184
-0.5692187376661084
-0.5694097437780457
-0.5298014235677899
-0.5505765377503063
-0.4853345811075093
-0.262143113109222
-0.02875683992720524
-0.008594935413802239
-0.01131441515322164
-0.06984039092062325
-0.05329339631865088
-0.04236565346081671
-0.06205793771893018
-0.0472553579523701
-0.06546478539333944
-0.06783279072914329
-0.01801829472669723
-0.03111495048965891
-0.05454979989443154
-0.02619767264879331
-0.1270813408396816
-0.08679291354688208
-0.2024908214362476
-0.2290781513164424
-0.3136642619440886
-0.1726379503311046
-0.121324125948819
-0.2671650957537081
-0.3187739566093587
-0.4248444377288836
-0.4880865095453874
-0.5335987052982488
-0.3483131161420291
-0.3742845442050277
-0.3861963498355473
-0.462910508482632
-0.5277226320359099
-0.4235026555281055
-0.4906798174317508
-0.5411705749157666
-0.5472650992566699
-0.560139852687108
-0.5495959013431506
-0.3919936340831605
-0.4985622641271331
-0.4599670276253613
-0.440719389440441
-0.4529134174784973
-0.3768262054667857
-0.5613130874378287
-0.5493315385667352
-0.4972100555771287
-0.4320497159040306
-0.5195386157046014
-0.3170271851619069
-0.3345785880963707
-0.3086357904460701
-0.2161058787506588
-0.1256107315412692
-0.08845968461186933
-0.2801219175509057
-0.2301254169245216
-0.1633166103956276
-0.1471052491082796
-0.1928655613677838
-0.0914458099125387
-0.07035122201400834
-0.04462843859312482
-0.009473842508924413
0.006469481616070441
0.0006734952243777261
-0.01361402936874282
-0.03167348588686111
-0.05837873758217391
-0.01768921527522668
-0.01879191492646208
-0.0555671331465515
-0.007611643779097832
-0.05271476362146223
-0.02332645394012754
-0.04037685387127547
-0.04302767639028394
0.0003593243422092957
-0.01221874589786544
-0.05514795079491484
-0.05355730558058421
-0.5596536652565365
-0.2825236277471771
-0.01321746929629753
-0.5453582522319682
-0.585255386242117
-0.5597741344406985
-0.5199614161037711
-0.5612247662568678
-0.5185487830359483
-0.5106580728113175
-0.4894348016996921
-0.3248810491591483
-0.2608042390046043
-0.4424027741489114
-0.432170955916496
-0.3762751605686442
-0.3372072615478085
-0.3009463454364705
-0.3240714535231111
-0.2370297934504001
-0.3396244965357333
-0.4303738186186555
-0.3946797035580719
-0.4073900811579955
-0.3534626952446766
-0.3743892326320611
-0.4654549840667467
-0.4851487870570542
-0.2791974029853849
-0.4081927811090898
-0.416058787728333
-0.2401026767662508
-0.1764760488065775
-0.05758679227405498
-0.09255126129929496
-0.2020838488268531
-0.3249953512642064
-0.3310914485880171
-0.3467488517550461
-0.3405094082305237
-0.4284596077235167
-0.2175298591515996
-0.1539204040195317
-0.4154844194719217
-0.4271228332230499
-0.0912594187919749
-0.02511275768482555
-0.07000367607710332
-0.342066582421407
-0.400070707669209
-0.2928733906724281
-0.2117834488819584
-0.1405484148033318
-0.07969727751913894
-0.0362356368302791
-0.1216245815503778
-0.1189453416234285
-0.2441879423915542
-0.3153169416503456
-0.5265966712341078
-0.1523210942364785
-0.1221384025802342
-0.1156778690142306
-0.09763124441816173
-0.05997188158890793
-0.09703649485313638
-0.0662214880450871
-0.06297911347710448
-0.07192542991335446
-0.07020575291459528
-0.0606189191984781
-0.04189533919001049
-0.06974930606553519
-0.08765627345411127
-0.06412857137247033
-0.08258324405630729
-0.08813603279715988
-0.07438638790066621
-0.06142690031094719
-0.06514699512414117
-0.0478685706998137
-0.06595045622655496
-0.02651087993845426
-0.1381406357024255
-0.1656687587754793
-0.1837815284183139
-0.1466346394034027
-0.1119697709993697
-0.09614039870938376
-0.07371956048308879
-0.03754710472196434
-0.02979641661236362
-0.008131581988975629
-0.1387224653441903
-0.1483699356520888
-0.1338506988760498
-0.08666656236023444
-0.1300076059920645
-0.04420776182116399
-0.03239780774181658
-0.1479016043206109
-0.1275354434086857
-0.1209497537404409
-0.1280250977183478
-0.1201556128866327
-0.1190302015559401
-0.1276952176389808
-0.1149548782058075
-0.1148995630082129
-0.1119428305791126
-0.1065198023318673
-0.1030140457149558
-0.09872186539131129
-0.09081589254568928
-0.07435855042086316
-0.1336407304129257
-0.1082433958092029
-0.06072990602908807
-0.1075991846746426
-0.1408959358342487
-0.1140071910046603
-0.1393083308264816
-0.166217142888258
-0.1746602116272691
-0.192618358462351
-0.01247086915327126
-0.03261837695415123
-0.04995577663552389
-0.0624472183560691
-0.07869851501081589
-0.05513817326377848
-0.03956208649649679
-0.05315655943620286
0.0375716814417556
-0.01504479639441328
-0.04088012873587452
-0.089148557318793
-0.4603073027354088
-0.4611617336115638
0.004649371120727296
-0.02163787485517061
-0.0384887275905278
-0.01721062644840033
-0.05934618585715406
-0.09728886360898766
-0.07622153753008633
-0.09945497937206901
-0.1407269780741053
-0.1489528539786478
-0.0002125931519006294
0.0202972936812765
0.02713940037734604
0.02713541625857668
-0.4173382151640028
0.01960662963007536
-0.07952406866931089
-0.2393110251394008
-0.4837407968850909
-0.1392249282615633
-0.1308958556960778
-0.120573541757986
-0.1146399450097615
-0.04236750918188564
-0.03979073358394074
-0.02384973617853164
-0.03910308362486296
-0.0443100033389536
-0.07622184196530793
0.009787237307739829
0.01069380746451526
-0.01354228756552236
-0.0411032364086933
-0.1107452057156214
-0.1093422751945976
-0.1219826687817467
-0.1634029461474715
-0.1795462193639046
-0.158771993859614
-0.1346299617139346
-0.1891807789831512
-0.2020705049836702
-0.1206132943788678
-0.06705776237154001
-0.09770170392432648
-0.0105466261558001
-0.1871789865554939
-0.04883861953547034
-0.05847197420782083
-0.0204442987491333
-0.4775472056225338
-0.4852177652707696
-0.5062398250242839
-0.4439885775653841
-0.124964325987266
-0.1249285497881945
-0.03032346557844991
0.001406596562428599
0.03241500987452155
0.008857569177252063
0.01949493760241592
-0.09725821945078383
-0.09489576971180526
-0.1016539622088211
-0.03852562402139766
0.0007764092601247442
0.01369081696281922
-0.1346361206312428
0.01681315536837705
-0.02510444424804752
-0.01451009390609581
-0.07495837692050969
-0.08112314986468089
-0.09961830134001612
-0.08513119292792129
-0.09204974424286716
-0.1007378029067135
-0.07991744527832925
-0.09243190421606692
-0.0939439994302825
-0.09187525978036203
-0.0738030221572043
-0.1506848630702976
0.02378791402262007
0.02764928580833837
-0.08257524104287527
0.009855857633326833
-0.05654538937636652
-0.5290103061184386
-0.1583569138134255
-0.079457512109929
-0.09003570182841711
-0.01901498511657303
-0.03668601871333113
-0.4837951125652541
-0.4306926227436188
-0.474006315846888
-0.4278162161293378
-0.5280363465444716
-0.5090520971305397
-0.380524544210286
-0.1160903913274039
-0.0656729298462099
-0.08075906927787067
-0.04968287766610233
-0.0629965565721769
-0.09280496034623564
-0.0977484092478883
-0.0008519401059498425
-0.00345406829405541
-0.05966432752774665
-0.06066780035223421
-0.06773644659291159
-0.1651212764746887
-0.1095667517191283
-0.1056728013236784
0.006445444720363147
0.002922729736165549
-0.06343237015159336
-0.04819021645862674
-0.02955316613420144
-0.01032160788043826
0.00381541359325248
-0.0008581778363656698
-0.0544108652968651
-0.2374326117502223
-0.05984060221570475
-0.09724425104439549
-0.06490157206648361
-0.0567784643415215
-0.05845087741919795
-0.06587170742430955
0.04977111847160665
0.0345136616851648
-0.04330446735156704
-0.02380597084860759
-0.13378678318262
-0.1031257352401522
0.0008085113604156431
0.0002632081648464965
-0.09886959341586257
-0.0992365380106611
-0.04729000487295258
-0.5192552007098744
-0.527810218219257
-0.05013291663042713
-0.01037995755141547
-0.1101214779244631
0.02312797774055656
0.01956106927833111
-0.1174620999333652
-0.00977259612088487
-0.08315283621554466
0.0262171428253057
-0.08798050022740518
-0.4636956370599193
0.04094835319003283
-0.1010655030228814
-0.1051128677968183
-0.4391336533221654
-0.5087708233259235
-0.3523299753028081
-0.08473505699586044
-0.02234939512708647
-0.5089207167732015
0.02903498158701116
-0.1066721848603791
-0.1331072452783411
