-0.08703093019197636
-0.09526875895389172
-0.01063509403313215
0.1217007617364976
-0.01515639044150174
0.08454953801676858
-0.03452735333699256
0.004911685081177871
0.02242380417250287
0.07964681834427359
0.05165653626029735
0.10575987505535
0.1364765065411216
-0.004152936222111988
0.1784362483350636
0.04795931187312628
0.1153797439477149
0.05724196755708354
0.08296764240071808
0.1175147268167488
0.07480622369904064
0.1167201509770049
0.01395553508634439
0.0350101301975545
0.01104628507825701
0.1080634499528634
0.09533011733414327
0.1120308419834274
0.02883995945326963
0.112812659660745
0.1068667771732575
0.06834819350286767
0.1178007938460116
0.1089953986135801
0.08214169015964606
0.1218772502005789
0.1185260763247792
0.1020992932743516
0.1156150475369948
0.02756809466249779
0.07785667748259614
0.1166857509514691
0.1060858219050462
0.1022338534805263
0.1084473117811268
0.1223355759899968
0.02256628829213495
0.0812605608514249
0.1085824146117211
0.09119274418268701
0.120865130250332
0.1060931348304509
0.1033817078484347
0.02289100538443731
0.09149064228126702
-0.04016068600796736
-0.001901523522386146
-0.04003855695992578
-0.003026916757044863
0.04425000633265835
0.07972925689053971
0.04353400289202507
0.05285712016031359
0.1133336948727027
0.1057906327977632
0.096131051317662
0.07679703069425535
0.03588152599377327
0.06689749369725706
-0.01093044400059821
0.116901140648874
0.1039879937580831
0.104740151425715
-0.04333716140304887
0.1085836905254061
0.08918255417519423
0.04707593399590772
0.06760283381201465
0.03635814701157087
0.06451498736011796
0.03164896357301214
-0.06830864733379215
0.1000225409331311
-0.07919299380723505
0.1027577547306776
0.009080902532632393
0.01079046679334156
-0.01969656194411736
-0.02436424279572495
0.02223383472252516
-0.01929140409285902
-0.04942653754775296
0.009346858241912108
-0.04175852311340509
0.00745718813957318
-0.0081223537669547
-0.01810529068989657
0.027718975023255
-0.06677489773599193
0.06397418369335386
0.08910483878582601
0.1327711629690317
0.09700793991255063
0.09950402340138449
0.09605937770967771
-0.01599507473082159
0.086603908722551
0.1228639430823626
-0.05415253108162987
0.09587191487103192
0.08873169642434288
0.127108267434568
0.1548326762911954
0.1232238352075325
0.08509355624985915
0.09230748393060816
0.1122110465633419
0.06024845289971109
0.07245890650824836
0.1462408828454717
0.03191604050393411
0.07749998011402504
0.0665005400328559
0.05435215436651311
0.02447632797404231
0.003025116346484284
0.007561665655839313
0.03425182434266145
0.05797917362560181
0.07942344736239146
-0.006591375532210142
-0.004384714731013402
-0.003390915457457722
0.003479833014837116
-0.005062528787924933
0.01641321819900458
0.1156359613701754
0.1651272839771595
-0.001998209160573728
-0.004305920559620118
-0.05464675874794832
0.01285335014030888
0.0472176290756491
0.1034543123920958
0.1019425286263033
0.0927162742077771
-0.02034924263540658
-0.02147664813926603
-0.02934304285908064
-0.01942840364392948
0.06125020205520346
0.08718830395647517
0.04957262235572684
0.02781039455962275
-0.05038587760332031
-0.07143412424734064
-0.1175569406472495
-0.05739936961646755
-0.04769476203467281
-0.07850076339163589
-0.07941197234278478
-0.1075207235330341
-0.06773426128226663
-0.03992452172619257
-0.05550651137137672
-0.1120089827889132
-0.06930545739247292
-0.0576660308260513
-0.02193623281038988
0.008062215937453912
0.03868255726854827
0.09090807583406331
0.1498439153296026
0.1444468786058867
0.1266178059428067
0.08213930122652596
0.03888256374174334
0.05042416859541559
0.0865944622114547
-0.03607397972320678
-0.04011878422649189
-0.07608347169908955
-0.06647130596791744
0.1108465500713136
0.1070188607226508
-0.05643420281509828
-0.006755646929102055
0.1603865529951141
-0.004361744692617384
0.02958636618220154
-0.04730736443418108
0.04708505076781674
0.1731628932829657
-0.02682442781322647
-0.004460743590525468
0.03500948469865583
-0.05325273447380233
-0.1021118734213741
-0.1029647200626136
-0.07448074819184379
-0.05474253216203017
-0.01725053329133384
0.0674229060169964
0.05964552833584068
0.04712057845865521
0.02001819421239599
0.07371577984195007
0.1205400287641397
0.1043660060367115
0.1210951701711565
0.1758875013235655
0.2492702428310667
0.1308313197637801
0.2080133816768917
0.09451295665816149
0.2154466645127412
0.2190787366659311
0.2878185849558635
0.2579977695952009
0.09725230034939318
0.1132880646586145
0.07858796250110259
-0.01869813319296507
0.05664351118595701
-0.01415016984077398
0.0007137690994989252
-0.001154796775132386
0.01286906042003758
0.02631086960013149
0.02016772715432563
0.01359413900587119
-0.01721935590754967
-0.04689267552024522
-0.06250165343628349
-0.01041504392406719
-0.01478307064850715
-0.03170676326050288
-0.004348607082080224
-0.02206383816254907
-0.03943839257784714
-0.04669516375813659
-0.04801088696727285
-0.05058280175237895
-0.06336515035734458
-0.05739406549905453
0.027794234010102
0.04958629352738321
0.0380207644947852
0.01785145045387939
-0.0307579512234713
0.01819134048903814
0.008416141949643467
0.04455744749664989
0.04805463266852955
0.02923558681995912
0.03826220744194582
-0.03041986361373428
-0.05547532066184031
-0.0481982803584935
0.02560615388841356
0.03678548630919233
0.04691090034361922
0.05226131818912854
0.0323200873107745
0.02704186363498353
-0.01136939159098172
-0.001872360129313078
0.01458732646565197
-0.02790393629260194
0.131918526205342
0.121014125497012
0.1292887477821008
0.08723093475601609
0.08561055849758849
0.06923159824042989
0.11203546530837
0.27362725267327
0.1411309738120679
0.1932602057505511
0.03614550951158141
-0.001974627233236464
0.003036894157341524
-0.02810545642511434
-0.03567836744223853
0.1656143222884686
0.02979815365807956
0.03833789338911892
0.06258810963141932
0.1031813425829053
0.1788634571867504
0.1405801983468874
0.1998680690355581
0.1835272037509882
0.1450086949011988
0.1862313828638857
0.1157129817109577
0.2234631915750228
0.2560081539217833
0.2471194661789449
0.2235806998376728
0.2497508423608611
0.2699737760849251
0.1980721770054708
0.2962977007600756
0.2942614673777171
0.2762399666907429
0.2889894316107325
0.2329837108477217
0.184253374182154
0.001387112179152905
-0.01667176661280952
0.01215296611741122
0.0546881263560734
0.1340283904722383
0.1048614623776723
0.09446349141962457
-0.03934470578914109
0.1498295401256693
0.1440486672829279
0.08156312763775489
0.05853728095888194
0.06894413913135042
0.1012666394159735
0.03722440872722082
0.03510160599122278
0.06699330071876602
0.08609473178861698
0.1364808568768395
0.09242454997052561
0.1036918513742352
0.1010375659701933
0.1709216405528353
0.23789867354296
0.2763838809192068
0.2911911049464619
0.1404028397573221
0.1536158606654519
0.1711373873202341
0.2328591247706615
0.2636610735638401
0.1842871198016346
0.2306262601742237
0.2706684118021729
0.2860930676242945
0.3010265985212149
0.2803524764875761
0.1575747675146243
0.2864005062800503
0.2440660610725746
0.2381972258994785
0.1771888738855351
0.1419370485750255
0.2903217090317326
0.2861629974567287
0.2711063678518398
0.2035600518430791
0.2879331049851287
0.137273834646345
0.1834199154584333
0.185162290964169
0.1693264423244787
0.1432920882533143
0.1245718263140246
0.202753690299197
0.1594368635615201
0.1400049231930142
0.143293841764823
0.169682651905301
0.1179445610531262
0.1030308798795723
0.08506991332318423
0.05272766773229444
0.02504100943538106
0.03255389398301822
0.02139752177468968
0.0031694889725135
0.003174480690301813
0.007789869290962673
0.01388190420834824
-0.009869830630909418
0.01226317618263803
0.08203910698893817
0.04861676838683267
0.08299156073302463
0.05130355409481491
0.04381387150067852
0.02648869278850079
0.03182482673184528
0.02369038633603354
0.2899837974111694
0.1895820485829577
-0.01521210563631939
0.2983471618283537
0.311096674793944
0.3047993515943274
0.283951199580979
0.2763661828909019
0.2380246720579451
0.2559117861272652
0.2273404327707951
0.1002915961645972
0.04206152014575965
0.1947468069117371
0.1663844041522271
0.1202490737336485
0.1092023942989455
0.07723071105594428
0.08489737710508444
0.04343808166138459
0.1183497966506445
0.1930499749715028
0.1396781594596917
0.1655284867818866
0.1381748864713816
0.1595562918932874
0.2219245571042761
0.2249023389510857
0.0783423225746053
0.1696826209010288
0.169245618522566
0.03781727658890009
-0.005620998105186365
0.09764448686491212
0.1600827443111545
0.1747852931123141
0.228425811428708
0.2153349919315382
0.2060259364399864
0.2128926488135757
0.2452925716740299
0.1612557855719872
0.1324395001391319
0.2361761162638962
0.2146302913165813
0.03029976965374446
0.03797871402140805
0.01597449651486912
0.2213440945246095
0.2467735671139581
0.2139481806868549
0.1774693050728141
0.1499814767782556
0.1030422250578433
0.07533542764051118
0.1420519692015773
0.1377878088226797
0.04399459973407888
0.09692790461633789
0.2804603133335767
0.0429527069709231
0.001476218049307511
-0.01003055224339398
-0.00240381105814305
-0.03912738078463791
-0.01630609920805839
-0.05524251348208516
-0.07247031342683349
-0.06620492673859762
-0.07004456391785681
-0.06916401028617439
-0.07171173568308638
-0.07299681545417237
-0.04281629069020251
-0.05189522792624751
-0.03326797618799437
0.008075446651954549
0.02011920354610479
0.006273375769521975
0.02174990744399807
0.01229942522924623
0.01218765996337422
0.01402542532521623
0.03448499115817109
0.06864466308595352
0.06941376203291354
0.07663754477282654
0.06659981934322957
0.02705967053237763
0.03562337082487603
-0.04190858304368895
-0.02151317054375977
-0.0390814884228512
-0.00656434456950811
0.01069492772902289
0.02934591696295568
0.01894546278634035
0.04972209013914852
0.06469168025236396
0.0373202324680645
0.01206195190190572
0.002900977066678624
0.009994205296299331
0.01196253325042665
0.01467684347274462
0.02135047197358978
0.04130296053436294
0.004392450855058972
0.007480148268743598
0.0246391384738519
0.02626492475885821
0.05017499037434644
0.07805094744158331
0.07697399977256897
0.08716527982083258
0.03839655006834196
-0.004424194768007883
0.04370226975679414
0.07047463297982104
0.07589727379864156
0.09013389236431349
0.09659339381456532
0.09418895355521642
0.09745912750297453
0.09637162491873841
-0.008480880468032984
0.01255183730236356
0.01174660404634402
0.02217508490963341
0.04991092334875327
0.02095005975984796
0.05238266792196418
0.09518809586203392
0.09856204444338225
0.07681067751175585
0.08304312280073439
0.1089179217826981
0.2743705240979139
0.2589153138364445
0.07942899939219601
0.1198309095302781
0.150396067549631
0.1388439327458816
0.1672390367583696
0.1642001189346552
0.1689272382517537
0.1714767892027872
0.1617840416541016
0.1697070526133217
0.07335554823309565
0.0356568784932535
-0.005875344465062519
-0.009816130039509586
0.1996556434396971
-0.07788061722090631
0.0359349671375112
0.1280306060380852
0.2632886499125792
0.01112170899587139
0.03118061809475857
0.0238204456350579
0.01678557276922578
-0.06193024589096911
-0.06075966767565535
-0.055755840609845
-0.04895137464366453
-0.02378365593421435
0.0002204476029323074
-0.1036266452949883
-0.109151823859158
-0.08744369590081096
0.01655780170290573
0.02870306715782361
0.05283188842446092
0.06773179395464535
0.09854953090580926
0.1216590775145834
0.1337148068929286
0.1468223059810274
0.1391552167560121
0.1331161945637505
0.1160073776226369
0.08908588043604691
0.08086371488635015
0.06348779485548323
0.1024865806896663
0.1045130822877915
0.1309569959369302
0.113928354565108
0.2405625041330897
0.2514118029624109
0.275535734463775
0.2152462172223456
0.003863923865933952
-0.007745573550282474
0.1481631214044088
0.1261775756631959
0.1046851303665731
0.1220081662855021
0.1035719365124452
0.008456917927038886
0.03500393630922161
0.007280033565032639
-0.06460922077690583
0.07123217295078384
0.08952242555953795
0.1678398335794752
-0.02073427675086846
-0.0425489162567906
-0.04806958915436691
0.01205731705618517
0.003462172299355636
-0.002834438006038648
-0.01199927983320788
-0.01963605788137074
-0.0123275561102217
-0.00938215905674462
0.006589058660943549
0.009403298577733383
0.04315792175114405
0.04725798824963422
0.08430502835947058
0.01582142797476767
0.03205127446485515
0.106239777626007
0.1063856414867199
0.07506629072712637
0.2893674905179505
0.1456246200725872
-0.05254617976652527
0.09696211658568239
-0.05162001138973783
-0.05389290529679495
0.2654307707522519
0.233282508127952
0.263584055354141
0.2492738865295349
0.2900476125766622
0.2864066824478059
0.2183798832978764
0.06293241398780684
0.1109761216077332
0.04578931621759949
0.007357163259204105
0.01550476104469736
-0.03740625275574599
-0.03099962199555307
-0.03796544074921113
-0.02495672072032441
0.00300857368452631
0.02241340596875756
0.03015533525068335
0.1455586243090111
0.1633769346470352
0.150237701752075
0.02549812577900849
0.01851210569920793
-0.02065074202239802
-0.01664225238078956
-0.02769786057362856
-0.01443489926898923
-0.05255187245602162
-0.05816856036924628
0.1057926188219273
0.1940882620109909
0.0008965844983245203
0.04759896955121064
0.04745914302136399
0.05397548612717093
0.02851533313431694
0.1075825591333022
0.09192997479284148
-0.1005044094990023
-0.05335457206174169
0.06308506499609691
0.0659219625690788
0.06725464697298955
0.01820894637829609
0.01018560396404888
-0.00906949388729531
-0.0194613132247139
0.1183521701862689
0.2859532756625236
0.2768269804072245
0.05364629508148314
0.006419942008737645
0.01010564224936404
-0.07759343627928045
0.1075404869151687
0.06441517882800112
0.04522303264966818
-0.03243096755563792
-0.1014613563960155
0.01876045375996555
0.2664114812731539
0.1001068802725681
0.1095771986715801
-0.01018451471578387
0.270566832353537
0.2283093915128477
0.2273117190189358
-0.03161678709578641
0.09218588234986076
0.278485866222314
0.1017358532779596
0.02858695547706501
-0.01266919257799044
