0.08262810512055348
0.07030389841836671
0.1850282167043276
0.3624038225009217
0.4107783909543553
0.3603235151336718
0.1178501866617796
0.2282697588951444
0.1532369565437711
0.2847239775048106
0.3758595439669418
0.3721872757344073
0.2079270593429932
0.2299385128197562
0.3926550507077239
0.2709867758335194
0.3789923535898557
0.2397094238656207
0.2667699607819929
0.3711750927274085
0.3567442208908903
0.3695316652562946
0.4386334231833202
0.07462588618664989
0.2572576382050063
0.3492874046168722
0.3810737510064898
0.2527047834367556
0.3979337348852275
0.374076703374757
0.3611206378985438
0.3187045439536397
0.3729833530945472
0.3702793527970311
0.3545363739322298
0.3637884294115614
0.3037982353990555
0.3704604072312167
0.3614461787060641
0.209301596991906
0.305052799488708
0.2585704368347561
0.2069023053990805
0.3295412244499742
0.3008977301215545
0.3255559632761322
0.4645161361325917
0.3230609740818068
0.3823817222379346
0.3658483887829119
0.3090346746780999
0.2355519467595688
0.2352994693506733
0.2509348597767526
0.3768755185171918
0.3058678177565686
0.3348670173414182
0.3448234006956467
0.4535116455857113
0.3956744659020623
0.3446475422220389
0.3015113146630287
0.3004690483605517
0.3786839092376733
0.3814354234319867
0.3704717258734679
0.3763797864393592
0.3399622323085876
0.3770220895073391
0.312696713110013
0.2785409394182341
0.283924645404906
0.2293871242861266
0.1759114285813288
0.3658507034268826
0.3413615479965579
0.3111989950640668
0.2489989859419884
0.2345322857041342
0.1089007527102903
0.1735607894074357
0.08739135638912658
0.2204022397126782
0.07386038894746233
0.3583201975941241
0.3923305147645647
0.4122264513008768
0.4210545494768884
0.4429930083026308
0.4445675717178612
0.2830788984195129
0.3174136753670411
0.1999752639932934
0.3017238340243883
0.3888027139086399
0.2999268554960323
0.2642524871264922
0.3014092443615997
0.3340369433703351
0.2751701935239443
0.2583411028722027
0.2467848841233483
0.2460566113062633
0.2047616851305909
0.1796085362747408
0.2630048191357702
0.511140437514304
0.4886833130366209
0.1537846650168958
0.1809319987434087
0.1077059513902924
0.2003961197827955
0.3575941141736964
0.3519070146509694
0.1755583649943329
0.2019429642565976
0.08661055229834123
0.07919280304520111
0.2580019454994246
0.1680934998366907
0.1058594622725788
0.1881188464954884
0.1542243528012312
0.2173738442976355
0.2509918467572453
0.261218319910654
0.1829049693976709
0.1502538274904618
0.165437131854367
0.1240219983118823
0.303828010205515
0.255019406866149
0.2339158897944727
0.2003514945562471
0.09150544332528886
0.1163846223008381
0.09234173385909741
0.1196746414796446
0.2713186649852706
0.112056524654304
0.1914833340864406
0.349417772402721
0.3779959565588655
0.1699193778553039
0.2599102742332813
0.3030018087875411
0.3853053696313907
0.2615078209054032
0.2438729796563118
0.2808607479183202
0.1142714862327666
0.1543360531055247
0.08108936064060339
0.1397841109819044
0.2112195198901885
0.1161123945738026
0.01076768116255269
0.1960256665432234
0.2729588599980256
0.08806440072876437
0.09790583885425611
0.04175851712894547
0.1802300450065705
0.3769721101326292
0.2449537056912253
0.01123562487622452
0.1051359519082597
0.1834098151309549
0.3304053359201984
0.4317689877024334
0.3890747652445865
0.425135191946325
0.4096080384953001
0.4763174928381778
0.5281505799828591
0.5187985087608912
0.430313381090128
0.3338817073547985
0.466700480214534
0.374567759764435
0.3631363433331536
0.306115604904669
0.2467994866216666
0.421428116364751
0.2932271098603656
0.286653777038726
0.2406582900056135
0.4339310447520659
0.3379746402314698
0.3554604350355403
0.2276921644132416
0.2939485199572214
0.05079328993360207
0.1871512730842077
0.1434504076867942
0.2792721666216765
0.07620379618651447
0.01478469146603774
0.03684177137840501
0.06425226374725521
0.1027632842418582
0.1597146086207287
0.2208452976179239
0.4996869514490729
0.05795280742448478
0.0670271524229014
0.1314566290338463
0.1660942320270981
0.2175599977359985
0.1180585042856764
0.1234576029570199
0.03438241417318891
0.1336175382291565
0.08314931515638274
0.2976856811398143
0.09622133461204763
0.06503963628880395
0.03506010213958107
0.05046939758830725
0.2648591417532978
0.2204651839839798
0.1942339309920629
0.1617227232836919
0.07001908251865306
0.3709960539020877
0.4209946199000382
0.4479726007875298
0.4781159974229793
0.4639541626827574
0.3544328380290919
0.2824659099438711
0.2593402818297624
0.2633482300271873
0.2778855316550403
0.2806641759367576
0.2308742063953062
0.1932919838597854
0.2792645274805866
0.326276902488586
0.31436375135518
0.1265717228009161
0.1382247882213528
0.1915357900267022
0.1491008509964319
0.1616758469037989
0.1968611889698979
0.1565720514924259
0.2195256808046716
0.1688982199324316
0.224987589801434
0.3105286591958974
0.3073268601977266
0.3089172077459615
0.36793267202495
0.4139211950020134
0.4205815347912335
0.2870132234933053
0.2694426234101564
0.2579171898222475
0.267845336923341
0.237885366888247
0.2637424994259777
0.3189212387336263
0.3661063763208627
0.4317563249329305
0.2671643079146949
0.2692657395844443
0.2200103195589453
0.224855991728917
0.1831475335221143
0.1806893660757862
0.1620233778605629
0.1694643662167513
0.1471421904764914
0.09396918078049606
0.04827888985584344
-0.001586959017075941
0.05380443854445403
0.00507157877599503
0.1644800414115555
0.14480151480582
0.08910257733852336
0.1188560361109136
0.1482154183479784
0.144262288184464
0.1947125507609561
0.1151374453005596
0.223226789883143
0.2129827895534742
0.123969288991289
0.1010154641548031
0.1187624286135628
0.1048632826667183
0.08419873783100558
0.09344959728239852
0.1036376210114408
0.09216815285926312
0.05692444563153273
0.06771698233767469
0.06226759770422832
0.03143206617300958
0.02294299512620565
0.02232688658373843
0.01228555551437001
0.01505925347529425
0.00754597128175064
0.01755597453029282
0.02055200083596915
0.05688974087648981
0.1190530724880679
0.1006828450756012
0.07571296575272726
0.05683695139396197
0.1580551545909853
0.130897408795435
0.1349262374425189
0.1669657996165481
0.1402827376035132
0.1141870458524568
0.08993456098738289
0.1114198378957229
0.1452527579071214
0.08844807409572157
0.08710148285352465
0.0758520866066057
0.07021385431020513
0.04583035190786678
0.02224729241943395
0.04950759553531547
0.06471662218603776
0.07222564182415857
0.03329212674786149
0.02082918888598912
0.04157791716821002
0.005229618454112428
0.05362479931010856
0.0351672112946854
0.01775655600652398
0.00641537882273454
0.01233490271742927
0.03742181755069354
0.02381203667333728
0.01691612405647678
0.02298005275897153
0.01868840668503214
0.01644438443523442
0.05819148278321044
0.02898774710120014
0.02041353400432201
0.02407982351196209
0.03904043217132427
0.03021336478234128
0.01158058682393097
0.01125659848395477
0.030528975651096
0.06563154103375295
0.01109364148394848
0.07165818379366723
0.08530744105502283
0.05649100070804557
0.09057894984482059
0.124672942183847
0.1406079587056005
0.0912464414922791
0.07358264703539656
0.08286560350825241
0.09604345317001169
0.1074656718850316
0.1089498479431687
0.1254509923739418
0.1108776774027351
0.09905804988663104
0.07817989142316681
0.1010730754970642
0.1451560330692616
0.1663848389934187
0.1830648648731923
0.1474463500410859
0.1115841143749111
0.2012832165844219
0.08035742751572476
0.07376053109418113
0.1473605673033135
0.1468687516356675
0.148762220209613
0.06498764285983263
0.0699188266816681
0.1153419161955593
0.148750447070751
0.01322767615748889
0.07461681617080493
0.1032197051327008
0.0003759486736088784
0.01255953274899072
0.02249360504971299
0.02699050041767388
0.01962153677274447
0.01756693988300376
0.01479391060246411
0.04384902908862635
0.08828873109199961
0.07207513335455651
0.01640333843661563
0.02756975796178242
0.04938336919433808
0.05279739806968486
0.04868743724509186
0.0735771138462514
0.09863980863276352
0.03866253054092121
0.02443605056396723
0.06079282537156701
0.06873728473577272
0.08837113859292461
0.07456436271450505
0.04089407915145164
0.03104355241875542
0.1019382647696621
0.03151532474907398
0.04154090215690573
0.1015129597737329
0.09908903559494446
0.1518986075797698
0.1493551810508213
0.07332811839503549
0.06087960734502706
0.04197945830965742
0.03783241428867374
0.05804872911684397
0.03863855250012202
0.07327120917258323
0.08820617049598836
0.0280600855001929
0.01755508855870823
0.1610986519635071
0.06206696322465231
0.1007535067309888
0.072420234519395
0.06614433137825536
0.1001490204314057
0.1084845326314344
0.1223439563089656
0.1196970956864138
0.09784636460203507
0.1310448605457402
0.12627005890113
0.07910731392231742
0.07198968616011686
0.01765579460778957
0.4925052108101067
0.4354525548033946
0.4035471922809822
0.3310970474749682
0.2734483469705403
0.4240406495479929
0.3652241968841464
0.3336675996378254
0.3407064888565856
0.3129104966485199
0.2725073049905184
0.2065631732600286
0.2736307574628303
0.3602001024685108
0.2019524105473658
0.2249815414071994
0.216614056485828
0.1879291513223705
0.1480745507224641
0.2228950982073074
0.2004277400776573
0.2649378047453715
0.1387036840426293
0.3766358104134818
0.3838451197260619
0.4490776274310969
0.3351372977643894
0.2989352967810567
0.3148748422196708
0.2790858426063783
0.229674655066173
0.2218737645339125
0.1729341552117968
0.2293554965083367
0.2203054245341682
0.1752308605090809
0.1093750791089739
0.1769028201426824
0.05955026145614278
0.06956147451056933
0.318562619455224
0.3394402448844177
0.4299719187967312
0.3382191559972333
0.3826889437542568
0.2892410938639035
0.2673460039809145
0.4409026697890613
0.4551347071381133
0.341362239693668
0.3727566466277853
0.3323634773124577
0.3164618032891051
0.3431869531562897
0.298152490871414
0.2308842642276211
0.4311700071261926
0.07533404160507053
0.1433624907663633
0.164653519621894
0.1749613787528572
0.2410926490045078
0.2771848971313115
0.2389746538760969
0.3292042154425061
0.2113303820678095
0.04312411833292989
0.06597858772642606
0.05643428375795574
0.07267824581254517
0.0869774822607495
0.06659377230352131
0.1237048354997447
0.2724239922410407
0.07612493001742643
0.08521468970828554
0.08741665958466167
0.04840627100553889
0.04929294751382871
0.2553888359332638
0.3162819727158318
0.3424527611078579
0.2733473623438731
0.3380971895153974
0.3074718763003564
0.4082958446206844
0.4186571231284906
0.476666049186903
0.4305811417053668
0.2575601608807841
0.1799701734523561
0.1283520291136354
0.1434881798834401
0.02024654129726148
0.1175498198782716
0.2728248173897122
0.03147910735993945
-0.001717815823974319
0.234004930519885
0.2008886590617175
0.1601436284693651
0.4808607844717335
0.3007306444210663
0.3265401955076349
0.3028142790188009
0.3462252449254212
0.3631643401189594
0.4144692662253289
0.04600258019309123
0.03671899525658232
0.07169415148267611
0.1272841711587389
0.1791811033096837
0.1010900670890395
0.1190010926514906
0.2044266017493472
0.2778116798119397
0.2752349742190503
0.2951296621604806
0.3665387577238806
0.430630407425334
0.1881549023649093
0.1156055813325342
0.1162693451001502
0.06878848738417549
0.2663216617730832
0.1359004254614926
0.1773327439384453
0.1533560075900864
0.04452929747700136
0.04618723179720227
0.02909845858604507
0.05988856900163637
0.3884850531927312
0.3218760734996607
0.2510750135071568
0.2247916188720296
0.1980564881561537
0.2398735914534434
0.2303417451129058
0.3990743704188988
0.3804018310221108
0.4022993510120811
0.2241248732979048
0.09986675512274606
0.1374241807990013
0.3590265443591906
0.1723272488655833
0.2446881297572831
0.2402161849845551
0.2983202927508436
0.3027299186133417
0.3263939765931168
0.2661440686541474
0.2280267170688622
0.2012614424336722
0.2487916312615465
0.2095776903620384
0.1758293307577846
0.1937500449277643
0.1773734505426171
0.1194326477971191
0.2156148931773769
0.2169839439099937
0.1856963413327363
0.2205701617932465
0.1547621651126015
-0.00214874570613603
0.08230785179153968
0.2396467925936115
0.2464530089935422
0.1645084749654891
0.1889757866019925
0.009891043997242456
0.006693540434048229
0.03141443556875942
0.05340614758444354
0.02253483794852265
0.03673581030382114
0.04509879419541516
0.05995127351848347
0.1401616946076591
0.469375941248797
0.4093190393629216
0.07533854507426897
0.4012330570813871
0.4151900748805172
0.1447415796298563
0.1257146746505395
0.2990578247054828
0.28683165629206
0.1175199492387951
0.101906546792897
0.112553229536807
0.09888442142996293
0.09240752103301145
0.08272358427777519
0.1681541756318933
0.1422165222522087
0.1335914544078745
0.1847241545622571
0.2379023481931301
0.2402216223436135
0.2776489244358073
0.1135072298441291
0.2427511834982358
0.1252431626609661
0.08959178619584776
0.10473127220064
0.06525078587275895
0.1501716961198338
0.2202036004727657
0.04071069877953604
0.1565039484001837
0.09931254242155566
0.2078277498530078
0.1734833166492193
0.06823184980697096
0.07851470861603983
0.456849042028081
0.4333356253704121
0.3912348205083136
0.01132028267548025
0.005994890600847015
0.1295089705425632
0.1647909898456821
0.4024231493734521
0.1354786737228066
0.3123772010075587
0.2967362809718775
0.06055333318199803
0.3669572759144478
0.04051282642505927
0.3540915107738208
0.02578373161527016
0.2403025712076921
0.2303522223990871
0.4346833941029296
0.04284248106262101
0.03274518579846127
0.07671179560013977
0.3989959651647614
0.1780676870133464
0.01505873396127233
0.1938076906518915
0.131008035429729
0.2635140127309104
