0.08387884317453689
0.1867050413996742
0.04819438158774308
0.3281484191325948
0.3893933399776197
0.3197486207010923
0.08193132957345906
0.1767324333257599
0.3041960386772243
0.17841047148712
0.3248840427874211
0.3331839963757596
0.2062150226951709
0.2289046270329513
0.4207066466689177
0.1568554918059814
0.3551343393582238
0.1354502264378969
0.2516205392081051
0.344065450858814
0.3651888371046856
0.3488646996147319
0.4035797847819989
0.1699721234042248
0.2990166430471438
0.275499610543815
0.3821264945146168
0.1971530823331105
0.3957533179484037
0.34132957048168
0.3023376817048117
0.2288417198576605
0.351722129971224
0.3639290615335357
0.3356652684868229
0.3306727319775644
0.2545685826524515
0.3633691052279366
0.3197046306140072
0.125499236673097
0.3989926933613104
0.2532603721214631
0.2715803625339293
0.3063293808409066
0.269506041842717
0.2893832960205477
0.5055506846892773
0.2295894829130035
0.3580459739552489
0.3311233037117725
0.2696341499041748
0.2167624796729284
0.2240726790631154
0.1549720847348252
0.4198491581319675
0.2864184145105951
0.2829692875441087
0.3284553316433421
0.4197781375452673
0.3599545289036769
0.3304507955015303
0.2892838147166948
0.2330145441778332
0.3646449103628681
0.3757462795698164
0.3764320357640681
0.3852186360759363
0.3479603047390541
0.3723318768313691
0.3063137929521997
0.2281732698785813
0.1963536452649129
0.1620169742783838
0.1209717963884068
0.3197636869681184
0.2730368410860755
0.2980111699549136
0.2790019781491027
0.3012236062060276
0.1256966142392727
0.1836007715520733
0.2054778855578812
0.1438771011717346
0.07128467149615297
0.3437177447904923
0.3452042925231213
0.3662842261050721
0.393787792320729
0.4343131419156967
0.4054932799806949
0.144646159270653
0.2333033607404766
0.3123791877842157
0.4080378794362102
0.3626977909466197
0.3350023729373763
0.328671767208328
0.2569448357994065
0.3043997168776494
0.1618275050580434
0.1720070166925361
0.2274354788447543
0.1890275028045907
0.1916323519550422
0.1409966142121182
0.4237156701738546
0.5936512726798118
0.5119832864839586
0.08275033888815193
0.1721868231004877
0.1118317264471703
0.233232853199705
0.3878867465452974
0.4033403100177542
0.2851423053298354
0.3329694677682334
0.1538630908169255
0.1685516455507343
0.2819044839397494
0.3119174962710893
0.1671588509089135
0.2173067096729635
0.1984763381907346
0.2718073687936222
0.3109313203787801
0.3291612859427289
0.2837735235207616
0.2325753225652983
0.2729374514018348
0.1960290682294603
0.352545896895438
0.3386532067213551
0.3311350358005164
0.2321098529320435
0.0338885519163802
0.1526421839025508
0.247821927437622
0.3011733713688526
0.3038962108967154
0.01441013887720216
0.08291907579617802
0.3369123471838968
0.3151538977775901
0.1293467213580844
0.2450538785553586
0.2900198318660284
0.3694700756545897
0.2020863078938666
0.1758062009126795
0.1761364300934823
0.2601241307806262
0.3231913427675369
0.1247605339361418
0.1620441587922828
0.2014528653323034
0.134340751609656
0.09469538202860191
0.1547103200143863
0.227093225771032
0.05558538761310243
0.1012592883994095
0.1032640648808806
0.2535966301741874
0.359666116886367
0.2594020634753989
0.1464137458933689
0.2744920372565166
0.3335738597760863
0.4671266965745772
0.5342190280324262
0.5327013710619659
0.5296335576838826
0.4532111210479945
0.5394253512201622
0.5661435398973368
0.5483649072133492
0.4188397711664648
0.325613987285732
0.4840492248987813
0.4223217173577649
0.3391110764874681
0.2071134835727324
0.1100480537777425
0.4571104140299513
0.3818206557134371
0.2617108506943434
0.09227712303968504
0.4779284867590974
0.3540520637614505
0.2659516051035541
0.1723848795604989
0.1826981340500538
0.3473586635566573
0.3333235987554624
0.2375956298332208
0.4289024315833119
0.122776382017667
0.09068814398615753
0.083606133568196
0.0772928208659788
0.05328955521465787
0.06580568803559415
0.1606418628798805
0.5722359745758373
0.1424782868262844
0.1135597348052941
0.2555243858018937
0.3176156683220672
0.3471951936103043
0.2471695330230759
0.2914651101237348
0.2998474107350488
0.2784364033495387
0.265209818172855
0.3787613785972609
0.3424419151211389
0.3180352109484014
0.4232988820869775
0.3406840492946244
0.3429692617077904
0.3282050205089599
0.2334072123084824
0.1010342456039082
0.09818244729713839
0.3572367913174047
0.3879186314065398
0.4308481314539987
0.438943093622869
0.4098005175281485
0.291135520787417
0.1932672483136131
0.1692979146061985
0.1878610641595217
0.1799190383869486
0.2074629259051921
0.1520343488786227
0.1260126124607989
0.2222063255987925
0.2915190897601805
0.2778665273483318
0.07827025602490374
0.1293487893976563
0.1705710551202765
0.1538228314632401
0.1221749200431042
0.3274202976002949
0.3093755760520146
0.125907572881235
0.1122583824481857
0.1569257522281846
0.2121312728778512
0.1864330741716058
0.1997793009468684
0.2896876308209184
0.3506413165883651
0.3596408157554834
0.1643682133606302
0.1438855594788857
0.1130504803390143
0.1319046117253144
0.1035922333291353
0.162978491485724
0.241648230039516
0.310062438573494
0.3738950770679874
0.1205621181149735
0.2032458598102775
0.1742131258480623
0.2229771872793099
0.3188544012645217
0.2827491296679152
0.2801072407588003
0.2326629791148432
0.2325089034757846
0.2232412918689047
0.2512333684865645
0.3430044608291753
0.2074486489888288
0.2222308618489075
0.1687118534078355
0.1193061918277973
0.08910583648576932
0.05530059448381824
0.04947216347088212
0.3068547543556589
0.1757575141881784
0.1798733443443686
0.2346126286084416
0.2880255931409539
0.3181088323801318
0.2956927740691969
0.3159280064194434
0.2619687001838847
0.1707210108757124
0.2562349327772106
0.1731914833550563
0.3183866640793133
0.3374648866877074
0.362009821196227
0.374620672772026
0.4159372916517387
0.4024995280747448
0.3394945184339851
0.4563483860270353
0.3923823913901768
0.4295502490394568
0.3822353706668599
0.2877116914284575
0.203884721281872
0.1177911734827818
0.06418712250699377
0.04945830270275619
0.08623019446372573
0.307213525871959
0.2602033320141623
0.2742769433186741
0.03845838458472722
0.2950645203305774
0.2477412025084608
0.179880014499098
0.1650014325292244
0.2523091811550905
0.1751454060615044
0.1661985984654474
0.1184642142277119
0.2033608813334875
0.1854477688313455
0.2155835875320604
0.14747049135127
0.1700133568255106
0.2609277677174952
0.2294650680163827
0.2935351198724986
0.3716897483770437
0.361423613369819
0.303831366847349
0.2967485375308814
0.2752107562422325
0.3184239207412358
0.4090142486751256
0.348928024746866
0.3940180758906449
0.4375204309384872
0.4438283481897247
0.4333896791569119
0.3969753692695863
0.1784947337450511
0.3820822437861102
0.2947323376207807
0.2998684705456105
0.2210025597740455
0.14616010308438
0.4459710688428145
0.4474226479867605
0.3918974951459801
0.2664320591426331
0.3820136652221706
0.3054939247409777
0.336450225746446
0.2686757063179277
0.2938869748353078
0.316609715009365
0.3001585922487477
0.3227264400314258
0.2563938197757725
0.2529268316603953
0.291578342366164
0.3165898633592333
0.2911390379844231
0.3185904858882527
0.2407100572988688
0.1868052756681824
0.08314434947129556
0.2012112023429681
0.2433898477229715
0.2673812100873875
0.3148612027221476
0.1893548224138765
0.08461997489486874
0.2913955716234047
0.02877034482258604
0.1760307369854613
0.2907621565413909
0.3136909527215279
0.3221486568814814
0.1038683892484652
0.09854958431373484
0.1729528254814812
0.3182777040965099
0.4371110084994079
0.2941783574059659
0.01499616085995929
0.3713774723038754
0.4160285513047123
0.4053095593426855
0.3726666712870376
0.3698552890399792
0.3116379260529551
0.333944267151121
0.2986263482842965
0.1024849608192156
0.00273876025037084
0.2418943516300495
0.2021280825626222
0.1236856819262956
0.08545689494908434
0.05017772741996383
0.07561317592144993
-0.003012536931764232
0.09707896507478112
0.215095832004353
0.1676929168689213
0.2050869601558093
0.1591449022840023
0.1932878505014714
0.302070917803354
0.2889338415405839
0.06043472589890552
0.1789174575157843
0.1863815110460179
0.001070586419146077
-0.07516341173867612
0.2847259839277452
0.3063848263411245
0.1954248095978482
0.2729467613787137
0.2438322318303629
0.2456169327328059
0.2682861316084017
0.3126549354246904
0.1893312868889204
0.1681548445139249
0.2810133350673056
0.2632115373221823
0.2624545473592636
0.1429210371427591
0.1360429806542392
0.3016806388931652
0.3440565678205929
0.3164519336708221
0.2786619843238102
0.2545849789090224
0.2093614554196266
0.1221885285223185
0.2860378218576206
0.3132615662191334
-0.01142805406544403
0.07406809033125911
0.3712264415074287
0.4941130674821416
0.4171363235554805
0.345670627812435
0.2736366151250032
0.1855167827641852
0.4317261972635696
0.3546898405628732
0.2732633337683028
0.2756476341152712
0.2150832883289274
0.160702683523911
0.08226337140370389
0.1479264540851445
0.3015244835589118
0.0592619876698819
0.07640510025580388
0.08350504578002368
0.08457963170207917
0.04074019354553316
0.1628695104787409
0.1827483271282206
0.2444354229614062
0.1421771610258942
0.3550175673966837
0.3931863288006808
0.4461508839373939
0.3660000670051688
0.3132249053695814
0.2748609928441373
0.2498213648021194
0.1353891521297318
0.1392901086928482
0.08180171728146335
0.3198603319580718
0.3070307763022814
0.256980522948442
0.1761842012122315
0.2400637335330016
0.1048798574522521
0.07856092630321995
0.347515614289861
0.3456524326553395
0.399205578611018
0.3359991395186695
0.3487903046801051
0.2967483343836713
0.2964584430916256
0.3952802609790717
0.4132800842443357
0.3097043523067256
0.3230486628615171
0.2962674555522993
0.2929807022941313
0.3014266087620546
0.2676460274781678
0.2875452743773846
0.3879249500708419
0.1828858660427951
0.2672201072745118
0.2848076025748343
0.3127300114227679
0.3572674062170977
0.3739756289807967
0.3536992075169942
0.3991218647526575
0.1900742987647981
0.1064097948352641
0.1153718168396726
0.1258752118250057
0.1472784921969945
0.1411178010130712
0.1070964553750875
0.296604795619349
0.1797462351285224
0.1088398891355947
0.1010519440206313
0.1245967853446986
0.3862773283656029
0.3976932377588969
0.2448827893961303
0.3508905011534528
0.3585206133281235
0.2691331864121256
0.3377659221068537
0.3184723553503098
0.424562860413021
0.4697571187191373
0.5151755284186351
0.4536172518268246
0.2999586545515215
0.1323377877437569
0.09690086119589456
0.06602802686616724
0.2299284570497259
0.1630479500925657
0.1971001750969349
0.1665789916946302
0.3084785958774778
0.3240189988290254
0.2906546838906389
0.2463378537007186
0.433671520648989
0.2545848892799137
0.3253677564377682
0.3332853106444857
0.3951321292139546
0.4566638497473228
0.4887661406772047
0.09186315825437281
0.0880890553643104
0.08206963390653255
0.06287984237747439
0.2767421364492916
0.2057659876571629
0.2155601043295276
0.2922304156576029
0.3416449648687113
0.3234061269989931
0.3181530862624863
0.4042171643946682
0.4613505578557714
0.2445329517804605
0.1605066523725499
0.1856909583924095
0.08988119212070264
0.3474850739317375
0.1613609992177888
0.2045375548625485
0.1557519833703422
0.3388579859717353
0.3458682048965032
0.3684626997794236
0.2819674586535006
0.3805202106526648
0.3509847533039067
0.2448524306798603
0.1880349410034667
0.1408323981921936
0.1969743098302467
0.1767714840509237
0.3825718639265778
0.3687580776593961
0.371205813104021
0.1210884012445254
0.09701219080189634
0.1115745049856101
0.3791573036071257
0.09473638233910289
0.18395877420053
0.2098548028211516
0.2881129054924798
0.3160837238085724
0.3447764386408755
0.3202756478324959
0.321049410198704
0.319660245226552
0.3189463467389257
0.3299065803514606
0.3060611469697705
0.309419638801938
0.3093521716348776
0.2356932128060184
0.1058817988468117
0.1029589193618902
0.3252483278437937
0.1724504721734426
0.3031598216512952
0.3506244964715857
0.1642746665661409
0.09163630704937761
0.2489914605105711
0.05207371327075579
0.06549377601448723
0.3234347466842279
0.2739936543101841
0.3467703930140963
0.3451006462266089
0.3790070474006721
0.3799273395163877
0.2986736325413317
0.1211725274246839
0.2543196768567507
0.5759391271548183
0.535190849759382
0.1285366769668308
0.3927693753205128
0.3997631780967171
0.0596411145120327
0.04736447786818617
0.3028815541355288
0.292083920343576
0.182134186951787
0.2190885942601145
0.2540392371796901
0.2083405618961223
0.1369477554124667
0.08545597863470017
0.03791633301381429
0.02604080219547057
0.02382893976298397
0.1187895411588891
0.3565323465792589
0.3051146752421756
0.2524256122942534
0.3176962575363296
0.2738446826294352
0.1814222863832261
0.1353460488790607
0.1389339497759053
0.1179969059948357
0.3112929733273824
0.1369121112348518
0.1488536025658852
0.1411929407261022
0.1298391281782764
0.2550934902577508
0.2150313832882541
0.0351678992469087
0.03194452244381821
0.4377481846159166
0.4148153255591425
0.4702437279008706
0.3617888723354334
0.3967520560534093
0.2030485602967903
0.134066083175037
0.3799054655213017
0.2432088623513433
0.2340560275304661
0.2983132044098741
0.07982195949550405
0.349410759701462
0.09902530870747268
0.316903476098287
0.3329231506225244
0.1614279016732343
0.3451770459722759
0.4013202656705582
0.3481591121648276
0.2994050960801881
0.3344391314074807
0.3914669224684809
0.1695443608886601
0.404398545883296
0.136045595027927
0.2034538444363089
0.3272196424448575
