-0.0508519250324456
0.05002386291967863
-0.04432597855824237
0.2465834668204502
0.1672317599718706
0.1915613060660959
-0.002683536988932507
0.04493901654156576
0.06460841641105568
0.2131272759211725
0.1553078297617442
0.2515172651741157
0.07978565268860496
0.01976468565070442
0.1285144128187012
0.1672784482316333
0.256690690693003
0.1466514236480457
0.1371148827505609
0.2598623243345385
0.1817302092395917
0.2486350829854746
0.009045615161498124
0.001326655855821646
0.02258041689442305
0.2575141366525098
0.2287780739842528
0.1839884469475503
0.181931508669591
0.2583291983077008
0.2595589695623289
0.2111214476903142
0.2551064354241988
0.2420954289946499
0.2088503561323482
0.2585480528347024
0.2446227492684071
0.2330108223417137
0.264391993864712
0.09501228544086317
0.1551926006718093
0.1241610939269911
0.01989379992827496
0.2134337358948067
0.1929128646789042
0.2493670706815252
0.1363330416193491
0.2374291084955921
0.2494303288276211
0.2234902775216789
0.2231914733747927
0.1709017877599675
0.1182850014549825
0.1111139357305923
-0.02143240013127695
0.1061708134513323
0.05868497039442435
0.113570977370519
0.09776615455149092
0.1880531311591844
0.1868578013437507
0.1088845764533781
0.157836465292454
0.2504723297362388
0.2404490547274995
0.2224968372250007
0.2045627604396549
0.1422910690184337
0.2087492043039878
0.1068589036626632
0.2141894547042064
0.2134517669931779
0.1320012507856153
0.07729816238838925
0.2588773869250929
0.2426513143924929
0.09265729475288738
0.06365833720139642
-0.01379600366726661
0.03496868452612172
0.07466178144156972
0.01156027232726492
0.1435958669165736
-0.09045952611424488
0.2288306009526133
0.1059448672439908
0.1560757830010207
0.1325667908424758
0.1200629071424309
0.05716227184553338
-0.009517645797394187
-0.002080613695142854
-0.04748140808194536
0.201653699514373
0.05396117738694658
-0.0158249962375328
-0.05487103888961638
-0.02674906303779945
0.1137893598029776
0.1902433298416899
0.1592206593876201
0.1148816256921438
0.132175438165346
0.1379642383142777
0.1067373396140839
0.1665559965832153
0.1997004753758183
0.07198858647913359
0.03395912208706518
0.07862856774369519
0.03800109666440045
0.05052676189598827
0.07321294820700129
0.0215228546817349
-0.01022837086045584
-0.00696242577810538
0.2267760656172451
0.09263053970720264
0.03852075067485895
0.2347885689924119
-0.006735406264977739
0.05265745308306002
0.01905763284095453
0.02279470222585304
0.005018520814321204
-0.03307841103356256
-0.05250144772911098
-0.01430500301598681
0.05007346163005489
0.161024774210105
-0.04623859775897097
-0.06214258869632393
-0.04152830168211905
-0.01039657889197786
0.05691263918870444
0.06765090473876281
0.2493768744600499
0.3148220198339528
-0.03921692026950324
-0.009798825092413066
-0.008991360062824839
-0.02332853646248858
0.005684376638840247
0.0845133224406925
0.1420965125244872
0.1170883251306364
0.09468020835532311
0.07012649333554005
0.08022980014670773
0.03495473392393219
0.1781095651874298
0.1780707723560143
0.1488838789052336
0.1739054722362583
0.03112512236256732
-0.06410533238830975
-0.08571339113420187
0.04327294572319019
0.09612186736344627
-0.01624414378211009
0.03920307059219218
-0.03055950006259286
0.1345883559026257
0.1440346675197757
0.1460269145931865
-0.02184336632439871
0.0813371018276636
0.1492281041248608
0.2019321947931823
0.2054619282935161
0.2104217072222904
0.1978710845534701
0.1711372003971293
0.1759259352704873
0.1432377253641852
0.1113675334628074
0.01982169900971048
-0.02144558201694497
0.03800391708540301
0.167804924834063
0.07220617740309007
0.02818325082998242
-0.02598951917267923
0.01472436760248903
-0.01263663059870411
0.1257857975154315
-0.04001993837018721
0.09486448059216605
-0.02924347088338189
0.01329249823854511
0.07877214397512042
-0.0221150038169115
0.2663372294122485
0.1029698202808056
0.06582387301330182
0.1648953124750341
-0.01440449568007798
-0.07668141557355997
-0.1007162951804063
-0.05997143357020066
-0.04472065780662658
0.03110391743460283
0.113790269446125
0.1744008169574686
0.1451666730270323
0.0339863612926538
0.03817493419223415
0.1169219534635184
0.03219456737253532
0.1922700276240804
0.3052519711181229
0.366447634000472
0.2985802910090591
0.3488709004199576
-0.01655562791846737
0.3589126198435745
0.2882165392220859
0.3204580680378386
0.3421742107877578
0.01492037248522884
0.08768867136606395
0.1435651162012312
0.06411135827653749
0.1404357761789093
0.1564296412147718
0.07164901551210974
0.08897428364146731
0.07005917429904188
0.03258585184761609
0.03630681602563113
0.02637468421597256
0.05244588043733382
0.07810011291380833
0.04979028447225375
0.05777646514349051
0.05981422791187661
0.07907636109744356
0.05682611017919266
0.08371619358826167
0.1008044944426368
-0.05247226031788833
-0.05950202522306924
0.1105322389674329
0.09776407029489211
0.0672196682350793
0.001772641009586399
0.07792984361615067
-0.03436828389286899
-0.02034261778454292
0.07321032483142081
0.01471239324230581
-0.0006210919132583301
-0.01093399071623822
0.008644508164059157
0.0334184570198964
0.02533135151156898
0.01600035158422331
0.01468761976421127
-0.01763687461876516
-0.02647119105326089
-0.03692689014138203
-0.02965815686454679
-0.01381640857060861
-0.0138093640758071
0.004266663291590946
-0.02703509725317026
-0.008778939853000054
0.04173814531704054
0.02520548178044565
0.1588647064221457
0.1916359532825357
0.2636543675236712
0.203590158267345
0.2490264618323873
0.2324544577539964
0.1942129938420621
0.1009137949115922
0.1999019364381233
0.1182699407590487
0.1406281622089078
0.1164274735728533
0.1225954740076828
0.06231496445508086
0.009728097205647237
0.3123857310027958
0.09737108608063018
0.2046721353805831
0.08208240615585505
0.12214940884739
0.3429490800157769
0.3010384808094809
0.3521916330484907
0.3224416175551816
0.2799667025695687
0.3288571521980134
0.2440493394486413
0.3641228620047174
0.3704230403050393
0.3614801643654864
0.3253787861175608
0.2660916113039121
0.1132706262063685
0.1840925472721016
0.2185440151731557
0.2665222980073777
0.1085949599797584
0.1154096618506883
0.2472893114468457
0.3310593801696787
0.1404576717160983
0.09104887829569955
0.09128731481955688
0.1247243095880104
0.1858540841673503
0.1376861585426082
0.08206506452404298
-0.02939833977855323
0.2377204418301018
0.2492433698366589
0.1407119953276643
0.107072454778753
0.111364911476591
0.190962460458455
0.1838806730146714
0.1481154384527867
0.1952278548886632
0.1568573979801976
0.1359397041611913
0.1523903799020439
0.1918377889515633
0.2366702763684903
0.1762356546487386
0.1980291174146779
0.2914960520690179
0.1852941644486705
0.2358077826458327
0.1944083824243531
0.1483830500951497
0.1339258020374741
0.1727928418036798
0.229812933273837
0.217454518734984
0.2191387870757825
0.2689806210005779
0.2816393697625094
0.2042343478990763
0.09289206730830693
0.3455287973973119
0.3335098567561059
0.3468257456337087
0.1710172051565265
0.2623320574798543
0.1715449727820823
0.1345726777511338
0.05201316775172554
0.04238787421117587
0.07093452999078846
0.2714124101926086
0.3218465989950052
0.2401050279009589
0.2947020937099827
0.2988397649253002
0.2545097515700975
0.3283840168215177
0.2552156496233853
0.258518443863789
0.2816665580332181
0.3157473605649846
0.2643880579362982
0.2344992382135993
0.2232557568528273
0.1643521392036509
0.08836132999745133
0.1201279611009174
0.07724863649979168
0.02015199935398087
0.0003101185064366983
0.02637798109793538
0.01570818417915423
-0.02587979368729999
0.03029660055332652
0.1903581544984947
0.132400965074063
0.1977591463549289
0.1165347669720222
0.1066069063570999
0.06679662129456861
0.03123352522825636
0.05079637202077298
0.1732338918667264
0.2831895001236981
0.01585934623770991
0.1149373024525961
0.1998816007113569
0.270986949027095
0.3244737549743064
0.1886557302031625
0.2491525997452319
0.3111538410574987
0.09817579915894339
0.05260306508479923
0.1367115496532522
0.2962872388222351
0.235071604196575
0.1793521130889536
0.1596046922489548
0.204538172386553
0.1087365644948626
0.04736000114307534
0.2247067303939244
0.2741579469219433
0.1055914351648851
0.06345255863595699
0.02657078344165381
0.03625049602488956
0.09439741932187114
0.1651788658074905
0.0253853270384201
0.2165835296886242
0.1618150612536051
0.05116991086530215
0.07343449355241272
0.1818933594221663
0.2752289488441331
0.3188331366880502
0.3654557087305106
0.3597088341642682
0.3434355343845596
0.3397248929398912
0.3472873590200465
0.3016919216402211
0.2672810745237755
0.3616333056766525
0.3388956935908475
-0.008275166500313026
0.05571610076167723
0.1638897663931339
0.3412475323435387
0.3319707097254677
0.3543457292813529
0.32369239128203
0.2931849802942361
0.2173879379336051
0.176900584236206
0.2838353170635362
0.2832889380716873
0.1013670990665877
0.09071613066144164
0.3000897761684763
0.07281646738039424
0.05747221484687124
0.004502334491139418
-0.01607457202037092
-0.01523149259517166
0.1093997405403184
0.1132952314351821
0.07318187528733132
0.04778560963009718
0.009529445390718596
-0.01251625143514491
-0.02197071099783913
-0.00535172853178991
0.02856816534050228
-0.03791661591981314
-0.04201104213566477
-0.04419031801726512
-0.03716772164804318
-0.03145600027978739
-0.03002092181234658
-0.01871890484857819
-0.03119514300774999
0.003434038478647608
-0.01188816468156431
-0.02449561213330354
-0.004122222843221291
-0.02126553899017162
-0.005160022629293761
-0.01661362573952122
0.007124045979018208
-0.0108792212931717
0.006798881299358139
0.01840646071445546
-0.05866437578791151
-0.04349366971489646
-0.02882724863974286
-0.01745905476986549
-0.003115633871985669
0.1421410424120833
0.121584443592955
0.006241050039672573
0.01883048946524808
0.03421653677780769
0.04306015968616833
0.07827756693086713
0.05546756998053676
0.0542271848099785
0.09630033768454949
0.07413107681571837
0.09097389860779538
0.1242202476651496
0.1204993560390892
0.1273070136602195
0.155306782498013
0.1630333201442263
0.02948472159522611
0.1184388073294459
0.02376896661431526
0.007344009830402945
-0.01150888656304539
0.01706469656679419
-0.0006690626861602291
-0.01953085363188094
-0.01847637669648797
-0.02229156304878933
0.008727903468444974
0.01782383404934095
0.002240988957745512
-0.002480660022754295
0.0001664865541415754
0.00958843106711514
0.01114119450185363
0.2336477660450403
0.1828727380282275
0.1774215665040656
0.1974720819368602
0.2378001802727669
0.3568748244285713
0.3351779135471244
0.1229237954804162
0.1484510542300186
0.1496967558557033
0.1246482360461051
0.1337785570373141
0.09824801373361854
0.1578565105799167
0.1498407188431897
0.1410848964047173
0.1153254694967825
0.1251248680394584
0.07961492928877313
0.03176265456444985
0.03558048084931227
0.3228848459936608
0.08366217627347503
-0.02938386374462079
0.1413216000397045
0.1321371209635636
-0.05659584606134114
-0.03894592077425619
-0.03471177316971218
0.04322494894084454
0.1052253012527794
0.1432662069894227
0.1665538587085844
0.1785599579603117
0.2015458468730626
0.1776954009928925
-0.09442350485523812
-0.0740633456044358
-0.08322557996280486
-0.0109594043067474
-0.02902917455701389
-0.007509078533147667
-0.004335785533663374
0.002409324450714791
0.02242612654739635
0.0433524159261708
0.07034207286277068
0.0496015450486862
0.05096687522289416
0.03176627484485359
0.02361419822992292
0.01118359948279961
0.01886036620848224
-0.004555676917146426
0.0388914293056907
0.05421322589575372
0.05627296198320136
0.06639224533019936
0.05394133958013288
0.05635760395988906
0.04054594413015464
-0.0007969769596038172
-0.02841085400657163
0.1038056132295402
0.1073918764609395
0.108643154125758
0.1212046407828037
0.1242393785421299
0.1816081094097543
0.1917604446009287
0.1727631051475505
-0.01247292966019998
0.03929365367278316
0.0643368132305827
0.0974234118787726
0.01400249656910886
0.09327324614492272
0.1179451256487157
-0.03272487324323201
-0.03556110314427577
-0.03876658917561885
-0.04772216430569956
-0.05699946419118888
-0.05622072635468564
-0.044448940854243
-0.03208727643898018
-0.0286191136938879
0.005695085933936683
0.04074405161666147
0.2571929617126499
0.09903297850187216
0.1210695910584065
0.07186682982882184
0.1456809620475851
0.1344865075815428
0.1333896013150127
0.2863885215892708
-0.02936496229884423
0.09113513352641076
-0.006232733695920615
-0.02230264165261511
0.1828352657882032
0.1476423542168148
0.2441098025431556
0.289828579886235
0.2447113704728253
0.3150259605146851
0.2407814383825423
0.1452618411669069
0.2174474035149606
0.2075464961598656
0.2157340244950565
-0.005481264070208279
0.1359028682478862
0.1548037092077564
0.03308346439268485
0.03753904795968904
0.0885607300143781
0.08545945113050063
0.01026615443979602
0.283443174176099
0.2898882841750417
0.2797036506917431
0.09630277429451546
0.05614692682651795
-0.0379252604318999
-0.02547123251710572
-0.009687546549749106
0.04282971223928883
0.1786571605319723
0.1651830181343913
0.166570355780036
0.3444516711999169
-0.02876691670395632
0.003057632416302101
0.009623276182786158
0.02142167958420223
0.0005854611650227523
0.2177847303970241
0.1428280397588095
-0.04028291029793842
-0.01937224634738228
0.1430676054512285
0.01815137262219689
0.03092559076457802
0.0730080566501155
0.05176352226953981
0.1037400333587881
0.1188296991475743
0.1789122650390841
0.06986910571935863
0.1194263018698675
0.06847991793758491
0.1012788614941989
-0.01591994864814585
0.1074636324166807
0.2461374953159035
0.09023496712913781
0.01695726424886356
0.1439787524847137
0.006444336475028524
-0.0264761721748497
0.3531542720153856
0.178446790972987
0.04799423964124312
0.1570544516031276
0.3691441912794732
0.1552012148975524
0.3238851437079219
0.1150535665798276
0.0961287359197314
0.06495242903176493
0.1125474805953172
-0.01901254839402564
-0.03858489193839749
