0.009586075343379942
0.07457799526681487
0.2081196783259365
0.1316196727640326
0.1687740905723528
0.1094875909516877
0.07812275543911923
0.1048282032985113
0.203691030429855
0.1140384083998865
0.1076182652224532
0.1402458750805358
0.1991302175044691
0.1097714547914417
0.2749177548029875
0.07476123778696619
0.1426554217879892
0.07379536948643332
0.09297228475740291
0.1396826133963566
0.1472439691240961
0.1334132081092528
0.1452217514209002
0.1413829783260664
0.1135590785686147
0.1352295771017685
0.1430117132879281
0.1381428252593956
0.1595073229518084
0.1414370581518939
0.1351368604220074
0.1034922385964741
0.1381715591737651
0.1358017153030338
0.1145704297286242
0.1360412533915821
0.1275092343089676
0.1448431608272918
0.1372265449681647
0.07114709151136347
0.213317826741724
0.1515423506713618
0.2378807693049907
0.1050294216843722
0.1048612339212052
0.1250621212556858
0.2666286425162931
0.1105811578037128
0.1456421317028272
0.1402984071161368
0.12111534390657
0.1092654566819944
0.1472158010420348
0.08153181248382353
0.3432126833671001
0.1253641159546931
0.1729542364360051
0.1793478533529981
0.1414570632400819
0.1298292734146196
0.1408369879218942
0.1344701350051032
0.109394708283935
0.1412576738524795
0.1454185456602895
0.1450747866015217
0.1474801221343943
0.1385308877341484
0.1359121338866458
0.1242885991497503
0.1295319722007022
0.1405385026718335
0.1512880549743316
0.07008641335727536
0.1373816394450038
0.1211997367202275
0.1032459196949078
0.157919834109409
0.2125464240107366
0.1121616205724578
0.1162916728552801
0.1300748008391956
0.1468056135776616
0.07964640283002147
0.1220774040718867
0.1054801504016998
0.1346410016850745
0.1572258734731158
0.1967235645964613
0.1566299338485652
0.1572399276866013
0.2005636298012863
0.2519040089426718
0.1956789028204443
0.1028422559984517
0.1334551255630687
0.1912822252293832
0.1759834503012628
0.1854862087941279
0.08856092873416101
0.1204207972192375
0.1734486188093773
0.1203552567024262
0.1254550172591617
0.1368895542934513
0.2076088017324785
0.297365690705634
0.3248991366885999
0.01976005632824748
0.1493284291196273
0.1362835650210246
0.215122373082986
0.2876907192458554
0.3138509388180656
0.2558494793527891
0.2996955062245585
0.1640157170311983
0.1484972896013409
0.2613177979793412
0.1746528690676278
0.1287511228600486
0.1617114611281607
0.1628463235478925
0.1833726691533049
0.1711207207193528
0.1932150949484164
0.2242042304714703
0.1977816419139098
0.2127886335024178
0.1377801023525247
0.1981241196665527
0.2430617074102814
0.2496407367961143
0.2230172725505891
0.1801540651241519
0.1888155112523906
0.09711517361925154
0.1328692197371735
0.2060678070071392
0.213187644744114
0.1593174209330705
0.1570117721552927
0.1299642459009424
0.1533665341823557
0.1253621427038497
0.1459503051872025
0.1963734532583763
0.1360261369254944
0.12951675563629
0.1468905704196871
0.1358068471733649
0.1643014957793049
0.1288805837230762
0.09910521716025086
0.07368453688099151
0.0648847786168691
0.05878251038580019
0.05118521022765084
0.1155308163742934
-0.01151832249513956
0.02386466715744907
0.02758951862617529
0.1146486661738851
0.1767723424902389
0.1412698876133931
0.07535082790043476
0.137065727943989
0.1533649181309052
0.2222998227225719
0.2585704058794046
0.2595207931042628
0.2679897056556437
0.2502180564666963
0.292343307635887
0.31437360048507
0.3070463068681356
0.2846635391925782
0.2878679894418958
0.3188792032248932
0.2165159599764752
0.2079261279273345
0.1790415378905892
0.1864831963999508
0.3350728545559666
0.3264444352772405
0.1624204970632265
0.1777429289576064
0.3144062337592017
0.1548890365804592
0.1508447202447611
0.09313369354971068
0.142087917668443
0.2271805060306306
0.1782750046651275
0.1492907164817528
0.2210510395897642
0.10568967249617
0.08817096459906736
0.07346007507911601
0.08733232590294188
0.07064538260933327
0.05505548740307051
0.09089892480755285
0.2906883969067755
0.1369998881924524
0.09773866682736773
0.2196033560629723
0.2392250968059621
0.3001932101961365
0.1749104994689462
0.1675096980234941
0.4883794373556711
0.1124025497331091
0.2767895087302039
0.3383012116652241
0.2165835594933797
0.1913553273562965
0.4657401647725923
0.3439499515778618
0.3089330318217983
0.2657400995327872
0.1688911432051713
0.1435485906556545
0.1184955408186471
0.1548990023158267
0.1891883340517224
0.1765314612111322
0.14431506918683
0.1454282195057457
0.1618044833124183
0.1435503289364022
0.1381397665985596
0.1456366761624399
0.1561158965623183
0.1494055082573892
0.1170776235123217
0.09116110359918479
0.1518781136095195
0.1756858914248169
0.1618378244695184
0.0795150612664923
0.08919369030234475
0.09674516156490831
0.06860485312234058
0.05337759301801231
0.2513213961836996
0.1991490940039805
0.1789877688295431
0.2118030942858214
0.1049554524135332
0.1469710068448901
0.1491815534661875
0.1349865832526911
0.1358915775196378
0.1570231291635551
0.140335632383859
0.1536038207006995
0.1567596788839682
0.1695523835063152
0.1424536211631779
0.148317017518937
0.1563677939565134
0.138890868224575
0.1567269887789878
0.1542846384489945
0.1639503199904939
0.2133004533997546
0.1881516246406326
0.08777721581555369
0.2174991774804624
0.1708350169937807
0.1314883885924192
0.1281914956370271
0.1088224971303695
0.1067743617691006
0.1767100784204841
0.4151903116117847
0.1372874553041856
0.2329554867041919
0.1148494781375123
0.1250547487319522
0.1346093712911716
0.1556548188123698
0.1946189383526137
0.1406876202441819
0.1673543701301102
0.0963747125937281
0.2090321470541671
0.2214266676196453
0.1505220477602421
0.1388553599008402
0.1829282529592599
0.2028403734506013
0.2132820185060154
0.2119641485487187
0.1453729990631677
0.2500900053783768
0.3865378385941025
0.3138586858130784
0.2741468191413457
0.3798088900836858
0.5517918416114771
0.3013013870121156
0.554356370552636
0.543595767614906
0.5130596296594426
0.5295646304323371
0.5238306258365412
0.3372719299842439
0.1200070753479312
0.1440033095642779
0.1536531090425058
0.1271646717261462
0.2010352587249205
0.1954225164725905
0.2229848767815784
0.2092245683543201
0.1745837342948789
0.1692684031438835
0.1535988292688673
0.1399574066372024
0.1722230419535957
0.1544770872043851
0.115095513370687
0.1322729019715281
0.1313534234247574
0.1581807847959582
0.205766390381216
0.1388118835660786
0.1071188889201291
0.1411613617735206
0.1858321513565815
0.2456725411746896
0.3342570432357527
0.392067297986845
0.1938973156498315
0.2296894022234215
0.2566297106905118
0.3392302105815281
0.4359857019261901
0.2660331072038853
0.358357945623331
0.4559958232713452
0.4825240427676308
0.5667008962944163
0.5807637236113549
0.3504908362782774
0.5307544625134892
0.5460248469484796
0.4675494746579301
0.4128498799531922
0.3837527370117411
0.522458289706891
0.5578765609797439
0.5286129020273549
0.4256055502009054
0.5020266961833636
0.1618453816450954
0.1897556265983539
0.1646030098353443
0.1174616862191138
0.1112477789926392
0.1321172390650884
0.1551468626561722
0.1268842278202285
0.1025966098189557
0.09534367877464912
0.1158935660570975
0.1001034113887218
0.1175209756324111
0.1193240373417063
0.1345105337122556
0.1549291954805981
0.1507801152292165
0.199362183361703
0.2155513023353663
0.2322223639431229
0.2088610614749343
0.1995241509189961
0.2170659186887732
0.1852604606698932
0.09744665623779357
0.1814687692004205
0.154605352402567
0.1828584984393676
0.1116519232459324
0.09734439959391307
0.1472366334386935
0.2033653234555582
0.5797199246190137
0.144942134691846
0.2007762628024566
0.4715241007481163
0.5352274741384183
0.4660911468075052
0.4697826757547336
0.5469168739785968
0.5131417149502858
0.5187525777759586
0.4704042312219485
0.250522381635349
0.1705500356445136
0.4669931352706692
0.4127880568336572
0.3215501567233277
0.2841094450921329
0.2536265543396545
0.2399342746380143
0.1334821945589754
0.3261020380921787
0.4696103468304411
0.3340038237796513
0.3655414083199705
0.3068112657130203
0.3419685422164437
0.4691416567365204
0.4911966149233755
0.196357670982417
0.409930477938984
0.3917356918960911
0.1364733859732269
0.05919248371228281
0.1612067984284355
0.1565182553067486
0.2827172632872929
0.3789146205704816
0.4339396573441703
0.3917860114601784
0.3134439870471963
0.4003162477400717
0.246509567604784
0.1807813106817676
0.5074302312692557
0.4901149494362947
0.2172872392373022
0.127176773321558
0.1144719668928609
0.253899383101442
0.2541253916014754
0.2030523856496266
0.1649308246082449
0.1477891420847062
0.1289147603825726
0.1257756415653772
0.1306380311843581
0.114583410809136
0.1480168187049029
0.2388309307220977
0.5815241319538991
0.2894360405615852
0.2544010026086139
0.2514998418086264
0.235979350825882
0.1898098770579198
0.2380976958507015
0.2030681835079542
0.1852912064923079
0.1934569810304378
0.1901267119930543
0.1833013406791602
0.1640306253593669
0.1784703313609056
0.2120526477652141
0.1966367974708106
0.1969076536413254
0.1945595521771417
0.2037345252976004
0.2151100951587397
0.2055514576938195
0.2152560602597167
0.2116313715372414
0.1972831596353894
0.2783896775708445
0.325254551647166
0.3243923214853887
0.3268868455525167
0.2918478561413491
0.2635900885383098
0.2520646830454471
0.1680184759409392
0.1837357878787736
0.1572137376875448
0.2205576250275271
0.2192447886563527
0.2039119706893638
0.1392022444543005
0.1885688583754235
0.1093566650468961
0.1356130476365406
0.1545679266266237
0.1136943900023172
0.1230931756771616
0.1073468827626352
0.1034042742956344
0.09471271078131738
0.1293316442172784
0.1240063366595918
0.1243187283735701
0.09085165129895978
0.100853365801562
0.09421789791914963
0.115550296665847
0.1048224223826144
0.09072060991113409
0.1545162526104962
0.1340419173585967
0.157298731044534
0.2357737516372051
0.2553290673763253
0.2751127202150431
0.3182087937703293
0.3322856695458393
0.3166520570180192
0.3381738656457322
0.1102202107105487
0.08286376149151706
0.0834946550232431
0.09327654122740016
0.1275356642158884
0.1149205571234627
0.09783956970282988
0.1208846314394607
0.1404228115618467
0.1356663541063852
0.1399124368352609
0.1696290584464065
0.4175796692982193
0.3638996522086017
0.1374226806281584
0.1949876687559209
0.2118422730362126
0.1773932862440382
0.2313832225954118
0.2479196992820908
0.2534244390240625
0.2786525132516032
0.3042637128665812
0.2956645379625292
0.1683085123697008
0.08136386392490098
0.07743653844672567
0.05481099541612736
0.488815822417391
0.06138164915923262
0.175688960766837
0.1569042064576042
0.3395773693023102
0.2526716406418019
0.2439651020713305
0.2031704052526977
0.1416964888931737
0.1678905238933118
0.1853685886946602
0.178406125898004
0.2030899532145003
0.2223400026805704
0.2444155748888369
0.04976866324589774
0.02941323386266019
0.02036446674709218
0.2080330600817836
0.2334277593449378
0.1788224805265642
0.1921794489614907
0.2577684519128917
0.2836526551443951
0.2669208947248968
0.2548414936403229
0.3021500125138173
0.3219478261291025
0.2229701377196192
0.1605900885458756
0.1735743716917049
0.1001035968213297
0.2967778819186835
0.1700088198945955
0.2040535496047622
0.1729997784242873
0.4958936422650875
0.5040411977558347
0.5148587216016786
0.4391546709592649
0.1400803597736263
0.1553357162785676
0.2044375387151538
0.1788187144889487
0.1558054659500634
0.167065063832631
0.135503313059346
0.1565613331977998
0.1401240602965051
0.1458963470616304
0.1531495268030705
0.1068167111871968
0.1318809803399822
0.2750271620944371
0.07507113941913393
0.1351807396585852
0.1331753928673476
0.1920695446646068
0.1780076209925628
0.177515374911394
0.193872123511888
0.2169937777114215
0.2393648959843923
0.2264646132110867
0.2550061304527375
0.2399952547834918
0.24882181844332
0.2284584733713302
0.09458064090318027
0.05748722812026296
0.05134263707767917
0.2645416393377629
0.1417773952048115
0.1774998714010682
0.4125671281851628
0.2243062244923855
0.1801023585875172
0.1651007161411635
0.1738157208418653
0.190164390841282
0.316154458442537
0.2708161856817792
0.3023269738943411
0.2564837555905609
0.3833266447982954
0.3983928927964637
0.2099475389613949
0.1328888924293133
0.1459492261776887
0.281330306940187
0.2562214063638861
0.09127769499175478
0.1911138540346022
0.1856268498366073
0.1598354481148633
0.187868618278314
0.1249871371073969
0.1200657808433876
0.1543674980046527
0.1593737888233188
0.177744678406754
0.1875050400268208
0.1594157483688034
0.1689441011839446
0.2167185167985833
0.2191080992551053
0.2104770069906869
0.1467194188917313
0.1663225525002123
0.1493631871769289
0.1131492761071422
0.1581221779389631
0.2235047758722189
0.1449991014886931
0.1101545404701102
0.113733491087596
0.0856849944553854
0.1475643385016562
0.1411836061531691
0.09589360547816514
0.03957317075996818
0.1234882207013544
0.1939654028275928
0.1656069644573603
0.1565548405677948
0.1769241999510442
0.1702684984016408
0.1667063853289008
0.2480529432929546
0.4907908100845647
0.4689320364705991
0.1659969769928193
0.1256524080502963
0.1636472754143228
0.103982284819607
0.1346609902874425
0.1295518019969681
0.07118584233592079
0.1616620119716401
0.01897090986807269
0.1807509552454381
0.5424689464466682
0.1406371199128895
0.2956531533379851
0.163975662393188
0.4697873237965626
0.4847479976431381
0.1988772580441875
0.2002480927304731
0.137386485777248
0.5183368021545608
0.1474201860775571
0.1621941587589577
0.1672233944881688
