0.003703064976224281
0.02390172747712195
0.2396250769389895
0.1548536612411014
0.1127993329779172
0.1031832281613544
-0.07472469126271036
0.04837374323505072
0.232745365635999
0.1270970756609442
0.08090101509910773
0.1716749923032826
0.06148316327806617
0.08768048883529489
0.1162918321363134
0.04973514593662701
0.1766616672589224
0.0242313596678687
0.07109272346629904
0.1779772016271967
0.1664316048969982
0.1649388609442582
0.1739518586865665
0.108933339372597
0.09923474503042198
0.1638194709638246
0.1702342107043603
0.1276115283148025
0.1401565106660025
0.1771428775157458
0.1691022189754136
0.1185700382299863
0.173374216614193
0.1720078868067539
0.1328355052392102
0.1704699920664147
0.1649555510412637
0.1794364560758652
0.1788244873475615
-0.03270948489162447
0.0486506241651154
0.0125163009233017
0.1348703853221155
0.129553068653549
0.1073129389443827
0.1641085967203706
0.2269755917989148
0.1404024002996096
0.1747334703183631
0.1587057742180198
0.1375799970060746
0.1054559006535233
0.09119314305159305
0.03260619573790459
0.312258058557732
0.08177579522915054
0.1304908867353865
0.09315435690141904
0.1182535001008278
0.1116007400054458
0.1594346033759586
0.1233584623409978
0.1065231447158418
0.1752268182372341
0.1769311210699089
0.1784156514134069
0.1676343353601343
0.1446458430691878
0.1494859696159592
0.1077069960335529
0.1423121686246867
0.1463687870603419
0.07648999598404445
0.03725767368672483
0.1740725583834596
0.1572201848870806
0.07150770780815895
0.104581033972511
0.178598262176579
0.03551802762154069
-0.0499361380993718
-0.01780146967839542
0.1032350247759321
-0.03908296361791893
0.1506109170759561
0.07977104655933277
0.09471579186542356
0.1041058723240617
0.1269675209350308
0.1553963101158668
0.2147399355842524
0.2364558992503579
0.2577323006920904
0.1538050012973585
0.1067176644261411
0.1487752411064106
0.2019428180154117
0.173915081322441
0.2182990116734538
0.08216835240183847
0.06824621582416232
0.04824402902474473
0.02559475555490991
0.09630705442003298
0.08041932600769389
0.09194213614456301
0.1707298407709765
0.2319750607239463
-0.0003864641453303251
0.07106558336404986
0.02294060201998305
0.08268753305569362
0.1564928455311381
0.2260014529947875
0.1893639799982123
0.281909773891431
0.1324440690948591
0.1490695712833594
0.2923404759133882
0.2493247251241555
0.08420269436071187
0.0912837180483473
0.08997975813036145
0.130432192630322
0.1446472207458698
0.1878747628642258
0.2094238704707229
0.188763606119651
0.2323967401320514
0.1385878314712787
0.2120130632497283
0.2515471113374753
0.2618829505281395
0.2165847067459488
0.2430975369475073
0.2159752350454874
0.1348573844007639
0.1084354730662901
0.2057445843629132
0.2397433488578466
0.2127729713411158
0.1734116699018378
0.1518948897646915
0.05737092626438802
0.08913833398131432
0.09297104177932689
0.1234913532828074
0.06682432476232612
0.1105582163737667
0.175271492878767
0.1859439279736829
0.2068955268296018
0.1927047571601125
0.1793226521186171
0.05669756780626531
0.02342420423242713
-0.02793568712999075
0.03236008940527958
0.0556485452138057
-0.01087469253727669
0.005182023075582129
-0.005722185465521921
0.07595069976654559
0.1010919909513101
0.1194328855856822
-0.01244939595689255
0.03488878820286654
0.08418459715134186
0.1367697349369177
0.1935799674596794
0.1408713035546498
0.1183252102227801
0.09107335581320081
0.1407364647343466
0.1935960018246378
0.2307351897475748
0.2607202018259093
0.2804383262503185
0.2614927520124825
0.2128673730978838
0.2280110914502974
0.2446141859447716
0.2571387187635533
0.2687719286767624
0.2659403091344605
0.1714441334062137
0.2231938629135587
0.1798685300828021
0.1783372632397291
0.1699512408395576
0.03724145361542785
0.1657558413772672
0.1908606174489203
0.03676689985364549
-0.02673673140782201
0.07266650185646417
-0.06996633806031229
-0.06092308737764038
-0.03575595915990025
-0.07016831708615218
-0.06277383695306384
-0.05097352648782867
-0.01936964540822076
0.2061409115487381
0.2053002073904947
0.08273780086241668
0.2226729131576939
0.2838978542880475
0.3211710946545774
0.2035554368522863
0.1908769513512192
0.2010728380247576
0.1819997045055606
0.1658121150808297
0.334031493196101
0.1752359623045054
0.1290467027149056
0.2276914966927961
0.1510849311194041
0.3238014255373448
0.3141610293652629
0.2358397964227309
0.2014947300303157
0.0993235061359508
0.1156692268443341
0.154037458969858
0.1411499433381618
0.146159791971037
0.1679731774498382
0.1524649180101953
0.1378591722416029
0.1400851960290508
0.1751435339359236
0.2173990252052343
0.1158620939455365
0.07185616450960425
0.06624042538674127
0.09298819536047656
0.100509731033523
0.08005819696935035
-0.01804406266028897
0.02053387479524104
0.0747183444645857
0.04481207480687013
0.02051085899468524
0.2748055484645541
0.2273390468269255
0.1706218212412265
0.1965245994339405
0.05233033131327539
0.1629664973760632
0.1874720845589486
0.1647585461900908
0.1582517191236174
0.1671747761340812
0.1611576938003588
0.2070266415151057
0.2275681738804896
0.2409786629911457
0.1835729339231896
0.1759005844480061
0.1626985678279569
0.1510744294813915
0.1719645165728288
0.1797245305519231
0.218566627919227
0.2341875564713444
0.2267381060625334
0.07891358234245968
0.2831880921855132
0.2477364478854343
0.215372945776405
0.2100833549200629
0.1955382261722599
0.1763404739662351
0.2036630882964333
0.2884173649302251
0.1539472645178279
0.2050382202869243
0.18121506346851
0.1962113808797898
0.2150102583284553
0.2249492951547767
0.2542772779297361
0.1998695752066106
0.2253991710841803
0.1800785709063917
0.2569831774802203
0.2825139193232176
0.1786790305616026
0.174953820185516
0.1774275352510722
0.1669487796541322
0.1345488450315311
0.1108594542512442
0.0945272205302379
0.1740943581117323
0.1913142821123798
0.1855427761229281
0.187611469946885
0.2285150517107304
0.2730552967310524
0.2399030339568554
0.2718389840009117
0.2488538356477262
0.3151739731606381
0.2993072059819504
0.1945719447659085
0.1494326662767267
0.2006900076650583
0.2199361376059851
0.225463898707967
0.1932207406563448
0.2571916741121413
0.225860649247183
0.2441334052922702
0.2636566209020218
0.2268007249541227
0.1863077062720603
0.1599016459373886
0.1404941822594931
0.1909231493443388
0.1519310889336357
0.1930883409390697
0.2086810889687617
0.1932149069254382
0.2059101513538726
0.2185447399252657
0.1873723193820858
0.1503344837289466
0.1830931271724831
0.1751549772841809
0.1608446424633359
0.1742281360749512
0.2236988112164778
0.1956991326669714
0.217355299500511
0.2348519384623876
0.2582590829635409
0.2789115128909279
0.2153607568166001
0.2425348535513118
0.2623590023404715
0.2473278200065231
0.2511172130455063
0.2500107182079375
0.1422044408159976
0.223931823459438
0.2065913934214849
0.1928009807256564
0.1875842163317883
0.1330337321835005
0.2946191807407418
0.2974972788529811
0.3171786922813092
0.2328659466905287
0.3262275002610938
0.1762068281546961
0.1757763137238228
0.1423305756924864
0.1130214636555074
0.1341536704713969
0.1507734936917428
0.09744389951239189
0.1316733814453185
0.1222902649585468
0.1075382299107978
0.1056476088508334
0.1346044734806402
0.1495270738483528
0.177394699486981
0.1918031210719396
0.2015698837696701
0.1899696535454291
0.2311736675165323
0.224745599634965
0.247726627578102
0.2126720317307431
0.1984880078311108
0.2140902826889174
0.2113632771534179
0.1477732646601219
0.2298946964960693
0.2086895145082552
0.2217648105845983
0.09877864214146156
0.08381984105384389
0.1423482518845583
0.2276893919078976
0.2752621255617476
0.1183976029551816
0.2513703566329128
0.2878092989928235
0.2772930600120594
0.2278070420343287
0.2057372899127043
0.2675607604795341
0.225220003495716
0.2194136567936346
0.2528235581792121
0.1273064166770469
0.04321060711382022
0.1864610347654345
0.1681368596965724
0.123527172309572
0.08250156089334451
0.07166866205307251
0.09936016615876957
0.03767456467569733
0.09381360859800968
0.16539980996858
0.1645970624594171
0.1986297603204714
0.166598835486304
0.1680352336794184
0.2152184246367784
0.1995249839985614
0.09288570118555417
0.1355628882090276
0.1411517649691066
0.0515551148960687
-0.01167737347106564
0.190535112574828
0.2206614237027359
0.145688481699167
0.1780202036788226
0.1832061953610671
0.1623760460106655
0.1329487552111449
0.1677785926882551
0.1119771266615212
0.09124023926452077
0.202735567857681
0.1954162223263595
0.2214812792569984
0.1172626556774489
0.1975587407993499
0.114230336894485
0.1267276570254684
0.1206422792220661
0.1043006654921237
0.1183708354104537
0.1135981363475291
0.1002005429929973
0.1261875703653358
0.1229235232775594
0.02282902908946201
0.07801173271716702
0.2311360705000858
0.251367576245478
0.2466760922054657
0.261660122640829
0.2441876327051663
0.2208547845706475
0.2332474848351326
0.2280207411666103
0.2352176964454682
0.2389234647532101
0.2462869214273498
0.241823900691205
0.2307702913411604
0.2513622508876197
0.2389461441493117
0.2606852885803599
0.2518153379454706
0.2163034959395234
0.2007255588109211
0.2228984332432336
0.1920322773027469
0.1999368054596675
0.2039409864227526
0.1769627060995769
0.2648593402754928
0.3092886499427718
0.2958704904743926
0.3253210798612121
0.2998107047880748
0.2751479329201899
0.2760407906332512
0.2051282524875997
0.2229101673851577
0.2104422578584628
0.2187555025455554
0.2032355156989278
0.1722623131621656
0.1139084212131904
0.1371232409071496
0.1681685887932251
0.2064353272859399
0.1508238523610499
0.1238641441243803
0.143612908355495
0.1023229572322635
0.08852295484164749
0.07585835681882228
0.09475893821885549
0.1039217925708676
0.1235335980705454
0.06797599774751398
0.07217820835884803
0.0659908281530712
0.07754414059470779
0.07909058493165327
0.08198812321165017
0.1152431169548118
0.0974952667429609
0.1407907857116479
0.2228613210584495
0.2181167745704477
0.2757641484591496
0.321172630112175
0.3186212012205021
0.2764292917575913
0.3045259279869811
0.0579225546323789
0.05965426208382016
0.05847902560774448
0.0500510419905569
0.04961126211060959
0.09809914085508334
0.01197198654722984
0.1691389921829942
0.1124034341500139
0.1081504129038138
0.09471661338541325
0.09972043265546086
0.2055742380563664
0.201852243965999
-0.006238966222899428
0.03750400116610472
0.06087673931440335
0.04018395722841919
0.08384451314485271
0.1000357478237968
0.09853907648649243
0.1172465777070655
0.1577867762295748
0.1502089385933119
0.004247524029528292
-0.05578726095246487
-0.08198322843289434
-0.07522261610575581
0.182226312637364
0.03449320954425533
0.1721944260757477
0.1807801556454703
0.2313270303173078
0.2522696999336565
0.2361648776780644
0.182225601897284
0.1616802610146413
0.1983271663208651
0.1980626901032837
0.166515293739646
0.1952027256953454
0.1938782980987742
0.2110805889575721
-0.0110824389124661
-0.01021598959479472
0.006816189047280215
0.1987389836084648
0.2325435536246519
0.1269136787632759
0.1171207227004854
0.1706299293777425
0.1819712936397095
0.1465140537075311
0.1231774519598103
0.1923324795069638
0.2246057602048969
0.09986987602829682
0.04579191005555935
0.07074863662293032
0.00196242771443641
0.2268450614784774
0.04431543301186014
0.05923514731458345
0.04420215811751133
0.2588067234916515
0.2883800009730791
0.3175532385545684
0.2582964733656408
0.1654671761965506
0.1757733036819088
0.06495890958237706
0.06689521389507989
0.07108299860635593
0.0621582976027181
0.04406544776374861
0.1244162981577547
0.1342019423903055
0.1090065656889786
0.2026489588714649
0.02060781161788041
0.04292293520358013
0.129002842072413
-0.01777602496045915
0.1442614169299024
0.1241595962186562
0.1908968673713696
0.1836122091877509
0.1942283485364785
0.1990967134140045
0.2218753723219982
0.245249623882026
0.2312824725164018
0.2703224659071375
0.2493896508189711
0.268549880917022
0.254754816987201
0.1715387440539633
-0.01318063691448035
-0.00925252137605957
0.2979523031275407
0.1054930371154712
0.2099347871949055
0.2584783305766646
0.1178337944582365
0.2510538816043041
0.09680293717223074
0.2346950692579159
0.2512047805630623
0.1956714959226941
0.1984932608405105
0.17657130197156
0.1494777466429698
0.2048788398918893
0.1852419511409356
0.1491720133958249
0.1974976141956246
0.1601188349296236
0.1815842609973395
0.1667720982762674
0.05944958760838332
0.1099982673037069
0.1115021220225353
0.221581885436919
0.2512419612976169
0.113223790480051
0.1277269985912192
0.1460562491403448
0.0927509698474151
0.1747972285330008
0.1515237240348463
0.1978058210009744
0.1895909841643919
0.254264934842345
0.2539228348498682
0.2606591762673832
0.1910888416358125
0.1141543249239714
0.1141436959896861
0.09433250727525536
0.1160936755642617
0.2193674533336398
0.08612747087421026
0.04031422089790995
0.04329047807880194
0.03105539943090339
0.1819587243394712
0.0956160513215719
-0.02387550066275031
0.04394219418703892
0.1114046879482066
0.1315909563788461
0.09694476293423931
0.214719065837442
0.2239125614102985
0.129984222610458
0.1146459588871558
0.08757150138942336
0.3108435669513754
0.3069544218258375
0.1723480210061575
0.1853503557252734
0.1899675217068238
0.05590579922542747
0.1660124788724095
0.08690671916936894
-0.003692682256291571
0.1020177278386286
-0.002774383180380587
0.1918957296993241
0.2154184017748569
0.1313221548659373
0.3266338577499632
0.1067808281643438
0.206869831341795
0.2381804729066777
0.1177254031033408
0.1170262766319238
0.07859052142198232
0.3307865425573345
0.08104535515713791
0.1280513991933067
0.1752061247006249
