0.1271367132452464
0.2410202779720828
0.164023970022228
0.2540129094267947
0.4529835678996416
0.3162436012188347
0.1224958452888574
0.1312214540012103
0.2600283158142968
0.07543144253825847
0.3656862964937359
0.2066167147125541
0.2006619185006333
0.1845011358079557
0.4228845018637081
0.07690671692860077
0.2381327929764868
0.06518958600998116
0.2951794995380267
0.2276789636765618
0.2538009317803066
0.2559253747269493
0.3871257595253546
0.1814321682398033
0.3270735039620174
0.1638201507398991
0.2801230050324635
0.1817019638809806
0.3744155175199917
0.217942717705099
0.180182256706653
0.1172923690185811
0.2447800391696499
0.2583578799846355
0.2860006394864745
0.2316710416870313
0.1818027254693185
0.2340883324289846
0.2001166153452029
0.1054932579417435
0.4203070503112256
0.2196580462084442
0.2983515471931649
0.2572843210541744
0.2631601849929754
0.2093466683264802
0.5444101551383631
0.1110705877369429
0.2347435448496899
0.2077529852234403
0.2304378109034786
0.2292604526742101
0.2794076283416582
0.09925167757148999
0.399269691708195
0.3520933988619453
0.3434445353169149
0.4251034563493824
0.4647076825877864
0.3665533153236963
0.2076605632258974
0.2001245849552817
0.1337987369271559
0.2526220243451547
0.2581051626887861
0.2559424574183894
0.2885010939196547
0.2851184226857092
0.3119131898858607
0.313157164240463
0.1927318226307275
0.1235032179375606
0.1024989995796188
0.1798192543088226
0.1941860260444924
0.1459563664758377
0.3623270921013264
0.350714086783559
0.3278316793208744
0.1928828862441037
0.2091880033378363
0.2775303385050723
0.1087230706684876
0.1116653663272762
0.2688585479897556
0.4014567534094453
0.4200685191988937
0.4657477052085876
0.5144143381566191
0.4334918375399824
0.2299135303484271
0.3092472360105708
0.2644564636680069
0.4663214130404216
0.381630973267436
0.3044682192202761
0.2680438136821641
0.2911109617457032
0.3882879655103992
0.0653774922654738
0.09134009688592348
0.1778403784528848
0.1287610661120983
0.2275193247369669
0.1661286515481749
0.4812702231052468
0.6355738678983899
0.5248206800737079
0.1537271183544763
0.2269541749773657
0.1400733935646256
0.2632326904672834
0.4129764302529448
0.4083656644397392
0.2745717893114299
0.2846757223504238
0.2041156269245907
0.1665347484050651
0.2943043694453977
0.2846958247766142
0.2160669070895891
0.2886112910374173
0.2576221061188858
0.3299219239828271
0.3424938905656844
0.3175233601878496
0.2655875880953927
0.2285356979015725
0.2380562881247663
0.1878858933661733
0.313667238178929
0.2922757947872555
0.287581332102058
0.2621540834690489
0.08367191264274589
0.1889191585033869
0.1806771914096878
0.2804789607833857
0.2885233828235005
0.1158587301796429
0.1675038032213386
0.3149856791860235
0.3329620441953933
0.1227082951759551
0.2919822198418542
0.3590696294398942
0.4460781288053837
0.2772573783441297
0.2381545962067641
0.2447150587537451
0.2178365718618138
0.2612732847483415
0.1064873091201656
0.1745682963634171
0.2386422724930272
0.154078840704241
0.1588531124613003
0.220794493966837
0.320090535237966
0.1102936648248325
0.1557122004269307
0.1587813387425653
0.308286674094041
0.4539088947225
0.3212776861633527
0.2128272821690697
0.3352575745178683
0.3874597142184475
0.5290023632738501
0.5866130140578262
0.57794261773958
0.5596356815249944
0.4473037983436405
0.556402538486014
0.594015469274342
0.5712187390136507
0.4356872440952989
0.3355928584075353
0.4851779217850329
0.4861973808468528
0.4022817274077405
0.3029911561199683
0.2167475147165115
0.4502981685283988
0.3553554455335517
0.3350003287044815
0.1948918743649266
0.4907157067379848
0.3080949080816724
0.3159376073210871
0.2544331441933437
0.2485077991722027
0.3390194213934129
0.3942611744597531
0.2934654169596899
0.4704206960929913
0.1925286427362313
0.1695600706525376
0.1410022774317931
0.1408121670926848
0.08764021787826888
0.06705917740944234
0.1267453052245193
0.6090734725652022
0.07425603124691087
0.1435225026035094
0.2236702582551841
0.2659886644375837
0.2965562116324775
0.2289815446917879
0.301802264861272
0.5623481521583159
0.2715986865147321
0.382677730074946
0.3438185488363952
0.3877091360082143
0.2992698285672037
0.5759028151829608
0.4841806553987602
0.31478333720718
0.2968928766808193
0.2482890759058959
0.158605685130692
0.136160016043628
0.3988071611682958
0.4430801064395324
0.4794722086449304
0.4591793461662038
0.4181187318739767
0.3391749357950789
0.2469558969414971
0.2318486088266755
0.2617419616700512
0.2678010801845052
0.2694430575044297
0.2141037790723919
0.1821077927028462
0.2859475692636537
0.3697472958017685
0.3708697885301405
0.08447762166094822
0.1266859538118605
0.2257909540260595
0.2053390092478201
0.1860823880852039
0.2750653082005554
0.2468471764892843
0.2122135258365058
0.2002832916850133
0.226205631379231
0.2677256239019429
0.2542155591988981
0.2572197631964596
0.3258329489481824
0.3872752726783255
0.3802887602731213
0.244476916032922
0.2358788361334266
0.213601393987325
0.2094932297045072
0.1899964090550306
0.2359742910432756
0.283643622233653
0.3296654655655443
0.3822226790545892
0.2132180672033079
0.2601435144721719
0.2276896639520296
0.2187502363727558
0.2813870818005825
0.2700343498341221
0.2725535047899342
0.2402152701400732
0.2288091313724953
0.1860075506397904
0.1844781717783852
0.3992331412215336
0.1349708176261112
0.1774151144867933
0.1948259929130422
0.1542963896040465
0.07770308827948642
0.1062747301787412
0.1395823528027034
0.3015171257404254
0.2195668621842252
0.1641733294025721
0.2605582597938961
0.2815908559735518
0.323789901832394
0.2770163666828517
0.3466194314539446
0.3174097166570279
0.2644412901494218
0.3291730607283422
0.2111911375605484
0.4007306847676264
0.5074742392562303
0.466763732356757
0.4237518184827403
0.4728860314355239
0.5311277115724673
0.3137855082899995
0.5994379794451481
0.6494798513646585
0.4953077891737971
0.5675686835001778
0.5493483256774072
0.3947720531508163
0.1277172235959856
0.08574253181708569
0.05591058665085307
0.0370887101120151
0.2672668123621658
0.2279399420606489
0.2316759754186849
0.1495275586536433
0.2699114848238169
0.251709732506304
0.1795611222765573
0.1701365030084792
0.2171851383903074
0.1923918554582135
0.1223559145981151
0.07384641048947874
0.1416326954890583
0.1068583857377833
0.1412925953468575
0.07215241133088843
0.1016208168809917
0.2130357479266504
0.1680848773014045
0.2895906136332422
0.4524496990778703
0.4577284981986861
0.2617311437656539
0.2443448703076687
0.2213310147875469
0.3145869088018055
0.4536528658701487
0.3281731562088222
0.4103418395204419
0.5101785476929767
0.5662432192149799
0.6378631726115821
0.5996067850788542
0.3233531337342482
0.6223431577242236
0.6064672314058528
0.574985949961683
0.4633050520283502
0.4367865707850409
0.5437213581109511
0.5541338491141978
0.4912963497587943
0.3924643861604887
0.4868050232147984
0.2818667280002435
0.3449997413031208
0.2158369001960214
0.2353682014936373
0.2568926418171726
0.2537583534196929
0.3094620913706387
0.1913197808540441
0.1826586326793561
0.2212373168918663
0.2670169386365789
0.222274787676762
0.2461582262673583
0.1956040811041599
0.1678148846974083
0.1080088917847564
0.1902553068138062
0.2446768055515806
0.2564874080615983
0.2678783898656962
0.2257494671305642
0.1580350177985209
0.2601258425299139
0.09708654789639502
0.1217281624756785
0.2582486992786361
0.2610466526362759
0.2592274549409123
0.1325170972685549
0.1308730289519225
0.177944085188665
0.2487021884027587
0.5913922565185025
0.2463126280485604
0.09768275193846984
0.5063737630383741
0.6082340339418902
0.5755881118008822
0.5980539185449765
0.6145890747306343
0.6016771999224156
0.6308405237856176
0.4913756810571573
0.2462871613935277
0.1952378337497647
0.5558921803753931
0.4834443803944611
0.3596607193061001
0.2873033577370291
0.293605767379887
0.2580032887689723
0.1137664548826409
0.3518155746903991
0.5083817283212143
0.3606904369297795
0.3676100410544288
0.277890937156977
0.297751397723207
0.4371253863211126
0.4868907723076703
0.1696124974194125
0.4236828014261349
0.3877562457789432
0.1318298763666894
0.06172147551718868
0.240987678760462
0.2893434723884549
0.3399950470355639
0.466362552936311
0.4962943482759718
0.4764242330431154
0.4239303591100906
0.5219333026053111
0.3141243576498589
0.2441262680353737
0.5823420258968282
0.5801123436100979
0.2321852003423915
0.1509527817805391
0.11596777971535
0.3932942889716881
0.401205760643067
0.3555900196313795
0.3007623349392238
0.2623732397318083
0.2045105616301881
0.1568426373673742
0.2590257104109407
0.2585871809541907
0.1432780221774523
0.2201447260802883
0.6399211107734584
0.521008580153896
0.459511337612016
0.3985600012780767
0.3199844714376495
0.2567084338025446
0.4860069518549351
0.4305465828040585
0.3623512860157583
0.3597174614816523
0.3068856912753213
0.2548883953070755
0.1789364135252423
0.2499256823621378
0.3698077642906149
0.1716778845178304
0.1888437394738159
0.1908749022215902
0.1883226284661182
0.1518791103803836
0.240355855174685
0.2434977331788701
0.285850416783494
0.1971633465417092
0.3720368731108182
0.3898680898045577
0.449782010630946
0.3571272398721775
0.3190114597523812
0.3143493223248506
0.2915480310024851
0.2091196579414881
0.2122162127952508
0.1572841092146907
0.2829408845977079
0.2991864954299234
0.2748758843985782
0.2062146632383981
0.2838952127542291
0.06176060862228405
0.055513139666745
0.3587529987807497
0.3439801334917663
0.3936587653501768
0.3634909998538401
0.3952487882367507
0.3436502834940774
0.3567536954347267
0.4442359568251609
0.4386101925481304
0.36571509909052
0.3791196411646518
0.3528703899753549
0.3547728241776806
0.3414160759326677
0.2870350962140354
0.341828282786378
0.4501118992700123
0.1767309703800241
0.2370123220299178
0.2595450239762904
0.263858723353236
0.3107751739787232
0.3347737811625708
0.3130699737779674
0.372777673927178
0.1525270890035826
0.1386366733041698
0.1595744992164892
0.1676195602731377
0.1883807330585017
0.1690227576259772
0.1648782667887225
0.2359981162721829
0.1015509820447359
0.155677850391852
0.1613364429348527
0.2024951782129623
0.5455010455722872
0.5018308808176685
0.2320745068556589
0.3384056830413932
0.3303314311102153
0.2255925079389417
0.3158632645152998
0.3287859179943971
0.4136023855651865
0.4694616562178356
0.5333539494411152
0.4738014732148978
0.3105339929530019
0.1333298372220111
0.1316269622779658
0.08144909871611149
0.5538827651317541
0.2137000613281858
0.2614853482206241
0.08889328839373814
0.3447984253327087
0.2919326932455271
0.2739177776229713
0.2502882595004116
0.4365602398894617
0.3352274794746739
0.4029604151298914
0.4024419073149378
0.4646189528498412
0.5121960110878763
0.5361292971688674
0.1379143946184646
0.139452635188402
0.1122461122740131
0.1566280418808134
0.2515662499904013
0.2126968136981929
0.2314791793117492
0.2990856969202516
0.3552636583491616
0.3492508431735755
0.3491979961610557
0.4239505505890522
0.4733486974770912
0.2747271179651022
0.20111784643253
0.2217690684870153
0.1393166069772485
0.3409364532347345
0.1924569144791816
0.2169352302761767
0.1665081988798335
0.4587099185007315
0.4775261035577359
0.5057824976967665
0.4265505279414441
0.3549661564210072
0.3093834993767561
0.2167173392330327
0.1568805400635621
0.1049701377486473
0.1442498527236325
0.1118520052361466
0.404282106827904
0.3488909372424331
0.4100592560460767
0.2021729748098621
0.1476077087254263
0.1383742155260823
0.3990164527058852
0.08625134331003781
0.2504681498015755
0.2729911016894465
0.2989649803378032
0.2921830144743635
0.3054032799133686
0.2727102460053875
0.2587415122402852
0.2553172873677196
0.2840089737359336
0.2763706766601599
0.24749815424911
0.2667199678704699
0.2578769429022318
0.2210821324379836
0.06966846752883255
0.05349339348000542
0.275245533016142
0.1814683894287352
0.2461059913837114
0.4417629384228632
0.2745307180657454
0.1988961327863905
0.3181827745306832
0.1431452175129299
0.1673800609069529
0.3616449303710048
0.2661681919941845
0.3853528019197371
0.3691940306852856
0.4771996627978353
0.5307955468841672
0.2737413543257044
0.05850913466094501
0.229994660353055
0.6227305328520495
0.5924980939043731
0.1781369636937801
0.4867831319393068
0.4875372551630555
0.1309113319182461
0.1206690703276833
0.2746472887430808
0.2282541509302489
0.1904812596114001
0.2572491030749782
0.2802150316615712
0.262436673675476
0.1550244720559799
0.129355860922189
0.1542182812558827
0.1375673764520114
0.1255674362058053
0.1776807674851282
0.4121308582217529
0.3641273627219329
0.2780219880655433
0.3155070736653628
0.2851762403624724
0.2357795758068971
0.1972122666565367
0.2085697888446826
0.1775897776002103
0.2558865795716421
0.07642297397564883
0.2208995526031968
0.1597009720842827
0.1526610868654636
0.310471498913146
0.2818234853941515
0.05955301343154876
0.08338987362798261
0.4932266377136133
0.4830453299482106
0.4798867862822631
0.5064706591267928
0.4570873916509276
0.1936506503117865
0.1751244923758542
0.3582563674305299
0.2968999251792269
0.140921970162478
0.369384671043341
0.1470142822751624
0.4243401641965521
0.149047725186362
0.3302914513285286
0.6169249156722678
0.1188154242974568
0.3031029375255863
0.4724405158700302
0.5717436131382569
0.5338234345163259
0.3409613073220557
0.4806628433227354
0.2225803109174124
0.4835381663181652
0.1303097921580935
0.2352418516661353
0.2903271316215363
