0.02211258436334393
0.01361428082078239
0.004133331969289463
-0.03237894639953146
-0.02201815111214689
-0.003452803028783575
0.02807442604077863
0.003777473197425297
0.3222946082015157
-0.04301805363853872
0.02462384594111805
-0.05306651338547323
0.04733679826514638
0.0111261773245019
0.06916792049057695
-0.04162483278977853
-0.05008507732719464
-0.03445300761412889
0.04102445841552967
-0.05036525521285913
-0.0407728212196339
-0.04279847893227303
0.1316656721918845
0.1201667135255007
0.1303642061193059
-0.0464177449236756
-0.0480849285007485
0.004504060151406048
-0.03811004482377939
-0.05229663393817723
-0.05237043085416799
-0.05167439996510398
-0.04734025965620844
-0.04888329767911228
-0.03408341526251351
-0.04332984901690036
-0.03285604739500778
-0.05202758971868164
-0.05179811940269554
-0.01303809329780777
0.01017924388484353
-0.00105601117146856
0.1313704596825047
-0.02859852864154044
0.001509229077310009
-0.03710007283989537
0.06088423250067532
-0.05485950711210085
-0.05127230258768259
-0.04922970755193243
-0.01480774582957808
0.01275594719209872
0.06630789780829387
-0.02276011484826318
0.2532813628898928
-0.03228704723820112
-0.03975520419409238
-0.0341516105152073
0.05073075385853147
-0.01616583802541867
-0.04209226614874698
-0.01793714680404608
-0.0365654528265085
-0.04925654094022281
-0.05046657472968621
-0.05016512993167702
-0.04572217886340565
-0.03276457211320273
-0.04251342574089722
-0.02729284568160996
-0.01090513138978874
-0.02281257063127194
-0.00102880226341364
-0.04392666939602756
-0.05366350203422927
-0.0565806063822811
0.08756742580896168
0.1247285796627562
0.1833688118797363
0.04968748693928652
0.01129575002111515
0.03903292209924197
0.002220914078544847
0.06061308680526834
-0.03988213938704552
0.05609161303270353
0.008805860997735903
0.01275940411859929
0.00142927792929797
0.02966212399267026
-0.04347813595713784
0.1107615725951637
0.2529643290869577
-0.01210571580969103
0.1044063019447892
0.1543179814907109
0.1986144144121732
0.1133246227107084
-0.00916998265454139
-0.04534505203174272
-0.02344193019074407
0.01050143194577225
-0.01495419841227027
0.03296948554853926
0.02735946488116262
0.003970515147818888
0.03429361589404917
0.1448167702164935
-0.02966710539014522
0.06131346077728049
0.03189408692330217
0.08652554240958803
0.1285381058846236
0.1842904866129584
0.1699118793503304
0.2580535945954262
0.2461079484717518
0.195089219093871
0.3437937360034038
0.404194149981328
0.1042953908216491
0.1029667032492774
0.1059094445844947
0.1476909291248313
0.1635124008293799
0.1879988702133219
0.2020528259389446
0.1999443457451476
0.2824269781741015
0.2599295982513699
0.1988598019234144
0.2358128126168525
0.26919477908013
0.2100876283288486
0.100371729752706
0.210873561867641
0.3000032351776969
0.3525359914598502
0.200507964197422
0.04077803195752423
0.1276918946817816
0.1484408748330264
0.06107179863883766
0.02278882847930701
0.05199420278949649
0.091825365518845
-0.02397220407495711
-0.04936926451245836
-0.05379319112346404
-0.05580681958879516
0.3269611243962016
0.3690116545554092
0.1932267748195386
0.3029536691767803
-0.007617992344239606
0.03967262681500611
0.05879064228672661
-0.02228038241928706
-0.04188166356001294
-0.001233724475508867
-0.01315780018888883
0.02545081071861134
-0.01874076119767621
-0.03475482085350524
-0.03482156101961693
0.04486284218685819
0.02216884299951148
-0.0009045303684245636
-0.006118954948404589
0.0148131667819343
0.008290064212947439
0.01600504154709997
0.02564251776263431
0.04562444201222777
0.08511860637202931
0.09894889278516646
0.157125606595769
0.2541154570126012
0.1607469978964537
0.01618070980975689
0.06854021065440502
0.01189423203426722
0.02533041419854472
0.1990195870719948
0.2204859053178275
-0.03589713600819014
-0.0242746399350104
0.1146012078189013
0.1669929773597089
-0.0185851931182527
-0.04358167212879186
-0.001799982150155656
0.3096221180793604
0.01747237107636721
0.02623193537985443
0.01067561675394231
0.04383568025455397
0.06499430895056249
0.06516557738764278
0.05360802093011045
0.04073069634568435
0.005986069735054407
-0.01516658637110045
0.04804279076443015
0.1629324704878221
0.1232275503927603
0.2359535536910647
0.3432370415971497
0.3304931362118226
0.3025660304705556
0.3683051886855871
0.318851545496028
0.3898793091568073
0.3327958985832791
0.3076691851445452
0.3842859412554758
0.2975320344024471
0.3261104489285669
0.3174902515875159
0.3387641681157753
0.3797836258010039
0.369416600774955
0.2201004286285168
0.1779286121889002
-0.03780688190733845
-0.009377893953130751
0.01863088850205135
0.06469826970725701
0.07751918388351291
-0.02698419476665935
-0.05300721290489283
-0.05792831148022237
-0.04878651077951131
-0.03702743696134831
-0.05342036396194759
-0.05500849898963667
-0.05090647964837888
-0.04773284300496249
-0.04050026413464315
-0.04376865628220369
0.04289030788788058
0.04477672045275074
-0.04053431818525249
-0.02918908397940306
-0.0346321512844977
0.3067795149083983
0.3164477126923139
0.03658538906259759
0.09100711361880333
-0.05067937990256915
-0.04473199689666466
-0.0426732994722989
-0.0202223961438786
0.01748093592522584
0.01180004096814139
0.04533438163660486
-0.04907371951039821
-0.03912724686229849
-0.02899796746916177
-0.03840370789619718
-0.02733859052766717
0.02335681737820572
0.04871639484196386
0.09845952942323918
0.09805626294790717
-0.0359459170531952
0.2257906667216427
0.2774630822681126
0.0007758728746334153
0.38829885105808
0.396488348747055
0.4070878826505434
0.3775381629967913
0.3709234310412832
0.297325509788581
0.229541677483816
0.1407956203972318
0.2042691327950159
0.1288821282951707
0.3168288376506987
0.2524801820301572
0.1650888551212276
0.1480345095758822
0.1132797428521696
0.4070175097035652
0.3126984711541578
0.2927076872421555
0.3476059717098335
0.3885327939999592
0.401066998266586
0.3581279882780829
0.3901171768452023
0.3401735246232251
0.2681682267669812
0.313742305499235
0.2571747378972258
0.3691499871632061
0.3482046547029489
0.3639075145543546
0.3513353078750911
0.2981734011068986
0.1378124189500733
0.2237837436895945
0.2438602407167034
0.2597971349048262
0.1573405276188712
0.1441775640069575
0.2189018570372746
0.2785772959619994
0.2329125322561881
0.1511644357999533
0.109697671517748
0.1176107875785103
0.3646763548695403
0.2961180042770976
0.2773127309174839
0.04740528725832367
0.3633494454082987
0.31919108836351
0.2298462708226187
0.2183847876056287
0.2863895081547806
0.246057041757654
0.2347129596763225
0.1714393408388371
0.235838898687853
0.1747054009897931
0.1522250723358602
0.1514606900775247
0.1998875162904127
0.286943246407269
0.1833536742507136
0.2076080425516335
0.2954731376349385
0.2060240031154094
0.2798460518486249
0.2317153255933476
0.1781707144102733
0.1682785555065202
0.2156140541993511
0.2714673354515515
0.2582673593942617
0.2561005191118248
0.2911405938963311
0.284559440694677
0.2083370144926031
0.0777022394109018
0.3224989237553554
0.2864362071934768
0.2961373330201418
0.1508456813306031
0.2070883358481051
0.2113963953136849
0.1724387410244056
0.09312607348024141
0.05461771216683679
0.1168550748631823
0.3218441791848093
0.3627828399588447
0.2501082696021282
0.3213460655702499
0.3757055364608851
0.3587987882970304
0.3390958372521025
0.2709807216084223
0.2860184841197951
0.328149723744029
0.3545360493523605
0.3462429220197774
0.3622323018023232
0.3208603816478353
0.2645113163611233
0.145108898156327
0.2628547736413117
0.2945388910509654
0.2716814379572652
0.2930628449095208
0.2142339820549938
0.1130017174284668
0.2404779359558723
0.07266249605302376
0.2269781923047874
0.3514132053881296
0.3818200182012411
0.3487122744827642
0.162220979664364
0.1400462758932564
0.1857821978227284
0.3107463018363512
0.1957911606145572
0.2970448798799155
0.06644727140114437
0.1500672897124087
0.2198717924351297
0.2760080347165016
0.3020495477574624
0.1941947277536379
0.22657586454518
0.2767988494699777
0.1085981006662996
0.03672981063538115
0.0897463879298296
0.2470629488786963
0.1959976376062398
0.1409901144414653
0.1179066716533757
0.1492813337445071
0.07810112544310013
0.01496617068570462
0.1708484063752556
0.2269687317992853
0.09071524494063826
0.06300061766333852
0.02335040909486269
0.03446337615877323
0.1000079458134613
0.1545627566316275
0.006407999457228982
0.1764655158466965
0.134528806559104
0.02006888392622324
0.02787116081940047
0.33744708456287
0.3957418598931508
0.2839597969971842
0.3246190559672945
0.3013351165118192
0.2854543379593976
0.2983747395885682
0.3056012920783429
0.2645693201442477
0.2508790358691684
0.3051054384802433
0.2812863523142972
0.2391766825941417
0.1506001364839178
0.2288068704113122
0.3183097073263808
0.3252399331510095
0.3545482155390388
0.3327397450926265
0.3265628166310341
0.2777457673550797
0.2147165704580171
0.3476306537810185
0.3616018078407597
0.05795874623539019
0.06055133591316875
0.2784102909085672
0.114612148255522
0.1041811340059967
0.142131578163581
0.1855454772161971
0.1511069424640406
0.05972510801710066
0.02684982769542746
0.009415346208506184
0.04780077653147909
0.05584025308811111
0.07361813015225857
0.06733921433810423
0.01196290423163116
0.09279037994039352
0.0225514725424551
-0.003482054734338069
0.0009984024186295778
0.0333268477107329
0.02890169172565384
0.09580775987011132
0.1480370903434718
0.1563302439808737
0.1438466438199966
0.1978736603905814
0.2530660537014876
0.210241496754086
0.2986849986332383
0.3066914660919103
0.2571298046595488
0.2932788775079354
0.1600529057255192
0.2075482944348104
0.1671894092661811
0.2075264497054687
0.1986352006422541
0.1753388255921049
0.1330065593021423
0.1475647820162536
0.1462792640670015
0.1316106453219423
0.1614342717247909
0.1333543978726152
0.1196908126880247
0.1196871361604104
0.09000372844108412
0.1049030653196283
0.1242428136525454
0.06886861558615429
0.08433142222529107
0.07432021284271717
0.04333241888117761
0.05571305066635423
0.07018474739185915
0.03565406364469739
0.01631153676921962
0.1421278677006792
0.04045529204113128
0.153750278718066
0.2182362473937517
0.1995664106802375
0.269930620976148
0.3062502961638257
0.2859938613735056
0.2393756098243344
0.2566632382734164
0.01794570124809062
0.09023646513393313
0.09066253024426955
0.0736288580191829
0.06862296144424132
0.1293956705267435
0.03882367784875485
0.3630383623285259
-0.01864393354419125
0.2011481116147103
0.2063455494124212
0.2292912624712698
0.3486814154418236
0.3460089846590141
-0.002418177365712769
0.00743474152328502
0.0166793052260204
0.008375331585775851
0.04244720121602338
0.07985156266008953
0.04165313855936588
0.05061209866748414
0.07996938151937034
0.1001317667409451
0.006702771656950266
-0.002228931330124447
0.01730023097019213
0.007389796417675008
0.2650372067881083
-0.01435897690451158
0.06885327910489546
0.1370781320567145
0.1577501710970483
0.2367249062500539
0.2291436073753045
0.184331854652668
0.09932528207151937
-0.03115388070757666
-0.01825258045248422
-0.02470795403072592
-0.006707070369415505
0.006125523946087786
0.02939507087541728
0.05479800577757159
0.04236279997246312
0.04138809211134843
0.06870133146498174
0.2348395633657796
0.1273789204351781
0.1178231644843547
0.1554602629381129
0.1597324369981761
0.1336717978817017
0.1129429759556873
0.1570091839001378
0.1651689348192555
0.1031675846095977
0.06342005395913987
0.08398363280240058
0.02504406348209288
0.1960583626011628
0.05629679564907326
0.06122478060566863
0.0430612934964956
0.08658300815090939
0.08174147048933354
0.09483179827486017
0.05926339337144038
0.149521078481418
0.1693596987486841
0.03529124673656477
0.02472343040877304
0.01092062226912493
0.008982231297975693
-0.008942692307736545
-0.03298907361104948
-0.03790015586347031
-0.0163329720548411
0.1092846714294433
0.02776996673968701
0.02733998027535559
0.1010429946715903
0.0139654124134217
-0.04978668108246508
-0.04406856657354399
0.1601202112226286
0.1728896351053261
0.1804308716608431
0.2009143144366263
0.2247251768576143
0.2445121477718635
0.2358551397872781
0.2827618699894974
0.2617053055817999
0.2931542067589034
0.3089016189546392
0.3460555519246536
-0.02059445651034785
-0.03019159207842877
0.3322882135650064
0.02097412114107794
0.3341436814939125
0.1644374667648492
0.2599758120553485
-0.01352677531749323
0.09789456671311239
0.1041531541149011
0.08486985484102783
0.200058730234718
0.1637578869577556
0.2561564868132997
0.2967564231822447
0.2572378546770305
0.3056755522480588
0.2506983035653732
0.1480240452898291
0.3221599898930752
0.02195646048010917
0.00399736865847878
0.08779518672428302
-0.01886899342885598
-0.02080458994011181
0.1495202928852724
0.124962851405188
-0.01747285658888585
-0.01491880431241341
0.1754614778245225
0.2862793488539253
0.3330831408449868
0.2964749685219059
0.2012189291180526
0.1345841822276107
0.02342466828875878
0.03768826049072442
0.0608759141636487
0.2298296234326004
-0.01284508395584245
-0.02455526369481001
0.02880018384324121
0.3651892707997855
0.2117752240302143
0.1041780667110221
0.06442399304500862
0.06416839644687677
0.05870597745588781
0.3661661327007837
-0.008744136881100697
0.04985716158412165
0.01169762049710883
0.2081370807140669
0.1435821067673433
0.112449062447195
0.08915090603915199
0.08684177136715701
0.02791352840223621
0.01842999649075866
0.01627662050928586
0.1093254943762103
0.1655102230708099
0.2307467087040957
0.2734900129014555
0.1529357512238129
-0.004022008374612301
-0.03799293081134021
0.1048801279206547
0.02149054200015341
-0.03691040492945224
0.01185672455609245
0.1368757875975808
0.3123520611190567
-0.008703604899753118
0.3566515764151851
0.0008966937226951718
0.3377860133541965
0.1531831929677084
0.3285831096939821
-0.02036184940071251
0.05041178309502912
0.1139813190503389
0.01781868443540707
0.1409370497750318
0.1755716341128218
