1081 
543 
763 
541 
1064 
1303 
889 
1413 
1420 
648 
2086 
68 
836 
1466 
1246 
1091 
1968 
1686 
1618 
1236 
1511 
240 
1008 
564 
1305 
171 
938 
939 
1518 
409 
412 
673 
1070 
1310 
474 
472 
1377 
1529 
1123 
1378 
1426 
789 
1178 
180 
1028 
74 
656 
665 
285 
1118 
93 
723 
1089 
414 
193 
1517 
1538 
406 
1360 
1103 
160 
1682 
566 
388 
385 
1293 
661 
1880 
1286 
1675 
1770 
2078 
1372 
1648 
1371 
804 
120 
1430 
1882 
410 
793 
1530 
1085 
379 
1084 
1711 
1432 
79 
682 
680 
1351 
36 
458 
1443 
1076 
1580 
1552 
1595 
689 
274 
82 
1057 
1483 
851 
1228 
582 
1523 
1923 
1979 
1758 
547 
1059 
551 
1129 
1753 
558 
1285 
1241 
1368 
1041 
1404 
574 
1234 
705 
708 
223 
1138 
67 
355 
645 
1799 
677 
668 
78 
984 
1069 
1252 
982 
1199 
1971 
1794 
1100 
371 
369 
1254 
220 
988 
468 
367 
1317 
1251 
1571 
1688 
1680 
2017 
1863 
1108 
217 
985 
462 
1357 
1067 
1062 
926 
1520 
1119 
1558 
1262 
570 
925 
1162 
604 
602 
60 
2083 
1431 
1024 
1051 
1653 
1338 
1419 
972 
269 
1369 
1422 
1484 
1409 
465 
463 
699 
1806 
1093 
1019 
1094 
172 
372 
940 
1080 
1507 
1316 
1469 
25 
1244 
392 
396 
1812 
330 
846 
138 
1243 
310 
795 
309 
1058 
347 
343 
17 
1397 
588 
584 
1417 
1896 
1539 
1411 
1627 
315 
1233 
1177 
1657 
1206 
229 
1559 
1393 
829 
1203 
485 
720 
1166 
96 
288 
1115 
1436 
192 
1031 
1815 
1531 
1280 
1106 
1347 
722 
731 
1691 
1359 
1190 
1247 
1362 
2125 
1749 
2260 
425 
861 
197 
1114 
1153 
519 
948 
50 
546 
542 
1068 
1500 
1173 
1235 
42 
1677 
113 
1054 
784 
559 
1410 
264 
659 
1214 
14 
327 
328 
1309 
875 
144 
619 
2063 
1029 
66 
1231 
1307 
1929 
1401 
33 
1330 
440 
444 
1720 
155 
909 
896 
346 
1134 
899 
154 
1180 
1022 
1023 
674 
1370 
1258 
870 
216 
1353 
530 
1435 
48 
1364 
430 
31 
432 
1477 
1406 
45 
511 
600 
596 
59 
1960 
1211 
1632 
1092 
866 
1635 
1278 
1774 
1928 
1745 
452 
1098 
35 
1412 
751 
753 
1366 
859 
1482 
759 
107 
299 
1845 
1976 
1690 
1761 
341 
1318 
1492 
16 
221 
1043 
922 
1172 
876 
1335 
725 
1487 
678 
424 
28 
1759 
858 
617 
1204 
1395 
1651 
1328 
1820 
969 
1132 
127 
1056 
1493 
702 
1453 
1438 
295 
103 
1171 
1991 
1232 
1294 
1615 
638 
1342 
162 
1579 
481 
1205 
1892 
1242 
1321 
1544 
1143 
1584 
1200 
421 
30 
423 
1706 
1762 
1226 
1039 
975 
973 
1130 
1277 
1826 
135 
534 
1035 
1158 
1723 
1296 
1755 
1104 
693 
453 
211 
2053 
1046 
1733 
1524 
2046 
1287 
1481 
1572 
734 
1478 
97 
1111 
1281 
397 
26 
1329 
655 
657 
71 
1374 
115 
1323 
1222 
1885 
1554 
1505 
1176 
161 
1387 
632 
1289 
165 
501 
724 
1459 
1365 
7 
283 
1936 
1656 
1250 
1768 
812 
202 
2079 
58 
1184 
1464 
215 
1011 
552 
1137 
112 
304 
770 
1050 
1490 
664 
1144 
207 
974 
1363 
1389 
1290 
1457 
921 
351 
352 
1721 
1446 
332 
1302 
256 
629 
85 
1485 
577 
1088 
1504 
886 
614 
1101 
2020 
1441 
1841 
259 
644 
1375 
51 
1288 
1063 
906 
1821 
401 
857 
1221 
737 
101 
1489 
747 
344 
1655 
679 
1295 
272 
147 
887 
885 
1193 
1744 
408 
27 
1995 
1772 
1452 
1380 
316 
1470 
318 
55 
616 
1698 
1414 
1154 
1087 
1017 
1196 
1155 
1061 
1839 
1276 
845 
1073 
326 
1564 
787 
1157 
178 
1394 
333 
867 
141 
43 
1075 
503 
1120 
1592 
991 
1476 
1065 
662 
1240 
778 
173 
771 
454 
212 
981 
1594 
1513 
1020 
1018 
251 
411 
672 
187 
182 
666 
132 
324 
1612 
1239 
1795 
1066 
839 
1284 
1458 
443 
1506 
1854 
647 
260 
1 
1016 
1015 
1451 
525 
47 
1220 
62 
618 
321 
319 
823 
1071 
513 
947 
641 
1026 
642 
1556 
242 
999 
1223 
1985 
1704 
1828 
1036 
500 
743 
1142 
378 
22 
376 
1009 
1010 
2072 
1248 
1473 
1541 
391 
394 
1331 
824 
1376 
595 
599 
620 
1165 
888 
1027 
57 
1045 
2041 
1776 
2080 
146 
1273 
464 
1265 
903 
1212 
1037 
1052 
413 
1981 
1593 
2089 
92 
701 
471 
1454 
266 
1358 
951 
950 
607 
61 
1230 
1399 
395 
393 
1724 
1264 
634 
729 
177 
1934 
1769 
1644 
1603 
1665 
99 
384 
380 
1202 
373 
1343 
1926 
1597 
1150 
1013 
1107 
1151 
545 
1012 
1040 
238 
1006 
510 
1998 
1522 
1279 
1911 
308 
1112 
792 
1146 
312 
1498 
311 
794 
116 
800 
803 
1751 
1396 
1213 
946 
399 
176 
11 
1848 
1350 
119 
788 
801 
329 
842 
325 
1116 
869 
813 
317 
1512 
277 
276 
695 
148 
1809 
1519 
1207 
1185 
625 
892 
149 
1042 
902 
900 
152 
494 
498 
1192 
2059 
1624 
1851 
1916 
1249 
912 
908 
156 
1428 
1415 
977 
643 
1510 
1133 
1313 
522 
837 
131 
905 
1386 
1465 
1210 
1754 
1127 
852 
590 
1685 
1097 
1488 
822 
250 
336 
1140 
1005 
239 
1004 
1647 
651 
945 
382 
1608 
1895 
712 
1440 
89 
1332 
1044 
606 
252 
635 
1194 
1099 
1947 
1652 
1437 
1047 
831 
322 
1218 
38 
470 
473 
1074 
208 
978 
627 
1640 
879 
1292 
1468 
1048 
130 
1696 
230 
486 
830 
1462 
694 
451 
83 
624 
1713 
623 
1448 
1049 
549 
983 
213 
1340 
1021 
1587 
1163 
1557 
937 
1174 
506 
883 
1195 
1217 
1083 
980 
841 
611 
1147 
684 
435 
199 
140 
864 
334 
15 
75 
669 
1919 
1955 
1954 
244 
1479 
959 
531 
532 
91 
715 
663 
73 
963 
961 
579 
580 
1034 
1847 
1543 
1381 
1576 
1301 
1427 
1189 
757 
1237 
1227 
1238 
509 
1156 
605 
1121 
114 
785 
774 
499 
1433 
1361 
893 
1324 
134 
848 
1160 
86 
469 
1266 
374 
1732 
882 
1429 
1633 
1590 
1607 
2093 
1876 
1053 
1904 
1621 
772 
109 
2032 
1959 
1813 
1229 
1128 
1837 
1893 
1742 
2006 
1741 
915 
13 
2029 
1840 
1341 
257 
630 
910 
1937 
1182 
157 
1391 
916 
186 
953 
402 
150 
1692 
1563 
555 
52 
1311 
1673 
381 
739 
404 
1392 
1179 
1136 
98 
427 
1215 
691 
84 
2043 
1852 
1516 
219 
863 
1729 
81 
439 
1325 
145 
1810 
1122 
828 
320 
1486 
478 
224 
706 
1604 
19 
358 
360 
258 
930 
928 
979 
744 
1168 
1275 
1348 
102 
535 
989 
218 
756 
1637 
159 
923 
1126 
554 
1170 
593 
589 
1881 
1354 
1700 
1383 
438 
32 
1636 
1270 
345 
775 
479 
2068 
1299 
428 
1298 
811 
289 
733 
1152 
1834 
1578 
305 
302 
773 
890 
943 
175 
1105 
306 
483 
528 
527 
77 
415 
741 
615 
1327 
993 
994 
783 
776 
1875 
700 
2042 
1561 
1789 
2096 
492 
232 
496 
1001 
1209 
802 
805 
814 
123 
1055 
398 
825 
1613 
913 
128 
1345 
1109 
860 
873 
143 
894 
690 
445 
1783 
1550 
1611 
403 
1030 
1862 
1922 
1449 
1145 
56 
578 
927 
249 
1802 
1474 
1701 
338 
1186 
1849 
1824 
64 
1475 
1149 
1683 
1859 
1626 
1502 
1942 
94 
505 
728 
1135 
964 
196 
966 
2164 
1920 
2341 
631 
185 
1124 
765 
72 
183 
1306 
1388 
181 
573 
1253 
968 
971 
874 
872 
1060 
1208 
1605 
1708 
361 
1442 
331 
353 
1159 
1779 
2060 
780 
786 
5 
958 
1631 
1384 
1403 
46 
521 
1548 
1148 
1255 
489 
998 
227 
2051 
1707 
901 
231 
491 
4 
1346 
1025 
1033 
1480 
856 
137 
2292 
1385 
1986 
1398 
1740 
1912 
1344 
106 
1773 
750 
241 
539 
284 
512 
514 
1169 
1267 
301 
1086 
942 
941 
118 
809 
2074 
1164 
1625 
1408 
2071 
1736 
1816 
323 
350 
1405 
354 
18 
1975 
1256 
1421 
9 
296 
1450 
297 
1003 
567 
565 
1546 
1416 
191 
1337 
819 
1261 
954 
714 
1994 
1693 
1628 
1526 
1110 
745 
100 
523 
1581 
1263 
544 
1078 
764 
1079 
2105 
234 
1339 
572 
576 
1641 
601 
603 
1326 
918 
754 
370 
170 
654 
2075 
1291 
475 
1796 
1032 
434 
437 
1038 
1461 
23 
1367 
1514 
703 
87 
279 
493 
1334 
1850 
1734 
1096 
955 
1308 
768 
1201 
1818 
1117 
2077 
1355 
581 
247 
698 
591 
349 
1090 
914 
816 
1445 
1444 
736 
855 
1197 
649 
1528 
1320 
1533 
105 
2045 
1610 
587 
583 
1095 
1793 
460 
992 
228 
1260 
2000 
1494 
1269 
862 
426 
80 
782 
1077 
303 
769 
1846 
1738 
2049 
1596 
1750 
1460 
287 
719 
95 
204 
592 
1786 
1654 
1728 
881 
340 
265 
1825 
1697 
1545 
1616 
730 
1082 
2057 
1664 
865 
65 
1402 
1735 
1660 
932 
163 
931 
1072 
422 
748 
850 
442 
201 
431 
990 
895 
1257 
986 
1300 
467 
195 
686 
273 
2038 
1356 
1867 
281 
1282 
1855 
1719 
1297 
2 
1216 
1379 
1853 
1775 
1525 
692 
1897 
755 
104 
849 
335 
613 
139 
1434 
727 
1188 
1141 
742 
735 
169 
1272 
377 
2066 
956 
1663 
1614 
1336 
1113 
621 
63 
622 
433 
206 
688 
1274 
1319 
1766 
363 
987 
1977 
1674 
1694 
497 
1463 
520 
2369 
1553 
1945 
540 
49 
142 
236 
504 
740 
2108 
286 
832 
1268 
838 
585 
184 
610 
1730 
153 
904 
1643 
2088 
263 
676 
418 
194 
179 
1907 
1508 
2194 
1760 
1382 
1695 
502 
935 
2094 
766 
366 
364 
1582 
1953 
1447 
1702 
110 
54 
476 
480 
226 
696 
1781 
1456 
697 
1600 
1304 
834 
560 
1532 
1225 
1125 
833 
835 
390 
1573 
1948 
1787 
1667 
2012 
1737 
1471 
461 
1322 
738 
878 
337 
441 
203 
687 
526 
246 
1835 
455 
536 
538 
868 
405 
407 
293 
290 
1503 
995 
562 
854 
880 
1467 
1716 
1139 
1102 
383 
1333 
271 
459 
457 
628 
626 
1832 
726 
1175 
1962 
1727 
2054 
652 
650 
108 
300 
356 
717 
1224 
936 
933 
934 
133 
843 
1537 
777 
790 
2106 
1219 
1705 
1535 
658 
1259 
2135 
556 
2048 
1570 
1798 
799 
1349 
10 
12 
2052 
1649 
121 
313 
174 
767 
553 
1619 
1496 
716 
291 
667 
533 
529 
2040 
1879 
2062 
952 
2098 
1187 
683 
685 
53 
1181 
897 
1198 
446 
359 
1407 
709 
1312 
1439 
1400 
1472 
225 
375 
508 
2081 
292 
1865 
1913 
2013 
561 
37 
877 
597 
598 
907 
1831 
1639 
898 
1764 
636 
307 
671 
675 
417 
962 
1984 
1606 
24 
386 
944 
1591 
90 
517 
713 
1889 
1669 
1788 
1725 
1684 
746 
1565 
419 
365 
1803 
924 
233 
568 
1780 
808 
1183 
806 
245 
569 
853 
791 
1131 
222 
1886 
1583 
124 
1191 
847 
1659 
612 
254 
911 
2331 
2036 
2050 
1617 
637 
1805 
548 
2097 
2030 
798 
1540 
235 
891 
448 
1873 
1965 
1808 
1642 
456 
214 
2177 
957 
1515 
1542 
2082 
1811 
1756 
188 
949 
1752 
710 
2009 
2226 
1932 
198 
484 
670 
261 
1709 
125 
1271 
450 
210 
1687 
1883 
1898 
1731 
752 
262 
189 
1501 
660 
389 
796 
253 
1910 
255 
1717 
2245 
449 
646 
164 
339 
1791 
495 
1521 
29 
1864 
1870 
817 
1245 
818 
1491 
821 
205 
2087 
557 
387 
2379 
1568 
718 
1000 
1002 
166 
507 
2099 
758 
1314 
1014 
884 
1424 
2117 
2007 
1418 
586 
136 
1785 
1838 
871 
190 
1622 
1830 
1925 
268 
267 
3 
760 
524 
8 
1629 
1495 
762 
2058 
1585 
2342 
997 
920 
1918 
2025 
1671 
1670 
965 
1549 
482 
1555 
1767 
516 
797 
20 
2026 
1964 
1739 
1423 
1807 
1856 
639 
488 
1315 
1425 
1858 
1990 
1829 
1645 
2101 
1714 
1712 
2297 
1661 
209 
1822 
609 
1623 
1901 
1819 
640 
807 
237 
1455 
44 
1666 
1983 
1658 
1878 
1650 
976 
348 
2330 
1902 
1638 
2069 
167 
21 
400 
2047 
810 
122 
1933 
1566 
2064 
275 
2018 
844 
420 
653 
416 
575 
477 
158 
917 
515 
732 
298 
781 
2044 
1823 
1765 
129 
76 
1715 
537 
1373 
681 
429 
1283 
594 
826 
117 
1569 
1390 
2192 
1602 
827 
39 
487 
41 
490 
1969 
243 
2022 
2092 
1777 
608 
2100 
1784 
1800 
996 
2055 
1958 
1574 
2008 
2019 
2004 
761 
1499 
1930 
1699 
314 
270 
1900 
436 
1905 
970 
1747 
1007 
2016 
1894 
1662 
1646 
1917 
704 
282 
1757 
6 
1956 
2010 
1527 
1888 
294 
563 
2120 
1860 
1589 
550 
1352 
1861 
1681 
2128 
1967 
1575 
70 
280 
1966 
1630 
200 
633 
447 
1836 
1746 
721 
1547 
967 
1963 
2320 
1763 
2076 
2147 
815 
820 
1161 
40 
1814 
1562 
1993 
1887 
1949 
1718 
1935 
2104 
919 
2035 
929 
1601 
2005 
368 
1588 
1915 
151 
1167 
707 
126 
2039 
1869 
1843 
779 
1560 
840 
2216 
1957 
1891 
1672 
1551 
1927 
1782 
2014 
2520 
1790 
2151 
34 
2021 
2003 
1689 
248 
1908 
1857 
1679 
2209 
1634 
1999 
1509 
1997 
111 
1771 
2027 
1903 
518 
711 
1877 
960 
1982 
1890 
1536 
357 
1914 
571 
362 
1668 
2095 
1842 
2519 
2028 
1678 
1872 
1497 
278 
2282 
342 
466 
2303 
2201 
749 
2070 
2067 
1804 
1909 
2133 
168 
1801 
2424 
2091 
2073 
1921 
88 
1710 
1827 
2102 
2034 
2214 
1941 
1866 
1748 
2023 
1951 
1952 
1599 
1676 
1586 
2301 
2279 
1797 
1833 
1567 
1978 
2129 
1996 
1817 
2249 
1988 
2061 
1946 
2103 
1722 
1987 
1871 
1974 
2085 
1973 
69 
2253 
1598 
2489 
2402 
2132 
1778 
1844 
2278 
2436 
2220 
2033 
2246 
2223 
1899 
1534 
1577 
1703 
1792 
1989 
1940 
1938 
2232 
2235 
2294 
2011 
1931 
2227 
2198 
2239 
2084 
1874 
1609 
1944 
1943 
2152 
1939 
1924 
1961 
2398 
2137 
2205 
1620 
2031 
1868 
2213 
2374 
2475 
2366 
1743 
1992 
2206 
1980 
1884 
1972 
2024 
2015 
2273 
1726 
2146 
2319 
2189 
2276 
1950 
2513 
2269 
2329 
2399 
1970 
2212 
2277 
2230 
2002 
2186 
2264 
2316 
2188 
2309 
2131 
2423 
2275 
2001 
2229 
2065 
2037 
2237 
2257 
2255 
2241 
2234 
2056 
2203 
2262 
2474 
2134 
2318 
2111 
2256 
2372 
2283 
2293 
2161 
2419 
2281 
2313 
2109 
2215 
2090 
2140 
2187 
2408 
2217 
2271 
2224 
2393 
2193 
2172 
2155 
2325 
2210 
2335 
2112 
2267 
2191 
2326 
2250 
2233 
2167 
2258 
2180 
2144 
2190 
2173 
2254 
2299 
2148 
2272 
2139 
2197 
2333 
2285 
2306 
2291 
2143 
2653 
2115 
2449 
2107 
2142 
2199 
2200 
2290 
2123 
2334 
2328 
2178 
2252 
2185 
2274 
2130 
2183 
2136 
2122 
2336 
2184 
2248 
2149 
2332 
2126 
2196 
2261 
2169 
2160 
2182 
2244 
2360 
2179 
2156 
2465 
2348 
2327 
2343 
2308 
2307 
2119 
2270 
2175 
2121 
2304 
2363 
2280 
2491 
2110 
2176 
2208 
2207 
2141 
2225 
2322 
2324 
2138 
2158 
2170 
2364 
2392 
2287 
2456 
2298 
2174 
2323 
2159 
2236 
2300 
2310 
2243 
2284 
2114 
2288 
2535 
2221 
2219 
2171 
2113 
2289 
2416 
2584 
2218 
2228 
2317 
2266 
2296 
2403 
2211 
2168 
2302 
2242 
2153 
2181 
2165 
2116 
2376 
2511 
2286 
2166 
2533 
2265 
2231 
2367 
2311 
2163 
2251 
2247 
2202 
2240 
2124 
2127 
2150 
2468 
2222 
2414 
2420 
2321 
2162 
2482 
2145 
2383 
2486 
2268 
2365 
2483 
1906 
2204 
2315 
2154 
2577 
2314 
2312 
2450 
2195 
2359 
2431 
2539 
2295 
2469 
2631 
2428 
2433 
2541 
2118 
2485 
2157 
2263 
2602 
2502 
2604 
2305 
2547 
2259 
2388 
2644 
2634 
2432 
2427 
2642 
2421 
2362 
2490 
2481 
2569 
2560 
2351 
2532 
2412 
2451 
2404 
2384 
2617 
2382 
2373 
2464 
2640 
2443 
2630 
2598 
2406 
2625 
2371 
2711 
2562 
2506 
2435 
2390 
2672 
2664 
2430 
2473 
2438 
2238 
2395 
2405 
2415 
2552 
2530 
2445 
2607 
2345 
2347 
2391 
2444 
2338 
2380 
2357 
2387 
2349 
2407 
2437 
2389 
2339 
2346 
2378 
2353 
2385 
2355 
2386 
2545 
2479 
2497 
2337 
2400 
2500 
2534 
2512 
2484 
2488 
2447 
2505 
2504 
2463 
2478 
2458 
2476 
2493 
2454 
2455 
2358 
2608 
2589 
2368 
2446 
2498 
2461 
2508 
2676 
2418 
2496 
2592 
2394 
2350 
2429 
2492 
2439 
2370 
2559 
2610 
2487 
2410 
2452 
2501 
2462 
2426 
2375 
2494 
2691 
2679 
2661 
2499 
2422 
2509 
2434 
2340 
2667 
2425 
2477 
2417 
2457 
2495 
2638 
2666 
2729 
2453 
2593 
2507 
2356 
2344 
2396 
2409 
2585 
2615 
2635 
2471 
2681 
2611 
2480 
2460 
2567 
2448 
2442 
2538 
2441 
2352 
2466 
2536 
2377 
2472 
2570 
2554 
2361 
2556 
2522 
2397 
2720 
2787 
2806 
2855 
2467 
2510 
2440 
2838 
2837 
2694 
2740 
2576 
2578 
2381 
2583 
2542 
2401 
2413 
2550 
2524 
2553 
2523 
2354 
2597 
2575 
2544 
2503 
2700 
2595 
2605 
2411 
2623 
2726 
2760 
2707 
2580 
2716 
2459 
2651 
2470 
2600 
2643 
2627 
2596 
2587 
2529 
2799 
2612 
2614 
2531 
2514 
2730 
2551 
2518 
2555 
2516 
2613 
2557 
2563 
2590 
2568 
2517 
2564 
2548 
2606 
2572 
2641 
2526 
2579 
2565 
2637 
2619 
2582 
2609 
2626 
2658 
2581 
2540 
2527 
2528 
2549 
2537 
2588 
2546 
2632 
2601 
2629 
2525 
2739 
2827 
2543 
2654 
2621 
2618 
2620 
2628 
2571 
2603 
2616 
2633 
2594 
2521 
2724 
2665 
2586 
2639 
2558 
2515 
2591 
2624 
2690 
2566 
2708 
2649 
2636 
2757 
2689 
2812 
2573 
2706 
2802 
2731 
2561 
2772 
2704 
2685 
2725 
2599 
2705 
2723 
2657 
2766 
2655 
2574 
2749 
2785 
2823 
2648 
2673 
2733 
2622 
2683 
2762 
2779 
2721 
2738 
2650 
2662 
2715 
2692 
2680 
2734 
2710 
2714 
2656 
2727 
2696 
2668 
2669 
2712 
2645 
2659 
2677 
2719 
2703 
2737 
2709 
2647 
2735 
2765 
2756 
2678 
2693 
2722 
2736 
2781 
2732 
2674 
2684 
2701 
2670 
2671 
2718 
2713 
2702 
2717 
2728 
2652 
2695 
2686 
2687 
2699 
2788 
2688 
2660 
2675 
2697 
2786 
2698 
2784 
2803 
2663 
2825 
2761 
2751 
2769 
2759 
2755 
2742 
2747 
2777 
2800 
2682 
2818 
2783 
2831 
2792 
2646 
2793 
2780 
2796 
2801 
2773 
2776 
2754 
2748 
2758 
2829 
2819 
2839 
2798 
2811 
2774 
2771 
2794 
2744 
2795 
2745 
2753 
2808 
2790 
2836 
2764 
2763 
2791 
2789 
2782 
2750 
2775 
2743 
2770 
2797 
2767 
2805 
2752 
2814 
2778 
2746 
2824 
2820 
2848 
2768 
2741 
2804 
2835 
2816 
2822 
2843 
2844 
2809 
2858 
2807 
2815 
2832 
2821 
2810 
2828 
2834 
2826 
2830 
2833 
2845 
2817 
2813 
2842 
2854 
2841 
2856 
2852 
2846 
2850 
2851 
2849 
2840 
2847 
2853 
2857

