0.00791781329005 0.0481798094832 -0.0351325643938
0.0375022624651 0.00607184832963 -0.0165448863126
-0.00941595630881 -0.00408091385044 -0.00793896289842
0.040513522835 -0.0337610632639 -0.0205206389518
0.00288655917129 0.00072276788698 0.000794109441739
0.0491425108003 -0.0354626324957 -0.0129885409523
0.00301225867938 0.00410683339628 0.0837816326291
-0.044877947624 0.0312866331693 0.0812660861183
0.0518993508453 0.00448449374786 -0.0330304282371
-0.0430782281029 0.00725872644149 -0.0197205094033
0.0130989741438 -0.0058358695109 0.00209490980989
-0.0162342144704 -0.000802577576204 0.0066784159956
-0.0174708556837 0.0116172731333 0.00604592594419
-0.0313419033849 0.0550800849726 0.0140563907836
0.0182104581885 -0.00642739192358 -0.00107982580162
-0.033070994792 -0.000890664626689 0.0597298920133
0.00621686364397 -0.0132261726724 -0.00694692489309
-0.0205576167611 -0.0103183729585 0.0408868602395
0.0455367064744 -0.017478838264 -0.00940297542447
0.00626696912322 -0.0124409300387 -0.008864137263
-0.0160855486671 0.0213984445193 0.00979905713356
0.0303501003724 -0.0264070239077 -0.0159098321307
-0.0206161162092 0.00895765386173 0.0197909506046
-0.0227517979808 -0.0200888009809 -0.00677834499185
-0.0316351674892 0.0539985426118 0.0190732890153
-0.0128003153196 -0.00462011484528 -0.0150861489221
0.0184452982262 -0.0123577166838 -0.00913174652439
0.028420335613 -0.0134288412687 -0.0392159463491
0.0335546419093 -0.020413657611 -0.0208649100475
-0.00553357936504 -0.00654022007417 -0.00209841360044
-0.0165352982459 -0.00242662899542 -0.0021568769107
-0.0427551589831 0.0105730175277 0.0461689977632
0.0181678891815 -0.0193164438381 -0.0123453368859
0.0208371498195 -0.0157775605932 -0.0104680887287
0.044459101402 -0.0275470169242 -0.0165951315771
0.021384643261 -0.0218729597507 -0.0173830799534
0.019088830719 -0.0142732279815 -0.0367104735406
-0.013282485374 0.00707280931458 0.00943299894333
-0.00429929130763 -0.00669830431568 -0.00893388564939
-0.00183296963019 -0.0130222145859 0.0761474600174
0.073503290453 -0.0610636459981 -0.0272567914954
0.0389710898697 -0.0421166231027 0.00621616923136
-0.0327813077001 0.0112878951775 0.0174349617588
0.0504756722474 -0.0322953011768 -0.019826645234
0.0616457500793 -0.0368523300855 -0.0215246670107
0.0286087735341 -0.0211047253807 -0.0273461720573
0.0367239295457 -0.00153616438141 -0.0046106056882
-0.0393096854507 0.0076356689612 0.0133582028655
-0.00573881413111 -0.00623890352067 0.00149091704864
-0.0268533733715 0.00806828733084 0.0231227439947
0.0507838855585 -0.0317759376974 -0.0289013349275
0.0618107836722 -0.0291204563731 -0.0355081241441
0.0525661065979 -0.0111781153415 -0.00623643703798
-0.0393810485127 0.0100340359675 0.0943374232339
0.0174029551867 -0.00221045973053 0.000794139453055
0.0213590724708 -0.00169799521792 -0.0109023460481
-0.00648156784126 0.0299216701593 0.0192566926026
-0.0463558732563 0.0337330474232 0.030508958912
-0.0735805843884 0.0481788329624 0.0305657900609
0.0344250775989 -0.0241998893441 -0.011979668794
-0.0355505363642 0.0262520632935 0.0341336220228
-0.0396917075162 0.0387648016595 0.0392555270143
-0.0489152178608 0.0230423850012 0.0743116695604
0.0139110877999 -0.0156961372317 -0.00870851620504
0.00564377410542 -0.00785677707101 -0.0031995648635
-0.00212006543018 0.00544078723866 0.00196362437598
0.00975113529859 0.000133392802282 -0.00668078790168
0.00105587259529 0.020230771941 -0.00878386235366
0.0349400320522 -0.0188897798102 -0.015952770127
0.0172463710052 0.00960002649746 -0.0188109483478
0.0350747389698 -0.0195162350531 -0.0394011385968
-0.0167500979809 0.00202269577486 -0.0424692836069
-0.0302704404448 0.00498931057505 -0.0248732770225
-0.00447673814297 0.0326583903108 0.0136580683066
-0.0151424495564 -0.00167161702767 0.00117177739693
-0.0370978188131 0.0106344110987 0.0225245062101
-0.0176261849278 0.0314919655059 0.0182723830196
0.0136018674789 0.0145561847167 0.0111956144012
0.011086449493 0.00713925780023 0.000560034170149
0.00276709732289 -0.037086363204 -0.0252342200141
0.0501258172349 -0.0291807453485 0.0411508615079
0.0580410541764 -0.000600206664457 -0.00133481026825
-0.0297920863012 0.00461911286039 -0.0402410133217
-0.0173790187698 0.0379072356556 0.0478271293671
0.0403722822528 -0.0278548389979 -0.0167178806834
-0.058220438803 0.0515161803893 0.0271706405693
-0.010739214525 0.0107825233013 0.00651601517047
-0.058182298648 0.0397763892472 0.0253533495765
-0.0642323608229 0.0448367427632 0.0335246260175
-0.0271449597683 0.00661094609629 0.00837418517554
0.0358125201952 -0.00187674686226 -0.00945089098415
0.0597252176943 -0.0272210619174 -0.0133795465094
0.0444380774971 0.0114000424966 -0.00321181507914
0.0252480056077 -0.0210970322648 0.00494464680133
-0.0598426060954 0.058946228342 0.0310227046872
-0.0198246000323 0.0380967678936 0.0193754556695
0.000372172057692 0.00793428756216 0.0104821676429
-0.0474657500774 -0.00833458672205 0.0180380337412
0.0662406202858 -0.0160906546595 -0.00960712315051
-0.0376626774084 0.000912806332966 0.0185486073386
-0.0222085721965 -0.00510503531661 -0.00839863280696
0.0041179963571 -0.0144766168151 -0.00611028260337
0.00451627105606 -0.0222506740456 0.00971380789912
0.0553115361031 -0.0224909879921 -0.0336603957529
0.00620459213564 -0.0122606325963 -0.0304456720457
0.0593466925948 -0.0471183458372 -0.0179733319788
0.0149615989657 -0.0153429528538 -0.0220587423609
0.00141227374065 0.0215680664746 0.00107520652884
-0.00731649026871 0.0325897896538 -0.0106999202509
0.0231101096263 -0.00882303860319 -0.00876332586045
-0.0484620424387 -0.0164167915159 -0.0119167822134
-0.0240978636987 0.0167688782107 0.0213734624074
-0.0156129307829 0.0257214560533 0.025584333956
-0.0200451698241 0.015393393255 0.0140966359985
-0.0428828022408 -0.00160158429292 0.00845586015753
-0.0398743889511 0.0066687015881 0.0195613451829
-0.00275894509907 -0.0171281290551 -0.021909813785
-0.0192265658063 0.00518746868675 0.00715421508024
-0.00858932878404 0.012895602138 0.00630677320777
-0.0422712095443 0.0126232260855 0.022140138162
0.0171099169723 -0.036813088532 -0.0298249077805
0.02901070286 -0.00519209975839 -0.00430793257209
0.00595214343877 -0.014203675459 -0.00825098495022
0.0134924859559 0.00757920162215 0.00145375045644
-0.00697529811883 0.0290057848236 0.00993645704678
0.0048144372025 0.0231837702976 0.00806195759473
0.0374435525218 0.00239282617502 -0.0118437522502
0.0203614730311 0.00115555125272 -0.00560085475419
0.00909323673477 0.0192140005662 0.00911089879969
-0.0222570235239 0.00263844918786 0.00026787630519
0.008692882249 0.0155569452811 0.0132322234828
0.0317836298011 0.00862451163737 0.00467413215362
0.0323135614247 0.00793152370252 -0.00185168612675
-0.0179811774419 0.00306167800461 -0.00847641592298
0.0181577961815 -0.0158255308115 -0.0345820314635
0.0245390277685 -0.0119855550246 -0.0570730848205
-0.0145768625506 0.0103505397598 0.0531870184922
-0.0407271319032 -0.00286262109297 0.018887084878
-0.0270916421573 0.000873378073072 0.0150117134029
0.00413177431903 -0.0235612363106 -0.0474823057769
0.0210061199996 -0.0221744580443 -0.0284216225756
-0.0335054530653 -0.00948468461156 0.0182598835105
-0.017380809322 -0.0292056281828 -0.00672655880502
-0.0379432513835 0.00260602339596 -0.0200344964422
0.0590898959778 -0.0206566317173 -0.0101082637848
0.0299243250377 0.00122250867808 0.014334750048
-0.047051351202 0.0412630958946 0.0335183133792
-0.0248500095599 0.0372451453477 0.0257590406512
0.0147278458894 0.0294331812149 0.0185724110606
0.0432415217385 0.0103398286404 -0.000843760271792
0.0318817555883 -0.00129246671527 -0.0190606403031
0.00340016680125 0.00877694925313 0.00699897244544
0.0105361152197 0.000655086427052 0.00634768264596
0.0349232913818 0.0158017065173 0.0285325879528
0.0120500600763 0.0256517619426 -0.0225990107459
-0.00680908132207 0.0545582469836 -0.0139652037095
0.0251648052087 0.0406661607818 -0.0173847006055
0.00669691946407 0.0234872472137 -0.0160749604407
-0.0131794022323 0.0206106375068 0.0104959452481
0.00508810953264 0.0398410914194 -0.0298996412401
0.00947681615916 0.0253406469201 -0.0116352250635
0.0252264922593 0.0317406151308 -0.0282219627324
0.0202504845104 -0.00155229323508 0.00374280228043
-0.0076959320938 0.00935191702407 0.0114034457648
0.0160214070767 0.0104291690614 0.014044830577
0.0462200205413 0.0199804275866 -0.0194632388994
0.0624454494379 -0.0188507746355 -0.0134182691143
0.0436080959481 -0.0274223117304 -0.00646721072744
0.0311260611138 -0.0314225067005 -0.00239350188182
0.0181767571436 -0.0122341494331 0.000522344201442
0.0401033993322 -0.0465429442638 -0.0207871008944
0.0503853817449 -0.0551527241809 -0.0401381067137
0.0506801325523 -0.0505588984838 -0.0356029893274
0.0279972471028 -0.0287092498214 -0.0292039780531
0.00159100906209 0.0135437203491 -0.00848560600341
0.0153682610669 0.0195999930797 -0.00335535783545
0.0561809224284 -0.00628498517202 -0.00756240474548
0.027130661395 -0.00496948524216 -0.000346369622935
0.0303190312134 0.00753413734911 -0.00649309006018
0.0519415332284 -0.0265079621742 -0.00977254416165
0.0843054983526 -0.0404342139009 -0.0240291433028
0.0696518008055 -0.0233070141749 -0.0150855711711
0.028517107114 -0.0124452312486 -0.00803883196687
0.00559838861377 0.00845656061817 0.000834503616998
-0.0221019102425 0.000613470706846 0.00669002514995
0.0395490455381 0.00468259918079 0.00540110836818
0.00313589340495 -0.00191674637742 -0.00414264719808
-0.00683967218441 0.0149669010418 0.00530810580725
-0.0139408025838 0.00859246593699 0.0176076308546
0.023359886387 -0.00734306483714 -0.0120441038577
-0.0122488738099 0.0285930513424 0.0161579300376
0.0048232050864 -0.0232918135211 -0.0201598539989
0.024092831512 -0.00222939827096 -0.00284338390585
0.0720724334336 -0.0352263027296 -0.017155820378
0.0717488325875 -0.0273916251946 0.0120867166767
0.0736560456393 -0.0595994898939 -0.0250128557635
0.0383297653922 0.00417239387939 0.0415429261251
0.0288227256467 0.028064014784 0.0166304213255
0.00591039272084 0.043326755263 0.0073026713345
0.00737743865397 0.0210552729125 0.0541585834059
-0.0226579221015 0.0181366943923 0.0965576395486
-0.0264684761222 0.00427249955582 0.119046264862
0.0160140680135 -0.0272998410692 0.0440912482395
0.0118678897121 0.00410079644429 -0.00505328964251
0.0371627369482 0.0259325720355 0.0931514699062
0.00566027708373 -0.0163326168251 -0.0152625331146
-0.0372365533928 0.0155460423185 0.0237049133856
-0.0537577830144 0.0219570797055 0.0344293079008
-0.0361958132035 0.0164466312272 0.0270344179712
-0.0334214278682 0.00992398377784 0.0156924620407
-0.0236414315198 -0.00424144731628 -0.00215524581515
-0.0117052638873 -0.0136163550041 0.00946007363143
0.00504942860275 0.00673676034349 0.0137956130293
-0.00573393484229 -0.0219356180878 -0.0277159792891
-0.00440419770036 0.0029111751566 0.0113825505945
-0.004902661882 -0.0151751011084 -0.0279248597668
0.00317665271175 0.00827668615077 0.00819658588408
-0.00900719445834 -0.0229156753769 -0.0298499299287
0.0495336491472 -0.00333108576756 -0.0526522128262
-0.0178989885427 0.00869601503624 0.0146124864934
-0.036469068034 0.0175222778375 0.0225348829674
-0.011507998099 0.0145783611564 0.0120229171193
0.022306550141 -0.000933731450929 -0.0136797536988
0.0017863386299 -0.0155441793851 -0.0217147982816
0.0261443110917 -0.00972550610775 -0.0127683849055
-0.024633320698 0.0311158272032 0.0215130841174
-0.057205835199 0.0324014293878 0.0252822760818
-0.048397308362 0.0263242846721 0.0207056338296
-0.021166366119 -0.000227395935929 0.0115551268724
0.00985648568912 0.00766020541851 -5.62880416459e-05
0.025602288866 0.0120908537309 0.000517352652964
0.0296920319942 0.0212596254833 0.00961993776171
0.0468486087217 0.00602761866052 -0.000112388064442
0.0635276398975 -0.011118797332 -0.0137914281412
0.00832290687007 0.0316352101033 0.0194267085042
-0.00401035459475 0.0356520561049 0.0212043949124
0.00232130348883 0.0328374643042 0.0169994140948
-0.0162005425925 0.0316889664602 0.0211817387804
-0.0338620792605 0.0395444808661 0.0317177597921
-0.0293526376774 0.035545316494 0.031556049575
-0.0388753670994 0.0319474050208 0.0884021976936
-0.0313877539615 0.0514834787975 0.0340923511641
0.0061395187016 0.0232011833989 0.0135607066813
0.0060556372039 0.0201031601906 0.00496750916014
-0.00196303916111 0.027624886894 0.00565308274915
0.0450831053777 0.0147721398776 -0.00442808386708
0.0293899944557 0.0152295177626 -0.00319937603743
-0.0294165294212 -0.0108230691737 -0.00528681998249
-0.0273257291288 -0.00599167447598 -0.0137270875846
-0.0117431093063 0.0366548277914 0.0224038144778
0.0335877176442 0.00103196790167 -0.00964480949479
0.0370085199085 -0.00288360072233 -0.012562711842
0.0226179980779 -0.0233131854003 -0.0259433374957
0.00525617556865 -0.025856442026 -0.0169555139048
0.000412248893913 -0.0028437189064 -0.00161863709262
-0.0106109813823 -0.0160635176372 -0.00280130289913
0.0479114638954 0.000861976372959 -0.00817373221258
0.0523576821037 -0.00907913607882 -0.0133124434812
0.0317827075322 -0.0055995433009 -0.00775964998638
0.0199953637986 -0.0147858238682 -0.0220174321448
0.00226298948717 -0.0180147290197 -0.0230407521235
-0.018233839259 -0.0187337082343 -0.0103446767238
-0.0200977789624 -0.0284034859183 -0.00967221154309
-0.0326633194342 -0.0146941556016 0.014305453081
-0.0204192381633 -0.00754420672252 0.0158296991651
0.0202774699418 -0.00279337267045 -0.00780912565239
0.016930343314 -0.00494414966762 -0.00733767860928
0.00475429744129 0.00582870284584 -0.00839672626464
-0.00461088365188 0.0435064303401 -0.0179187605758
-0.0490566885604 0.017786847899 0.0285273052615
-0.0317299326305 0.0141813798642 0.0221056052245
-0.0172920976342 0.0100468079952 0.016859180674
-0.00268016401059 0.0141137491981 0.0193284675287
0.0129843456778 0.0142015035832 0.0220406773008
0.0465060655015 0.0186951090514 0.0487055410321
0.0356228200447 0.015944864055 0.0497143787089
0.016607728967 -0.017376833836 -0.0525305636796
-0.00841569506658 0.0250399696313 0.083842964525
0.0115918909409 0.0147868369179 0.0328121371742
0.0158897400666 0.0123020274863 0.0187244640435
0.0312802192235 0.00848025161543 0.00555132529057
0.0358434448326 0.0129313836382 0.0408335974018
0.0294838180484 -0.00698792994472 -0.0179353583306
0.0151863081509 -0.0141913413269 -0.0377540456244
-0.0234779387776 0.00165103739748 0.00636084501856
0.00677582453506 0.0113961222957 -0.00453504465764
0.0449025226465 0.0195680799053 0.0450511604485
-0.00871818272003 0.01386108331 0.00315736422797
-0.0275810434537 0.0163309288743 0.0152781732074
-0.00921128575834 -0.00426684878508 -0.00685461472574
0.0188803748212 0.00537394357013 0.0100289415744
-0.018006939207 -0.0114194977883 -0.015989027763
-0.0133816300579 -0.0149776616633 -0.0185115503427
-0.00186078505937 -0.021017137994 -0.0277735787132
-0.00838588523092 -0.00741740140688 -0.0203804223687
-0.0274195279904 -0.0121937467585 -0.0146763678901
-0.00956407620583 -0.0206302491196 -0.0298744218518
-0.00894350233752 -0.0260499533473 -0.0257607285445
-0.00565924113889 -0.0236156859057 -0.0345329547112
0.00554612764932 -0.0148280825581 -0.0292604524187
-0.00138696382016 -0.0145203382689 -0.0277101726042
-0.0647182588523 -0.00791383431162 0.0749730856306
0.0133009272479 -0.00237009896327 -0.00606215867285
-0.0350078510287 -0.0152672883952 0.0124943800496
0.0754217550676 -0.00502596862846 -0.0533070691194
-0.0449777118456 -0.028141195839 0.0056101509005
0.0424189475903 -0.0164938044808 -0.0424321007834
-0.0339262402098 0.0249180828326 0.0835522473074
0.0186718466578 -0.00336482090309 -0.0237699749902
0.0403866881223 0.0130254705501 0.0242071941032
0.0349971769155 0.00187959891223 0.00861271041563
0.0152875518972 -0.00204778949555 0.00922631620908
-0.00063285281675 0.0184532470979 0.0823261145498
-0.0484506134869 0.0179474443165 0.0285669819988
-0.0405304607361 0.0188186183327 0.0259709398303
-0.0468678353759 0.0209933095513 0.0309378060024
0.00473417944923 -0.0125906530571 -0.0244774450605
-0.0410130528833 0.0097142234938 0.0190241910571
-0.0236706608953 -0.000712479248317 0.0021455431194
-0.018574562613 0.00458068283948 0.00512325676815
-0.00993108930519 0.00560549112098 -0.00139263472757
-0.00441918877023 0.0146100189258 0.00700793997135
-0.00973333158312 -0.00533737715771 -0.0069793480441
0.0464563339579 0.0231343352876 0.0661180037034
0.0262418550458 0.0215468330141 0.0708256708478
0.0442455554477 0.0224866200556 0.068381663186
0.0298778603074 0.0241208808832 0.0849204380581
0.0180953926007 0.0168345724323 0.0613759679324
0.00289454149553 0.0278985269865 0.102394743825
-0.0142471809653 0.0212174009226 0.0870394330623
0.0421101355917 0.0146918398522 0.0398991700567
0.00547014004702 0.0217930935732 0.0563840915718
0.0323488283358 0.0143034535035 -0.00788799431352
0.0444509957202 -0.00321811101678 -0.0582214543895
0.0690162085978 -0.000291543051641 -0.0740046186703
0.0324829869789 0.0073911861154 0.0193506126299
0.0257975871657 0.00718781813218 0.0212879554779
0.0170312824368 0.00584283980078 0.0212097922885
0.01210661386 -0.00538273691668 -0.0240998820956
-0.00730502474292 -0.0156319930919 -0.029829511217
0.0192090781156 -0.00133024311068 -0.00397528462293
0.00317879158893 -0.00984844299971 -0.0215049733838
-0.0143217517661 -0.016077681285 -0.0206468102208
-0.0150015780408 -0.0186881311065 -0.0205493228051
-0.0232423421687 -0.0162160708418 0.00734614282123
-0.0452372928374 0.00142124258214 0.0653815465451
-0.0468281940253 0.04572937264 0.0894683521849
-0.0146993313411 -0.019965837248 -0.000258039555357
-0.00764269079211 0.00868888152853 0.0423563775501
0.0699427701752 0.00913163313658 -0.0310532917933
0.0623306186607 0.0373940918659 -0.0021518710775
0.026904195862 0.0681384707078 0.0430638870884
-0.0256431225572 -0.0192061834932 -0.0124401412855
-0.0564757872522 -0.0187298931187 0.0374978033991
-0.0502757703766 -0.0346523864999 0.0299090248995
-0.0251380863311 -0.00145005262323 0.0459454827511
-0.00678795568585 -0.0334308491132 -0.0341999020024
0.0338576078533 0.00525165782633 0.0132435635708
0.0124987011493 -0.00543515455175 -0.0140567170412
-0.0021642446218 0.0178083056746 0.0447608385288
-0.025630505133 0.0101787552827 0.0512810979136
-0.0323512432273 0.00266403877857 0.0358146037809
-0.0359537526678 0.00212223108058 0.0208758827007
-0.0200180804589 0.00189843555781 0.015948262198
-0.0158609247037 0.0178295842155 0.0638940669271
-0.0218280410574 0.0149851910973 0.0684820771399
-0.0276000100728 0.00801297754622 0.0565380697942
-0.0354576700955 0.00312398983577 0.0392194358222
-0.0150654941101 0.0048623720151 0.0381072165446
-0.00911000562416 0.00265443835241 0.0211339191818
0.00736902299516 0.00426712286986 0.0112458094814
0.0243628392296 -0.00302968579147 -0.0201043552739
0.0191008964778 -0.0180012224822 -0.0456035144526
0.0390946250227 -0.00938223978703 -0.0481423944291
0.0400205565738 -0.00182790285669 -0.0466193590434
0.0257434682529 0.00150868018649 -0.0327038295824
0.0440402053876 0.00807870158712 -0.0206292029861
0.00670526364777 -0.00508020941622 -0.0402195426189
0.000619552873398 -0.019603601782 -0.0523780081822
0.00245926354308 0.00381634670987 -0.00982510151164
0.01148240898 -0.0294639129878 -0.0620186447253
-0.00225962917039 0.00825523004782 0.0446650959562
0.0434191289703 0.00231896383846 -0.0309336202226
0.0171529142711 0.00429327364515 -0.00447306153738
0.0398669573353 0.00765065127235 -0.0152482072948
0.000531973236724 -0.0104517542943 -0.0146514237418
0.00532830698365 -0.0114395127766 -0.0163399579364
0.0158091037007 0.00365380372023 -0.00981810834006
0.0520004795339 0.0107823262094 -0.0204962263111
-0.0525171279683 -0.00877282251813 0.0519033452429
-0.0133524978075 0.0124206951225 0.0408696662731
0.0137270803712 -0.0236473122977 -0.049331883192
0.0538028350202 -0.0158206595999 -0.072455948976
0.0552634233568 -0.0114972111591 -0.0637757723282
0.0651633642291 -0.00900419244317 -0.0754079558598
0.0733290341411 -0.00540193690002 -0.0612196771456
0.0591129834905 -0.00136723362783 -0.0298044364565
0.0772051428312 0.016156337992 -0.0188241641421
0.082341447858 0.00802616790944 -0.0333693992209
0.0348588521363 0.00156356285812 -0.00423751336244
0.0253831836402 0.0507685213653 0.000806490025617
0.0257717340424 0.115473131991 0.0125121653222
0.0713771917083 0.0369847286696 0.00104659010919
0.0695265375545 0.0494728613135 0.00288929979823
0.0407257747292 0.0714849501219 0.0196129647158
-0.0305452229631 0.0851763520994 0.0819668969816
0.0244251673896 0.104405944296 0.0351040672058
0.0373919893868 0.0777237922388 0.00304977293419
-0.022840170745 0.0921708812561 0.0280310474664
-0.016374075705 0.0851079880243 0.0784134995294
-0.0110915637558 0.04252855367 0.0712571710338
0.0545181004338 0.0427090283685 -0.00734896579575
0.0292022318291 0.0187243817105 0.00383332937668
-0.00565304339347 0.0229573761102 0.0269563740721
-0.0436177002779 0.0221284815954 0.0704651156765
-0.0605378834227 0.0139432066376 0.096376858084
-0.0453732084362 0.0265017642128 0.0928506747436
-0.00880779599467 0.0581041671236 0.0191833808177
-0.034988440151 0.0574926141278 0.0962031232122
-0.0397754047738 0.0534278259878 0.0952641655325
0.0142865903993 0.0917613704976 -0.0052392751389
-0.00546291131094 0.13441540408 0.00397786118057
-0.0210991858209 0.0104475810403 0.0143397853279
-0.035457283195 0.00629494914346 0.0146640256564
0.00186885932917 -0.0174894566793 -0.0265321480175
0.00134311928573 -0.018697198349 -0.0231014966922
0.0117253654178 -0.00320493490092 -0.00521386341685
0.0513261244575 0.010139561226 -0.0276121374632
0.0368389818687 0.000909845092845 -0.0376375775069
0.0627401625427 0.0016545065638 -0.0468608907311
0.00886294743244 -0.00534882308346 -0.0294603077707
-0.0125501894136 -0.0109224343221 -0.0240182753406
0.0180981316507 0.00358116802009 0.00770051534818
0.0584674757955 0.0234040995153 -0.000950742466543
0.0317357413691 0.0130568792316 -0.00313136059721
-0.0137842952007 -0.00436067361382 -0.000111681794436
0.0447987912474 0.0194303991343 0.0501160354763
0.0183369986513 -0.00202556246198 -0.0306481900986
0.0211466833169 -0.00165333966033 -0.0320629448002
-0.0144224056263 -0.0072067148588 -0.0143915245711
-0.0281325088128 -0.00579648547902 -0.00130471367498
-0.0372664775793 -0.006441147059 0.00263600160593
-0.0346043172514 -0.00462802365963 0.00108354725998
-0.0165505371456 -0.0135923431097 -0.0197261420192
-0.0426821810102 -0.00209979537429 0.0176239215584
-0.0380651587313 0.000520502908314 0.0307595448143
-0.0295564899047 0.111965581239 0.0519680179062
-0.0378602136872 0.0771112314126 0.0711934638922
-0.0237586345611 -0.00444912778018 0.0397354830156
0.0405051771994 0.0127975567977 -0.00158017405614
0.0632360375947 -0.00820940602573 -0.0065406949625
0.0583263993582 -0.00497879907676 0.00207070331974
0.0451771159669 -0.0152377948018 -0.00642855585224
0.0391117912818 -0.0244859089646 -0.0163949305483
0.0608133403137 -0.0149740527207 -0.00922763550014
0.0744785040579 -0.0296939389592 -0.0167780646397
0.0778868403196 -0.0250185581897 -0.0162167295641
0.0800727631318 -0.0320950533759 -0.018153473092
0.064099229259 -0.0253708912453 -0.0125783358667
0.0472579937973 -0.0254177537342 -0.0154799966715
0.0300809295162 -0.0282716275256 -0.0270368551097
0.0488834385863 -0.0174651608682 -0.0111588171943
0.0746914459258 -0.0283883332093 -0.0140240436666
0.00877807028594 -0.00928979847142 -0.0115291179519
0.00297858079407 -0.000536789720482 -0.000273501447782
-0.0134742237444 -0.00189971432457 -0.0014093718645
-0.023575983034 -0.00536781368473 -0.00657182788053
-0.0111458887574 -0.0119804345099 -0.02375679472
-0.0414663777098 -3.70971106765e-06 0.0086914537586
-0.0362614194693 0.000924709796813 -0.000875663928476
-0.0452198891435 0.00387632535948 0.0208871453398
-0.0184314292394 -0.0112165210839 -0.0343692282759
0.0502567129579 -0.011890677967 -0.00612951887228
0.032656370788 -0.00134173281113 0.00122433889989
0.0391372209527 0.00520104219566 -5.34362525989e-06
0.0155450497856 0.00277134834543 0.00632519618744
0.00589473275076 0.00537650155144 0.00551304080875
0.0196830910622 0.00385206729442 0.00229164933223
0.00650606869147 0.0101633443178 3.4606237191e-05
0.0258513247626 -0.0228913711495 -0.0216864261102
0.0122393315273 -0.00502522410032 -0.017086491856
0.0184308561881 -0.0123000564753 -0.0261994636125
0.0259264450236 0.0132058832377 0.000846181386119
0.0224891846804 0.00819990580826 -0.0034616522373
0.0268600498835 -0.0089774464302 -0.0154608077137
0.0327474200441 -0.0264236255704 -0.0300586957258
0.0152556780132 -0.0104345256661 -0.0109821734273
-0.00567054103094 0.00996477904021 0.0569268569678
0.0068359439416 0.0079393188366 0.0398636889279
-0.0235724328011 0.0424741412995 0.0209042215143
-0.0405669175966 0.0526455840254 0.0262735233003
-0.0386762205292 0.034819141838 0.0241412701532
-0.0500497835563 0.0610104791074 0.028866059437
-0.060523111405 0.0611386269512 0.0309445976196
-0.0413319107169 0.0558859816893 0.0236492779766
-0.0149724031036 0.0356763031424 0.0166181497466
-0.0687442009448 0.0576235475684 0.0311907276728
-0.0618840755493 0.0491994626194 0.0289713620083
-0.0443657823876 0.0487799598991 0.0243746485163
-0.0273642884843 0.0286013254682 0.016240500444
-0.00501438893948 0.015513655619 0.0114695417176
0.0216200308964 -0.000661479377752 0.00908877312037
0.0315058740001 -0.0165722225197 -0.000193126765043
0.0500351574413 -0.0273411283736 -0.0127149968893
-0.00106218790742 0.02530490084 0.00751410672798
-0.0644948936855 0.0495551278849 0.0278992603855
-0.0289746662516 -0.00376930282387 0.0062231992318
-0.0367920537268 0.00850933437382 0.0184870420666
-0.0390052294643 0.000794808986374 0.0119702597417
-0.0437028924833 0.0145017301326 0.026624762317
-0.0246176068601 0.0098677298646 0.0206628829123
-0.0126847512198 0.00289941562837 0.0132019200926
-0.0322975462629 0.000232612808593 0.0112885087039
-0.00177965125677 -0.000591911966553 0.00634056808201
-0.0400833888376 0.0452030767096 0.049777642209
-0.00189202684473 -0.0316833070771 -0.0193902109746
0.0162513177801 -0.0396052108008 -0.0306293088653
-0.0089115821228 -0.0465428282634 -0.0263006985058
-0.0336093586674 -0.0369043618723 -0.0154846478951
0.0132814731013 -0.0182403912241 -0.0181353642155
-0.0298372142146 -0.0489683258993 -0.0228373661231
0.00454257790121 0.00263367440862 0.0117183628481
-0.0272403022488 0.00458538761604 -0.0316150430681
0.000946920115438 -0.0189609549431 -0.0253438056372
-0.0080099268248 -0.0222636499704 -0.0301718949052
-0.0102314242623 -0.0202687393339 -0.0299804237399
-0.00866737514918 -0.0258912963623 -0.0309707976207
-0.00483883972155 -0.0219816222692 -0.0333197034095
0.0449685530971 -0.0405820367026 0.0139985399252
0.0598323233692 -0.0556886933205 -0.0189512763844
0.0458752343197 -0.0445407666554 -0.0205319269225
0.0264105777005 -0.0316220234996 -0.00496317979559
0.026553159978 -0.0138028582269 -0.00468266295295
0.00343711269547 0.0156118090431 0.0205415163401
0.0388532447073 -0.0310297538873 -0.0210212512707
0.030021802244 -0.0275278517636 -0.0196954257058
0.0091439833318 -0.0006676061433 -0.0092072310972
0.00177744116254 0.0126888496577 0.00919592305182
0.0650145716613 -0.0492347517001 -0.00287242893363
0.023922331134 -0.0234646352356 0.0666203373586
0.0223002183673 -0.0111827963059 0.0800557665678
-0.00486277920481 -0.00524178638044 0.106224189948
0.0214058579399 0.033740964033 0.0376304685248
0.0155530066554 0.0133638368556 -0.00461831998115
-0.0381419033745 -0.00903207979927 0.0086495217782
-0.00115004507085 0.0278353330465 0.0991309230103
0.0412142071654 0.000544887165538 -0.0476088901479
0.0351080593592 0.00617947201708 0.000159120593723
0.0286127821813 0.00286155955628 -0.00226113467441
0.0324980768639 -0.00775997792493 -0.0162302985656
-0.0312792567174 0.0203467462054 0.019935333621
0.0563996642907 -0.00455615145853 -0.00400526186809
0.0490020928473 -0.00788343622012 -0.00076375675448
0.0290680504787 -0.00163224068561 0.00870578300299
0.0387142024478 -0.0147556347445 0.000500069390181
0.034879185706 -0.0278080434278 -0.00387315236221
0.0379909885025 -0.020936621624 -0.00695161298029
0.00765912578784 0.0508217232099 -0.0192513082441
0.0175658436719 0.0450256343337 -0.030393627205
-0.000470759461459 0.0606912445529 -0.0338617900795
-0.0107399549639 -0.0171309393949 -0.0377772862756
0.0323736117757 0.0081270596675 -0.00278782000981
-0.0354246361435 -0.0166870014956 -0.00279293797562
-0.0403926738437 -0.0137054481551 -0.000621736325019
-0.0390108459514 0.00521435851139 0.0123436327168
-0.0314595808344 0.0168343407679 0.0198478066154
-0.0271754954536 0.0231484749946 0.026523919707
-0.0126115240218 0.0260675592433 0.030561671331
-0.020824235513 0.0239892836218 0.0212161732355
-0.0105637065963 0.0209771247243 0.0101065037641
-0.0344514868395 0.0128641676761 0.0193875950598
-0.038354275096 -0.0108425748704 0.00126030647917
-0.0401546385456 -0.0121701024146 0.00125878240232
-0.045986657797 -0.0447972820221 -0.0212873764796
-0.0281088178896 0.00610413848225 0.0119131552722
-0.0364904633021 -0.000761705127945 0.00470151943012
-0.0309376174705 0.011967300576 0.0130025065146
-0.0366344469547 0.00471519656949 -0.000143702551964
-0.0540751385464 -0.00754008317962 0.0708895260076
-0.0279608394256 -0.0209002649236 0.0308441531067
-0.00347858822608 -0.0324046590413 -0.0134659020611
0.00708249747695 -0.0129843101125 0.00911501081073
-0.020750095009 0.0236914538559 0.0211932497103
-0.0095074057291 0.0219907266583 0.0175312615867
5.00276574936e-05 0.000587098529697 -0.00015164689907
-0.0157210245715 0.00737984509294 -0.00967928273545
-0.0391246423529 0.00730620878742 -0.0266979926725
-0.0114915681633 -0.00175534363163 -0.0128345366815
-0.0124519507354 -0.0108916211581 -0.00572251354202
0.0300608585985 -0.0167531490537 -0.0136340694649
0.0351732430676 -0.0171837007479 -0.0161903170153
0.0126408631283 -0.00569417139714 -0.0040867855218
0.0424216521297 -0.0387123479461 -0.0308520518463
-0.0277984005372 -0.0363168445345 -0.0243109295184
-0.0306913899795 -0.0144031964097 -0.0208688280231
-0.00158188945416 0.0189960030541 0.0220084702058
-0.03754387284 0.0172515601192 0.109089031287
0.031958065633 0.0151543853829 0.00817994161536
0.0203552923833 0.0178307928818 0.0135257534555
-0.0444611837353 -0.00249624487329 0.0224820351638
-0.0351516129187 -0.00498341828487 0.0180692800557
-0.0170576432991 0.000122874683643 0.018441888087
-0.0141182032011 0.00185813206745 0.0113315211235
0.0149815945063 0.00840641138118 0.00212823001468
0.0405388741595 0.0123293420904 -0.00471270287254
0.00314587912013 0.00475005314971 0.00539543049497
0.0464631872474 0.011606383807 -0.0055867830737
0.048402787831 0.015353803509 -0.00748174085943
0.0298156827257 0.0169116245661 0.00465428817609
0.0295332726095 0.0180608294741 0.00152758636543
0.0328246513772 0.0144644208155 0.0324550732796
-0.0271372237979 -0.00132649203903 0.100451181908
-0.021887690878 -0.00835211992827 0.0821018842141
-0.0425262438876 0.0222940250606 0.0319788180458
0.0241251555222 -0.0108636374627 -0.0332282034047
0.0042745628612 0.0132811396921 0.00688341421155
0.0538992067363 -0.00742636031327 -0.0715915945105
-0.00249429311001 -0.0154507455827 -0.029107697248
0.0216120570133 -0.00630716162339 -0.00604676506474
0.0362401748325 0.00199571581657 0.00935657948363
0.0167158112191 -0.0188248342642 -0.0329148424291
0.013091774254 -0.0150207017141 -0.0247474971187
0.0504141123881 0.0066556745031 -0.0458458828905
0.0287002162594 0.0108327027686 -0.00997153071145
0.0411308460483 0.00387160019958 -0.0437715532399
0.023782400975 0.00252364836086 -0.0286259507615
0.0592568268765 -0.00247132727115 -0.0702387582895
0.0605683186934 -0.00660903440941 -0.067855985023
0.0135706003662 0.0131635016566 0.0100025523838
0.00873356514541 0.0248586944041 0.0927085362703
-0.0339419324034 0.00400786420364 0.01182105358
0.0148562036246 -0.0146829799584 -0.00935904267092
0.0209474616282 -0.0237738185558 -0.00377650785573
0.0211989742747 -0.046281349034 -0.0363804699564
-0.0466280834405 0.0319869289198 0.0270585740585
-0.0193385973281 0.0153973881209 0.0133801952642
0.0228661431178 -0.0118136900418 -0.0285136184392
0.0201184907586 -0.0133537296726 -0.0387228667218
0.000478417866661 0.0252743939427 -0.0124079361332
-0.0203622126108 0.048184527521 -0.000921867356641
0.016572770752 -0.00119252231157 -0.00954276806289
-0.0256390260155 -0.00790263872118 -0.00946691065921
-0.0187199558984 -0.00817520391315 -0.00811687171007
-0.00961631309471 -0.0150635072699 -0.0184961651003
0.0282458945821 -0.0151296785768 -0.0546134703775
0.0176764731995 -0.0245089664879 -0.0644165995652
-0.0046161240741 -0.00804981789159 -0.0164685380323
-6.94896466581e-05 -0.0149939319959 -0.0312593372196
0.00889141277469 -0.0188039091578 -0.0402762359009
0.014750542957 -0.00365502265409 -0.0125249703873
0.028502526937 -0.0213097431129 0.00278736351133
0.0181360362042 -0.00292519276021 0.0103710110861
0.062790612588 -0.0301859783997 -0.0166868489317
-0.0313148238032 -0.00428383834339 0.00711705397435
-0.0243458109392 0.0046114867936 0.0085144947513
0.00958685750445 -0.02823855529 -0.0210898099361
-0.00517712372717 -0.0429953629547 -0.025193399192
0.00913907213879 -0.0401368433645 -0.0273801757447
-0.00145036871966 -0.0562578516458 -0.0339965281002
-0.0211323872795 0.00659864721289 0.0169469460367
-0.048010760321 0.00848687987369 -0.0404298281577
0.0417687131467 0.0214426370714 -0.00747795738122
-0.00359139878182 0.0543787236744 -0.0303301473702
-0.0121994152067 -0.00610969057642 -0.0129845134379
0.010605716121 0.000540160586501 0.00132762643483
0.021015191721 -0.00919166884408 -0.00809859854046
0.0107167491809 -0.016120331395 -0.023501534682
0.0139892329488 -0.0236971601615 -0.0493110278864
-0.0701910126239 0.0427127941546 0.0302740111011
-0.0728726534985 0.0451690474578 0.0313032155784
0.0600120151984 -0.0606355405887 -0.0398763006241
0.0334614859573 -0.0283792779237 -0.0521730428797
-0.0122154152104 -0.0230698868137 -0.0330372848312
-0.00182089221958 0.0127931165214 0.00386693264249
0.0207819089103 0.00731374072477 0.00460941539964
-0.0175236879095 0.000721575144605 0.0216214195046
0.0321226471928 -0.00601576058013 -0.0062960296236
-0.0124406731651 -0.000970344525117 -0.0348698479782
0.000317279880053 0.0208119329735 0.0173502232377
-0.0223836983938 -0.0655848638758 -0.0348485540565
0.0184500674341 -0.00717259781367 -0.004620529025
0.0213490159868 0.0268766611675 -0.0240952804029
-0.0374386120075 -0.00484983917499 0.02588263849
-0.0122724121458 -0.0098735831241 0.019588421534
-0.0191468779621 0.00133531840926 -0.0498319145893
-0.0347123556133 0.0154708394297 0.0236636867906
-0.022099407974 0.0177492957753 0.0108274948214
-0.00761285731582 -0.022883209222 -0.0154428761346
0.056613952521 0.0126149688906 -0.0108767564406
0.000113826912532 0.00175316119916 -0.005386762057
-0.0556447806295 0.0415220688459 0.0352336331958
0.0378389275616 -0.016944038885 -0.0232932064425
-0.0443424317201 -0.0380526172738 0.00309688806213
-0.0214049919168 -2.20942085112e-05 -0.0293155556449
0.0269140689383 -0.0236103583888 -0.0255918876852
-0.000999204464725 0.0290693934348 0.012105503992
