-0.084736249266 -0.0541448311887 0.0344454877367
0.0582873482388 -0.0567193182612 0.0157471209859
-0.00132085867604 0.00215427721746 0.0125187973665
0.00907528499372 -0.0240374980661 -0.0163024774359
0.04397307335 0.00170627159011 0.00290471121098
0.0555244704493 -0.0439469591145 0.00994392649236
-0.0648030114595 -0.0119660904543 0.0751786215486
-0.0755825693865 -0.00141189210884 0.0432952926937
0.0508391718264 0.00456022324449 -0.0193848149693
-0.0491079215569 0.0155993884334 -0.0381450514844
0.057974865175 -0.0446084593903 0.0074162325476
-0.0244357576427 -0.00153998338639 -0.0499401841382
-0.0118375557483 0.0416817941537 0.0395705126033
-0.0732553117558 -0.0122307122362 0.0581345583725
-0.0445697660602 0.0332523098283 0.0287169443861
-0.00455629616958 0.00951716603948 -0.0506346561975
-0.00616098856171 -0.0147430669421 -0.0324436199059
0.00418555150027 0.00624058929278 -0.0253703476351
0.0260677080271 -0.0133146820993 -0.00928379076538
-0.00654017856194 -0.0154569094636 -0.0375746248315
-0.0327487921958 0.0219629477514 -0.00334906698696
0.0176600872632 -0.0287987263559 -0.0168668561124
-0.00193805806948 0.00916854410541 0.00741467603731
-0.048625150261 -0.047424003267 -0.0144945305685
0.0199622006025 0.00820684133799 0.00195334451549
-0.0386136765973 0.00363064625124 -0.0482908789081
0.0170575445784 -0.0163696976079 -0.00179153526254
-0.0452760559325 0.0193758495387 -0.0256643320409
0.00736468654072 0.017783781999 0.0157122873588
-0.0165167025077 -0.00832883047164 -0.0441705715587
-0.0289754054107 -0.00091918549773 -0.0558053498312
-0.0251245176203 0.0118633382585 -0.0712707027766
0.00555538900766 -0.0221666420381 -0.0260948466216
0.0215615430339 -0.026125117418 -0.0143743932668
0.0647825849582 -0.0467821283247 0.0101103031478
-0.00313194707444 -0.0188912707804 -0.0309909465676
-0.0371947382761 -0.00359285429595 -0.0482580875889
-0.0163451785615 0.000386606273145 -0.0327331665564
-0.0193091646726 -0.00881373393952 -0.0507989299284
0.000331398170689 0.00839372140804 -0.0112805427174
0.0671323171399 -0.046666752286 -0.0293704974483
-0.0117974045977 0.00431549448218 -0.000724319814406
0.0365442809078 -0.00635238435396 -0.0119551752534
0.0478410200811 -0.0434681265853 -0.00580679861553
0.0174415876358 -0.0204074646298 -0.0131299021377
-0.0108062547288 -0.0165668829864 -0.0401135332963
-0.0960655504903 0.0715714039378 0.0465621369025
-0.0302668037612 0.0069778702088 -0.0703025401833
-0.0172573631354 -0.00616251460803 -0.0357445305743
-0.036107295605 0.00952143474169 -0.0443808770818
-0.00969994451207 -0.0105848767939 -0.0262915594118
-0.0132712056886 -0.000192643100016 -0.0302071220971
0.0254222996668 0.0151842754609 -0.0125587277439
-0.0360263571766 0.0167822165062 -0.0192254798728
0.0159489367097 -0.0154216628963 -0.0251415760847
-0.0334518344253 0.0633769519665 -0.0103011961233
-0.0447539951762 0.00602007066424 0.0106790564893
-0.0547786239462 0.064931030554 0.00507945721662
0.00812658331353 -0.0113878705654 -0.013575931565
0.0737949959938 -0.0467889969007 0.0184474688118
-0.0425220212353 0.0204262936677 -0.0292782468588
-0.066329844403 0.0200409274973 0.0134979653937
-0.0421777644026 0.0212868699766 -0.0444165875003
0.00606463907732 -0.0201469121307 -0.0224751471113
-0.000429381658442 -0.011979455287 -0.019165011773
-0.00399796917517 -0.000839646054678 -0.0143478712349
-0.0012441535504 0.00597297041156 0.00530394753972
-0.0344378822471 0.0398731530469 0.013370113597
0.047035597353 -0.0227877930562 0.0158971363676
-0.0422069982831 0.0536218564841 0.00514847080134
-0.0414430971984 0.00652774010008 -0.035636330357
-0.068449865137 0.0239902614134 -0.0258726053498
-0.0497977003563 0.0391831901335 0.0326769058543
0.00167461382018 -0.0345138789359 -0.00282090319269
-0.024125764703 -0.00329865441705 -0.0547438511922
-0.028530651011 0.00628686761228 -0.0742303804911
0.0328107922215 -0.012706619849 -0.00484918151633
0.0468441310864 0.00984065804268 -0.00719299092122
0.0191060352609 0.0065159453967 -0.000889771220685
0.0234790498817 0.0207515472845 0.00275649763442
0.0125512520784 -0.0132387014086 -0.00166100617713
-0.0262273149835 -0.071499792376 0.0667687383485
-0.0576150607964 0.0411470712961 0.0064274948065
-0.129226438215 -0.0879679359967 0.161100338809
0.0450399782507 -0.0402113020032 -0.00219557244033
0.0335770657755 -0.0345701344449 -0.00976301244293
0.0630850355368 -0.0423209479962 0.00457147701517
0.0261750711146 -0.0131480826602 -0.00805531632119
-0.0201533433782 0.027046555997 0.00176404098209
-0.0218703342491 0.0100745732444 -0.00268471146528
0.0172914572807 -0.0325548504605 -0.0440184959554
0.0202010523851 0.0151343342746 0.0152856695584
0.0273556818273 -0.0223625015261 -0.0423174668765
0.134954815458 -0.00953831293539 -0.0065940799411
0.0170335063216 -0.0135342876346 -0.0105632161383
0.0163900313148 0.00783023695405 0.000823138438153
0.0163950235084 0.00867130053658 -0.00322685591853
-0.0586328894741 0.0221263342005 0.0373498573423
0.0226959497305 -0.00391039405236 -0.0110953936497
-0.017497116033 0.00827940269386 -0.0426250382429
-0.0340360042502 0.0187374372324 0.00719900854936
-0.042219181782 0.029814376813 0.0402456178879
-0.0165040570656 0.0116555737973 0.00884792074222
-0.00692026792767 0.0136626226123 -0.0245919947563
-0.0117316837372 0.0329736910975 -0.00297219889288
0.163814189696 -0.0584459709158 -0.0194242212376
0.00866767658315 0.0162371427923 0.00888323324112
-0.067664575452 0.0428900712086 0.0198178287896
-0.0777054003707 0.0274850335033 -0.023349217156
0.0291943385395 0.0229147506973 -0.00221878034572
0.0196543830498 0.0478437142246 0.0267781944325
0.0304150746659 0.0203491679343 0.0102637981446
0.000737884129031 0.0201242851373 0.0071167696595
0.0122575363827 -0.000402627297866 -0.0123703896049
0.0265541534808 -0.0376629910561 -0.031483580155
0.0453495449145 -0.0560223115151 -0.0513805386035
0.0186879326564 0.066147984391 0.0641510966584
-0.0376242763285 0.00748997927298 0.0460649292046
0.0338013323187 -0.014605796092 -0.0205422282304
-0.0528851623718 0.0410180720687 0.0741155909426
-0.0508705783349 -0.0216403704901 -0.00359661191442
0.0430332477385 0.0105183053816 -0.00722015180168
0.0211023966283 -0.00209152867074 -0.00546299301165
0.0359617631281 0.00976991570602 -0.00274226733531
0.0281878559105 0.0154318042792 0.00391020664623
0.0185531822709 0.0139106462588 0.00405116300831
-0.0144072321246 -0.00774216753212 -0.0114961125251
-0.0430817246573 -0.0406124135963 -0.0266956353417
0.0262416254436 -0.030516671949 -0.0391011631845
0.0623050545255 0.0201112007844 0.0112395241667
0.02096027644 0.0103387487928 0.000771539557992
0.0285562547239 -0.00153129550719 -0.0176194222579
0.0375501967238 0.000207577471368 -0.0191445135661
-0.040696360192 0.033157826657 0.0498011576075
-0.00540098867151 -0.0123144868267 -0.034363338378
-0.0467590458502 0.0173139755602 0.032025005443
-0.0216634261422 -0.0115244434284 -0.0026046218809
0.0590465031994 0.0108878828502 -0.00974235686169
-0.0173344881773 0.0242872482097 0.0271481094924
-0.0175698753453 0.00889762872165 0.0125846488092
0.067267531835 -0.00156694742658 -0.00253157756281
-0.0196192998161 0.0158065663356 0.016651872482
-0.035268254573 -0.000265538234413 -0.00316364585698
-0.0201836024541 0.0505078823316 0.0317329620902
0.0180330950506 0.00516822918906 -0.0140262709915
0.0404416721619 0.00313788967074 -0.00690053187717
-0.0527076031185 0.0412787129718 0.0162644641164
-0.0720898248402 0.0187476351515 0.0156783403754
0.0141489340243 -0.0494265952143 -0.00843423108691
0.0146583092669 -0.0478604974608 -0.0401439246376
0.00483174115775 0.00528692960393 0.00219109079145
0.0783437383791 0.0040727671708 -0.0205474624001
-0.0352989187037 -0.0206605421591 -0.0241090351556
-0.0541409488177 0.0015423917394 0.0151476415113
-0.0659436005694 0.0221483950828 0.00876621919062
-0.102058812115 -0.0781974301189 0.0970381666172
-0.119855989384 -0.112344512105 0.125399207278
-0.0641791723621 0.0467257523227 -0.0191334551243
-0.063054306993 0.0794393637365 -0.0136419238371
-0.0729103918289 -0.0220879205215 -0.00609574806473
-0.002466810843 -0.0305898906648 -0.00490722256337
-0.0590084243342 -0.0708757647672 0.045059148606
0.127159411811 -0.0288020966789 -0.0103247603733
-0.00984373651524 0.059330542872 -0.00597794831522
0.090749119572 -0.031989637972 -0.00862417144365
-0.0328586037049 -0.0891116582229 0.0735722290984
0.103046372899 -0.0694414353611 0.0134660058991
0.173551916779 -0.0447839523374 -0.0130621837426
0.157764282671 -0.0226013136223 -0.0130427737732
0.0247015369681 0.0325845205437 0.018451153352
0.123087720464 -0.0281912253113 -0.0154493336004
0.0715085095614 -0.0320604013963 -0.0186344417309
-0.0130335807536 -0.00180028808662 0.00234887669396
-0.0233995257338 0.0171106434972 0.0104746619967
-0.0706696166467 0.0501781272262 0.0270822197318
-0.108754033424 0.0682282452155 0.0413300726226
-0.0726781902127 0.0404040195901 0.0293599759275
0.0214916100113 -0.00952680302449 -0.0167477260976
-0.0819541691968 0.0428019271869 0.0240651792589
-0.00713030195446 0.035227327803 0.0190678174532
-0.0381555780558 0.0404367264999 0.026483359413
0.0411588509042 -0.00475873004393 -0.0140062771763
0.0606174138181 -0.00413889485628 -0.00485857279067
-0.0219852565571 0.0109327295216 -0.00350224254441
0.0310186695983 -0.0278393346263 -0.0344195610542
0.0553919278564 -0.0350871094332 -0.0190250238903
0.00275516354726 -0.0168192225301 -0.0189142406046
-0.0526081691531 0.0410276394827 0.0172811118334
0.00972400507885 0.00925611669852 0.00313559023211
-0.0245727577826 -0.0123468430926 -0.0181097711625
-0.0511541685174 0.0312658185436 -0.00138589633953
-0.0422601437307 -0.0183188653502 -0.0201833254285
-0.0310930151455 -0.000952973932727 0.0165673270462
0.0880540798106 -0.0697660350149 0.00298611894851
0.0291979805981 -0.0477269131116 0.0134146636112
0.130573517906 -0.0633754248444 -0.0283783795917
-0.0649433660367 -0.0421195643115 0.0868986563961
-0.121854843999 -0.0896910890848 0.144968537541
-0.140588019724 -0.110969055692 0.158587801817
-0.116591936007 -0.0561922115327 0.136514123755
-0.0967859693561 -0.0337398628996 0.119043760963
-0.0395274470807 0.00662021310019 0.0378192669548
0.011219054375 0.00389635188916 -0.0138576277169
-0.060558772366 0.0576763268254 0.0343635857726
0.010426927519 -0.0131781512592 -0.0438186757546
-0.0955771739656 -0.0318587781062 0.0117826865571
-0.00351647361922 -0.0419087876489 -0.016835110914
0.0152633392155 -0.00502863065431 0.0136039441183
0.05407924158 -0.0434399587518 -0.0461806991386
-0.0160551200931 0.0492945969623 0.0780309589077
-0.0690831468792 0.0591319018817 0.0876720643803
-0.0301952927742 -0.0550776438252 -0.0366337689627
-0.114077771218 0.0240683533615 0.0674945377667
-0.029067500781 0.00584688377394 0.00605467849714
0.0572608524423 -0.0405871528029 -0.0523717885593
-0.0838994122554 0.0135558734752 0.0363719351475
0.000932007658137 -0.00662480881739 -0.0165143297176
-0.00455907923679 -0.00306664336331 -0.00441062328103
0.00812199641718 -0.0248446751006 -0.0503925228521
0.057491678206 -0.0344362990707 -0.0454840372056
0.0314599250124 -0.0151722214073 -0.014810564022
-0.0322488673796 0.0101189015982 0.0259637376692
0.0139964813261 -0.00297074012872 -0.00557651649061
-0.00784442707085 0.0538917575956 0.0697919665619
0.00506439260087 0.0481984827788 -0.00091505919298
-0.0397826544101 0.0236027565935 0.0118030198618
-0.0233736625086 0.0183242926431 -0.00015951867026
-0.0054299995895 0.00153306138688 -0.00683116748243
-0.0183536208358 0.00961098507593 0.00462467871591
-0.0310346421798 -0.00375868179908 -0.00630843256588
-0.0228096420425 -0.0344749652243 -0.0199463734977
0.0080415755894 -0.05373830626 -0.0248480018162
0.0470385877255 -0.0559243648383 -0.0400184318469
0.0517253679669 -0.0401257121404 -0.0483486387245
-0.0283990705317 -0.0241048089653 0.00268068894209
-0.0391436001099 -0.0302644373894 0.00656324949478
0.0150605790124 -0.0578034033552 -0.00634034174191
-0.0629082506674 0.00408628889485 0.0141138579388
-0.06399077735 0.0354996247533 0.019497006249
-0.0582646954348 0.0522184836066 0.0125935039927
-0.0920837708149 -0.0544213900233 0.122161681196
-0.0982978337959 -0.0738067162281 0.121524605957
0.0645198123135 -0.0468731512997 -0.0087422473479
0.0669828275023 -0.0376719073353 -0.00941241889429
-0.0119191461157 -0.0111952284632 -0.00632875172954
0.0612685476344 -0.0237030772501 -0.0539444620466
0.0836207577947 -0.0165920890094 -0.0498244176829
-0.0693748634143 0.00532927033871 0.024011543473
-0.0711522216766 0.0264370047552 0.055084482089
-0.0407235581402 -0.00945448451507 0.00845410370775
-0.0162129506122 -0.0290937423771 -0.0290649162995
-0.00588248103881 -0.0309487638476 -0.0380512920965
-0.0288243950857 -0.0257756032417 -0.0338219600704
-0.0321522423679 -0.00785448684599 -0.0144274468737
-0.0281263667544 0.00512625374724 -0.0029996879826
-0.0258589071423 0.00349377383233 -0.00358999300489
0.0253290946361 -0.0400276047059 -0.0480081567452
0.0499644498264 -0.0369850328974 -0.0509195389427
0.0449569342656 -0.0244733891881 -0.0359531734932
-0.0160954067097 -0.0339549473843 -0.0444898776393
-0.0333657952461 -0.0282445104677 -0.0328892687158
-0.0605863899896 -0.00616567266392 0.00286064226399
-0.0546644488974 -0.00262799892316 0.00137679038229
-0.0433132678667 0.0152178216532 0.0218444590526
-0.0277955148062 0.015378727209 0.0166985365572
0.0102255205311 -0.026119761503 -0.035269216489
0.0384392786298 -0.00300292719175 -0.00262121102754
0.0217301585479 -0.00339453301612 -0.00164498811876
-0.0684146332692 0.0104503868642 0.0303244744054
-0.00977554007797 0.0146571773771 0.0350241925029
-0.0515177053275 0.0264747803956 0.0543532599859
-0.0981950613935 0.0361527535772 0.0774237839718
-0.0756349384711 0.0209365700427 0.0507022884133
-0.0935002827127 0.0141718917174 0.0509175586226
-0.0534072035671 -0.00409451665837 0.0149598129683
0.00108906282789 -0.000432012403041 0.00200611207131
0.0297434683616 0.00244288898239 -0.0437562027364
-0.00317033975488 -0.0138156648326 -0.0244045578792
0.0275237226585 0.0105909814579 -0.0472757883465
-0.0379623790923 0.00524368445044 0.0181006018398
-0.0174100342277 -0.003808042441 -0.00347612828288
-0.00145951017015 -0.0203741978521 -0.0487428351284
0.0149949589752 -0.00815427852494 -0.0271806464276
0.0265381689733 0.00330072984186 0.00167835490603
-0.101991156189 0.0459556254651 0.0874953034372
-0.0113028864525 0.00174237502691 0.00970992376579
-0.0564030504551 -0.00408610067825 0.0102499506267
0.00582449746444 -0.00239886604266 0.000839020695545
-0.00209264271508 0.00241750022747 0.0106778340772
-0.102602532358 0.0250119528356 0.0636697776116
-0.0772282896252 0.00432464816038 0.0400511212982
-0.0821029910314 0.0343027215827 0.0602119294904
-0.0341904977556 0.0426155235869 0.0510727268884
0.026935775116 0.0332601749232 0.0197198755452
0.0479624853162 -0.00812913093222 -0.0334814297855
0.103932042872 0.0301707289326 -0.000566989387394
-0.0680124916004 0.0152376458797 0.0269052712665
-0.0470262793815 -0.0173647909427 -0.0147877111721
-0.0642226908733 -5.15628806522e-05 0.00689447900932
-0.051522641871 0.00085946861069 0.0148709199088
0.00528372552325 -0.000292467152818 0.00988127503616
-0.053473145849 0.00498864727437 -0.0146036505656
0.0197902269485 0.005082900917 0.0108350086817
0.0088359155786 0.000225755552166 0.00110143285222
0.0307713299534 0.00157649475506 -0.0201565561593
-0.0151465424722 -0.00588883790697 -0.00213660142828
0.0326224287773 0.00258655617836 -0.049388959178
-0.0299566069402 -0.00350315406523 -0.0116782278098
0.00851159043887 -0.0575927862422 -0.0523745850322
-0.0227304102932 -0.0101076005995 -0.0157019453372
0.00624561086241 -0.0156382821888 -0.0439433226751
-0.0032130074159 -0.0259747260377 -0.0620717384148
0.00365862966638 -0.0315161691957 -0.0721628324445
-0.011842978078 0.027913518439 0.0534515911701
-0.00463981123225 0.0137711402627 0.0405717763103
0.00495609873987 -0.0192195663704 0.00653292052565
0.034539410212 0.0065278106518 0.0118502986606
-0.0414393096215 0.0546796560875 0.087880431898
-0.0255518203482 0.065920148394 0.0882472681648
-0.0197047518364 0.0379651077111 0.0683051802862
-0.00662919448994 0.00422857939991 0.0196679217756
0.0535101691489 -0.00833344847013 -0.0209779924378
-0.00688382547826 0.066286001999 0.0844869821274
-0.0221133679609 -0.012337390762 -0.0155696404103
-0.00309326283123 -0.0221544015899 -0.0460026421838
-0.0139291359777 -0.00790981410989 -0.00735979034561
0.0120422927982 -0.00444793396343 -0.0258160173242
0.0207284107882 0.00727724113198 -0.0234470393835
0.00908537127444 -0.0167192735236 -0.0457372241182
-0.0180630828832 -0.0246602683181 -0.0318983364719
-0.0334625780108 -0.00340735192767 0.0145372786212
0.0164431471468 -0.00142304075908 -0.0264689345065
0.0273197525272 0.00231497264564 -0.04176058349
0.0262886506013 -0.00201812207287 -0.0291379083352
0.0496624766589 0.00528137367225 -0.0492203207402
-0.014667192071 -0.000906340893264 0.0159880296599
0.0099199255593 0.00345509681311 0.00923388837582
0.0201991959479 0.00926906314987 -0.00606711585268
0.0289992450804 0.00804305455675 -0.0168559663389
0.028041560353 0.00108023157536 0.0082560536815
0.00296763938794 0.00104473683965 0.0163031300439
0.0181675935946 0.00152110592248 0.0147322681135
0.0208458587663 6.02470145844e-05 0.0103911001608
0.0123468406024 6.59767362592e-05 0.00254912859459
0.00517710781935 -0.000528257403571 -0.00647953957059
-0.0189588977872 0.00597255772071 -0.00984022307645
-0.0883595457127 0.0425876216594 -0.0253178175042
-0.0184330558992 -0.0194127696368 -0.0193583091157
-0.021700266323 -0.0425035173842 -0.0170952478557
-0.0218774834034 -0.0606491620873 -0.038797768401
-0.0110017215387 0.0227252899123 -0.0192603700355
-0.0287781840641 -0.0308437509702 0.0065760353742
0.020539540177 -0.00188654076239 0.00574914864451
-0.021740573077 -0.00361146394264 -0.00200840589811
-0.0514369887069 -0.00134140002829 -0.0340631023749
-0.0709525747027 0.0351625235871 -0.0507338842538
0.00619204708837 -0.00615303824273 -0.0478021703776
-0.0527748651051 -0.000391201993876 0.0231975323692
-0.0715849385162 0.00483727241858 0.0325797671182
-0.00110089592237 -0.00805023804929 -0.0142998234909
-0.0129669418232 -0.00861980798344 -0.00406308179134
0.0184014324219 0.00700312469692 0.00597341055372
0.0788464261649 0.0193107535873 0.000529470848371
0.0155148491071 -0.00627322564946 -0.0238327560678
-0.0173635625711 -0.0132582534298 -0.00811624351281
-0.0208007804887 -0.0142718941585 -0.00725750073017
0.00375121578721 -0.00559330636255 -0.00690914425759
0.0160467197607 4.57647293772e-06 -0.0065604977343
0.00790724022428 6.5889011828e-06 0.000308216483501
0.0729595097462 0.00918358698586 -0.0134551800096
-0.0271502760893 -0.00365072015666 0.00856995034062
-0.0343004353076 -0.00430899448893 0.00336267836773
-0.0425508069208 -0.00781809545015 -0.012300311966
-0.0223048176119 0.00902895671902 0.0112404670407
-0.00707547456635 0.0172154644789 0.0191374348273
0.00300435045247 0.0205239017715 0.0162359196706
0.048704603815 0.000372407254691 -0.0244638725331
-0.0455461505915 0.029411165685 0.0468471442371
-0.0665402122556 0.0220892558471 0.0418207248206
0.00560443531955 0.0186330164588 0.0104936628072
-0.0416903164573 0.00200362353318 -0.00277569258185
-0.0273776821904 -0.021036722197 -0.0219618951795
0.0265718592207 0.00809968326749 -0.0028328696182
0.0372797812519 0.00780430514509 -0.00348702131772
0.0789601023442 -0.00159104771035 -0.0333750700273
-0.0388384156828 0.0299910307858 0.0606021692656
-0.072480437074 -0.0066154928851 0.0306515076931
-0.0533988155948 -0.0331048713439 -0.013154399343
0.0847301904561 -0.010108095751 -0.0483558811759
-0.0165242894524 0.00166595668549 -0.00546359348203
-0.00978716775586 -0.00957576867709 -0.0107857445477
0.00191397837164 -0.000420539969232 -0.0124128727517
0.0452423989152 8.74822555608e-05 -0.0616361266864
0.0527801127351 0.00546176771544 -0.0245711859573
0.0426839246701 0.00239877646428 -0.0269721471464
0.0116549015702 -0.0176631755158 -0.0355011136108
0.0292411606373 0.0106522368187 -0.0234972833329
0.00294518964687 0.000332027471191 -0.0096898056969
-0.00539476208077 -0.0252905426357 -0.0187574057823
-0.00299360451691 0.0220679896236 -0.0495460728376
-0.0501221867497 0.0712370447011 -0.0536632700767
-0.029249816476 0.0347110041554 -0.00260271152473
-0.026625088566 -0.0381090500498 -0.000974475684226
-0.0203334803306 -0.00434320074348 9.01440640446e-05
-0.0282359970575 0.0197458127861 -0.00539144400405
-0.0509650126799 0.0198894675718 -0.00660742356051
-0.026717409357 -0.00848636701514 0.00935709764819
-0.0352509609308 0.0524775400437 -0.0261882487293
-0.0786910370499 0.0841266862957 -0.0229505169005
-0.031493243699 -0.0181398785074 0.00142007275463
-0.0274654063704 -0.0243230792882 -0.00474794597124
-0.0213488217448 0.0440902605681 -0.0420010306017
-0.032673438506 0.0463677306223 -0.0597440979333
-0.0781983815497 0.0660776371336 -0.0595910568368
-0.110040805052 0.0554337445445 -0.0411434760732
-0.0838223224841 0.0240694745915 -0.025254691152
-0.0504202830064 0.0171989222612 -0.0165518926249
-0.0863203573209 0.0886137229863 -0.0467415394214
-0.0417806965233 -0.00248148539057 -0.00890305999917
-0.058360242793 0.0213725493826 -0.0146834651812
-0.0538754404011 0.0867249241411 -0.0354747208449
-0.0376549726312 0.0718454056222 -0.00539123528139
0.0710114370333 0.009870634592 -0.00559066063304
-0.0759874077677 0.054233031125 0.0926384443535
0.0161239093303 -0.0131899621076 -0.0219731827439
-0.0198219520255 -0.0381239312947 -0.0328507464951
-0.0197065305771 -0.0760630710129 -0.0483679850217
-0.0153294780848 -0.078195055819 -0.0573923403573
0.0136237231638 -0.0450771166498 -0.0597029477721
-0.0058323646444 -0.0470056238964 -0.0532162460424
0.0530511048072 -0.0248082085341 -0.0457560595683
0.094016872145 0.00874567651289 -0.0247629169825
-0.0254140294732 -0.0689828283767 -0.0316587788633
-0.0316232847128 -0.0678379576007 -0.0182562175522
-0.00217662839628 -0.0369035727029 -0.0432275971799
-0.0611097527802 -0.0164341025803 0.0278117179261
-0.0234345630798 -0.0136315954815 -0.0208143707264
0.0240283822687 -0.0234839575165 -0.051969508027
0.0105367612874 -0.0116099266796 -0.0375269156797
0.0143687037495 -0.00502848331715 -0.0200648913329
0.0577744371168 0.00483677468462 -0.0205283342931
0.0720924558053 0.0231233942761 0.0023325872015
0.104551817212 0.0293497210571 0.00412272040671
0.0567614548373 0.0461667489191 0.0375002653066
0.0770759994195 0.0209883997761 0.000794431811628
0.0704771969717 0.0130954293313 -0.00717310029723
-0.0549476359227 0.0492902690723 -0.0045765376595
-0.0799095910426 0.0531535513328 -0.0181909583657
-0.0117738839958 -0.0103429253986 -0.0131031581638
-0.111878713675 0.0658099716811 0.0466152611246
-0.0870676354604 0.0569016219362 0.0433788003628
-0.0403818835697 0.0337199467064 0.0329194074836
0.00947403889751 0.00934599304047 0.00850223251246
0.0455528878431 0.00352746721067 0.00511656038464
-0.078886853829 0.0605286889743 0.0409528680076
-0.0192986062668 0.0297989694267 0.014585629835
0.0179928996549 0.00344848275723 -0.00765065853013
0.00404797489136 0.0190070032785 0.00997489428988
0.0319849085146 0.00925127318692 0.00616247991221
0.0555008188787 0.00347234709508 0.00404665939185
0.082046559785 -0.00366446159167 -0.00537785537275
0.0575832255655 -0.0087045614848 -0.0151675494278
-0.0200843801419 0.030687321642 0.024951350198
0.0525666141147 -0.000741371919294 0.00194367125085
0.0278145548292 -0.00546669382938 -0.00265597035658
-0.0241197899744 -0.00217265829506 0.00885922300372
-0.0538828972493 0.0112451649506 0.0329760350558
-0.0347847347145 0.0122599050442 0.0296153131284
-0.070218775261 0.0262633800174 0.0536380122931
-0.0660828655074 0.0341207280555 0.0610580746878
-0.0542623699203 0.0330213233892 0.0542319264001
-0.0749920923109 0.0319400656321 0.0557858578955
-0.0214506260211 0.0140039378512 0.00800355504942
0.00601898956789 -0.00635395620519 -0.0140154608328
-0.0390634575803 0.0184741173276 0.0107169810708
0.0397352426174 -0.0235344960035 -0.0343286858188
0.0422433865721 -0.0203972533924 -0.0298738725211
0.0265160435562 -0.00430782333986 -0.00637544927356
0.0304499259077 -0.00735026738809 -0.00975549289119
0.061409700697 -0.00231041469553 -0.00159429131743
0.0405875455261 -0.00106482986796 0.00165027263071
0.0440077346182 -0.00159022825963 -0.00449554541086
0.0133234822561 0.00498737494239 -0.00671246736188
0.006441414398 0.00613866642859 -0.00150359053133
-0.0210358864767 -0.0097308330632 -0.0049540604965
-0.0907774736869 -0.0329336738051 -0.00515222046766
0.00243081139208 -0.00657629805326 -0.00455149926403
-0.0175978572267 -0.0318157396643 -0.054659713141
-0.010190403306 -0.0303448778888 -0.0602943536798
0.0242812200174 0.0106305559055 0.00344848683154
0.0174826576714 0.000118126897449 -0.00291439622153
0.0108464868359 -0.00290191117655 -0.00490313893517
0.0202764809043 -0.00511438096264 -0.00446580287203
0.0236442349888 -0.0211016585108 -0.00941802169994
0.0222015693081 -0.00593935448769 -0.0040603025241
0.0346968397797 0.00625550263765 -0.00298935999462
0.020558875186 -0.0235334641426 -0.0125327806613
0.0110932650551 -0.0130044353117 -0.0119814136696
0.0298824955948 -0.0257388637926 -0.0067987563094
0.0466778646201 -0.0406426698004 -0.00216895063765
0.0397374086774 -0.0286628015212 -0.00172821889547
0.0360168314038 -0.0110193712414 -0.00379677587873
0.0428830462059 -0.0294365267254 0.00312716765392
0.0356694281627 -0.0283551748355 -0.00429046579238
0.0353671348758 0.0142377345576 0.000139359304599
0.0296613400058 -0.02818403245 -0.0109303670378
-0.0441222341435 -0.042754744918 -0.00307560252711
0.00492626312798 -0.0537278236183 -0.0331671996679
0.0195612458834 -0.0520987707608 -0.0387435752223
0.0344453349001 -0.0524236933797 -0.0416371999249
0.0578792394386 -0.0500920976887 -0.0560477868473
0.0544384111377 -0.045553865698 -0.0532829602864
0.0445659312466 -0.0474230120704 -0.0481726118036
0.0368413655686 -0.0293518719621 -0.0374309360951
-0.0855262709469 -0.023256498597 0.074059460548
-0.0956495675873 -0.0389329578266 0.00549767372624
-0.11214887487 -0.0417892283977 -0.00193706526362
-0.0620226484689 -0.0343735701577 -0.00908311926243
0.00399959230155 -0.0107122559335 -0.0093156415892
-0.0989976956303 -0.0429378529075 -0.00417049434588
0.0163508985628 0.0170358473481 0.00314286621272
0.0188237874458 0.00569106278221 0.0019842365697
-0.0593589244215 0.0297831552104 0.0022804398358
0.0176264019725 0.0667026012495 0.0690003442431
0.0605095994723 0.0563273357876 0.0401974525232
0.077461249035 0.0370847330897 0.0111175240798
-0.0344624889187 -0.00977313136109 -0.0098730849015
-0.0367870663088 -0.00275816945277 0.000879012494142
0.0102916713252 -0.00934536078123 -0.0179358723247
0.00628327875806 -0.0144924739496 -0.0155133753147
-0.0309630932609 0.00829947250471 0.0116274028769
-0.0372277987682 0.0188607579594 0.0241990929721
-0.0440960978827 0.0300739744009 0.0389587632824
-0.0116705109479 0.0303550589148 0.0287712182887
-0.0393863356808 0.0190557841734 0.0249597550003
-0.0462219408209 0.0261920603002 0.0188833521799
-0.0532892814514 0.0383441235058 0.0222645037325
-0.0355209445066 0.033773188009 0.0212573994969
0.0308060872102 -0.0280229607416 -0.0229177807205
0.0120697997076 0.00324606452766 -0.00607289127305
-0.0174308129467 -0.00133426568328 0.0324967039552
-0.0195236348235 0.00797539352039 0.0295778464854
-0.0278559162774 -0.0575389706176 -0.00707086183246
0.0718237819428 -0.0357551931071 -0.00696123825303
-0.0669956663298 0.0135087616236 0.0314117095479
0.0183744875241 -0.0062728997192 -0.0459601585801
0.040609504808 0.00761017007938 -0.0536659070808
0.018236162386 -0.00979045778187 -0.0229936052385
-0.00378424150519 -0.027067766648 -0.0300993853245
-0.0411285443698 -0.0230098441687 -0.0135757877611
-0.00427142556147 0.00476479636917 0.00132815492622
0.0439528096248 -0.0307074079063 -0.0265111493772
0.0389527273011 -0.00886818607877 -0.00902934811109
0.076158566965 -0.0149125554143 -0.00669351414896
0.0440400071833 0.00989022168934 0.00350135971286
0.0473130756167 0.0231258934142 0.0124031274843
-0.0338439984818 0.0531574594484 0.0327205227912
-0.122211137597 -0.111589368934 0.121609752289
-0.102542132844 -0.0958336767061 0.0829023268062
-0.0922322106524 -0.0897044085455 0.0740786253636
-0.0651375902357 0.0206161183353 0.0428767560893
-0.00680104752746 -0.0340945924174 -0.0385366666375
-0.0105848450405 -0.0422783340309 -0.022679136906
0.0136021940501 -0.0273403009504 -0.019864047029
0.0320329818342 -0.0205830435615 -0.0220093002182
0.0281368830815 -0.00491000021966 -0.0139268261812
0.027478889127 0.00645122471094 -0.00405410952334
0.0203878127675 0.0164896114904 0.00795680248938
0.00552124508721 0.0118142349952 -0.00242661318259
-0.0245220122141 0.0220470714763 0.00388860449908
0.0371039915921 0.00804726285614 -0.00168491631999
0.0368360345317 0.0200858274165 0.00603503694231
0.0324658902583 0.000681044737084 -0.00622083184894
0.0255263159573 0.0399317459271 0.0161133302057
0.0320775191067 -0.0239595339124 -0.0274468593053
0.0302266732464 0.0326949935268 0.0177081745714
0.0119850968762 0.0365635828882 0.0280258650317
0.00795365890729 0.0448830723408 0.0328748111974
-0.0751403865427 0.0173526670852 -0.0312578183935
-0.0440575836081 0.0116130121079 -0.0460451135101
-0.00709327494193 -0.000544905975381 -0.059492403609
-0.0345829510613 0.0280947109162 -0.0690708954687
0.0125462207253 0.00574320412223 0.00188698556507
0.0164133739987 0.00891402359185 0.00158651459077
-0.0373718532131 0.0388046832372 0.0463698969456
-0.034722622782 0.0435950394242 0.0432809725626
-0.0425521382328 0.0484103831314 0.0346416912339
-0.0437683843803 0.0360522953415 0.042581519249
-0.0332605318849 0.0238079399199 0.0289270116205
0.04705512343 8.09737169377e-05 0.0119636807814
0.0531553732268 -0.0135026960126 0.0178383281517
0.066235532394 -0.0291889464528 0.0105044255135
0.0782943313131 -0.00334872421904 -0.00497379516299
0.0201420457313 0.0396712696547 0.0142255994423
0.00454123737311 0.0456026906306 0.0194514090107
-0.0129738354586 0.0278392677838 0.0200687006457
-0.0692808678505 -0.00623329547334 0.0612442128886
0.0500150592558 -0.060990156865 -0.0281521133748
0.0625643395903 -0.0496616014022 -0.0144820966838
-0.0415819067943 0.0276027163697 0.0394091002563
-0.0199327574477 0.0202851207124 0.0217774318246
0.000202460250505 0.0148991652215 0.0112070727913
0.00382925518643 0.014622946271 0.00708282462186
0.0257615263813 0.00457354758646 -0.0127005429724
0.0382621099881 -0.00982484556547 -0.0339824409476
0.0119301761589 0.0144740655905 0.00590627514264
0.0521130027136 -0.0150651723876 -0.0426753808162
0.0425326233975 -0.0261527362661 -0.0528442945741
0.0405849694472 -0.0339209906119 -0.0542388944684
0.0595374348941 -0.0270965708311 -0.0533799281943
-0.0920250145296 0.00762561156253 0.0402978591457
-0.00814870754093 0.0139137428401 -0.0183212750114
0.0149768954445 0.00907907869294 -0.0315375998908
0.0340279832986 -0.029576642648 -0.0226945268174
-0.0286854739268 0.0265298089645 -0.0143849352032
0.0834109868883 -0.0049692465191 -0.0315235171715
0.0475674095682 0.00404852061038 -0.0560568821467
0.0549425407504 0.00416247454396 -0.0172310989919
0.0510707806761 -0.0152719035227 -0.0217124751937
0.0452097845294 0.011564887792 -0.00948735730755
0.055082145888 0.00120590709928 -0.00187502192132
0.0555957442776 0.00362707226021 0.00702865149578
0.0403697685838 0.00560182953552 -0.0462812126089
0.033572477216 0.00798041992873 -0.045722521266
0.0318922229478 0.00153202437707 -0.0293323938003
0.014345378698 -0.00369437704849 -0.0227538876012
0.0431328353801 0.00325570112176 -0.0328494881735
0.0216984340216 -0.00842941644607 -0.0373648386017
0.0126873778962 -0.00314837271728 -0.0210156828448
0.00456557847944 -0.0235174455654 -0.0539935655943
0.0680470684893 0.0254750711805 0.0145145353938
0.0284959858491 0.0217291619448 0.0119114477042
0.100141753228 -6.60291986594e-05 -0.00155046018633
-0.0989273405799 -0.0344641031791 -0.00245949301069
-0.012906363353 0.039512204457 -0.00135815621322
0.0178986979492 0.0240673984998 -0.00239828011678
0.0318369785593 -0.0023198631415 -0.0115250867001
0.0108394884902 -0.00202673124054 -0.0108350446325
-0.0603960627766 0.0343660061114 0.0230233866095
-0.049157840176 0.032453182993 0.0209740280967
-0.0696522869726 -0.0410482432843 -0.0154803161713
0.0950147722672 0.0121665806925 -0.0218213800427
-0.0298393717233 0.0595529218809 0.0746315591291
0.00277619106149 0.0531437518954 0.0529635799866
-0.0450174701478 0.0053412749605 0.012159740257
-0.0570077621062 0.00878579589404 0.0144978624194
0.00858860187816 0.00762508734155 0.0182850577521
0.000696253617605 0.0099513862511 0.0186543968756
0.0168656894327 0.0063850007815 0.00640005459723
0.0297500712721 -0.00396497062607 -0.00512858606922
0.169331504964 -0.0264223297588 -0.013543129605
0.129758880134 -0.0227324730457 -0.00938953066771
0.0112368085454 -0.00432187518035 -0.0141570599051
0.0189510470325 0.0031720423073 -0.00723300111747
-0.0281776934736 0.0301568955477 0.0406322133979
-0.0117145566605 -0.0112708696518 -0.00446139504563
-0.00227790835072 -0.00138808698619 -0.00248202141285
0.0107342578514 0.00831646819816 2.3813140911e-05
-0.0408637401775 -0.0150352607559 -0.00405087685739
0.0767367486105 0.0129301940339 -0.00632715524367
-0.0617920411472 0.0411666284243 0.0157479030304
-0.0818341223745 -0.0891871796752 0.103435219744
-0.0667597204792 -0.0123458490593 0.021783545552
0.0201610553222 0.0322768350554 0.0387857795597
0.0300557079635 0.000452656273068 -0.00601750884303
0.0320699142115 0.00537069121356 -0.00492747191313
-0.0182476838064 -0.0217580354187 -0.0516728179958
-0.026790056661 -0.00918314137643 -0.0251357687255
-0.00877781831247 0.00777976027767 -0.00636318762922
0.00439884517256 0.000824297239038 -0.00901741053289
0.0352632656727 -0.0267118298603 -0.0181101996705
0.0236982616422 -0.0025465136912 -0.0757757285885
0.0187090771036 -0.00195623306804 -0.0105570949241
-0.012298347882 -0.0212818304 -0.00940466089941
-0.00954030031561 -0.00123345371785 0.00212254756255
-0.00646989855145 0.0154523991648 0.0154223784447
0.11973501689 -0.0394397638006 -0.00526897713744
-0.0567340971277 0.0106626573449 -0.0467099340724
0.0395993283984 -0.000509117687484 -0.00611061858289
0.00904112367239 0.0282231504905 0.00840369162374
-0.00623084657406 0.0596672770612 -0.00749588267489
-0.00787274767493 -0.0583431584807 0.0166910291668
-0.0387925885796 0.0244800534673 0.0346625764134
-0.0228313018868 -0.039850270642 -0.0254258387927
-0.070580251536 0.0299959210918 -0.0197156841579
0.0524488108252 -0.0326452880458 -0.037873474644
0.0485433910975 -0.0214279584064 6.44550404101e-05
-0.0293981324574 -0.0296064505114 -0.0249357304766
0.00696765299547 0.0195156363389 -0.0299128673848
0.00311008870225 -0.00784799921209 -0.0227731087929
-0.0422539189297 0.0478595883164 0.00940857905862
0.0173004541713 0.0222350157836 -0.0107396440954
-0.0304319613975 -0.00716017879559 -0.0262521896469
-0.0317322788709 0.0434732480899 0.0133301749042
-0.0556578650772 -0.0228479794481 -0.00484214924652
0.0161073029135 0.0122456550322 0.00276805188499
