-0.0607037399426 -0.018783162249 -0.0187962980911
0.0448735198505 -0.0714130354035 -0.0299810870164
-0.0161363615207 -0.0564513985959 -0.0739267636677
0.0410827220983 -0.00980605901716 -0.0309501313196
0.0400914588659 -0.0208859669322 -0.0113464264493
0.0947148813642 -0.0587786617973 -0.020063769542
0.0391911420909 -0.0412075718301 0.0848219653809
-0.056010903702 0.0352658715792 0.10747596981
-2.82918112764e-05 0.0179647178824 -0.00740896155251
-0.0386130251332 -0.00606860019872 -0.0464659373478
0.0945511016035 -0.0937410345963 -0.0186943080512
-0.0484445868895 0.0212372356155 -0.0176564138896
0.0159344648497 0.0266864966504 0.0227864690879
-0.078362840652 0.0964522529704 0.0520868933686
0.00150532747481 -0.00924883974599 -0.00231280719418
-0.0302413128137 -0.0201196670085 0.012967930763
-0.0209339125099 0.015916348837 -0.0267144828758
-0.0146633436285 -0.0268536479111 -0.00605110151041
0.0596578322281 -0.0224859173927 0.0210541315771
-0.0133741441242 0.00977879339839 -0.0305586360221
-0.0772201303877 0.0810310895039 0.0150148567884
0.0226533850351 -0.00227670758129 -0.0315326824201
-0.0061991226224 0.081398768453 0.0294015089943
0.040936234452 0.0174741996052 0.0195322064212
-0.0627521161548 -0.0363002859584 0.0029860415803
-0.0273635060724 0.000956510557227 -0.0438782519606
-0.0173801772954 0.0286568435615 -0.0206592629958
0.0493718681595 0.0037915504147 -0.0102199008963
-0.0281741746299 0.0619978214963 -0.0150032732652
-0.0329684928409 0.0163132757771 -0.0255724498988
-0.0375673752436 0.00730356481002 -0.0325089860572
-0.0540714656264 7.80975301553e-05 0.00790156773279
0.00158752831332 0.00647543359564 -0.0307056265646
0.00255641809851 0.00995994084201 -0.0277551487253
0.071881200464 -0.0398545761387 -0.0351472775356
0.0138397680249 -0.00094943535752 -0.0350833814106
0.0484688774105 -0.0106441028982 -0.0390094212921
-0.054597926343 0.0405962263596 -0.00491061220531
-0.0186354287506 0.00518711959354 -0.0351835818118
0.019599560951 -0.0416225345328 0.0454194904963
0.0483408059659 -0.0049525734734 -0.0130761828111
0.0315743697495 -0.0224198673592 -0.00139424473659
0.0279393235381 -0.0376144130659 -0.0185008467503
0.0867517377616 -0.0364545348891 -0.030007644699
0.0921922724546 -0.0250875601444 -0.00713354688994
0.048493750989 -0.0118278915321 -0.0371883385859
-0.0802521441958 0.0693131035598 0.0378471207622
-0.0463276814784 -0.00561971230023 -0.029210256986
-0.0439102263726 0.0281766594004 -0.0169694197745
-0.068311861071 0.0381752817709 0.00751687927708
0.0734758937623 -0.0131947123953 -0.0217667863322
0.0851915138817 0.00130255947478 0.00625004085515
-0.011238554611 0.0194875209071 0.0261060533469
-0.0354400175417 -0.00518285203291 0.0785951655593
0.0929069380232 -0.0240907390086 -0.0616329170416
-0.0399875217117 0.0579006453958 -0.0048507810055
-0.0761354504376 0.0150497228348 -0.00610424590466
-0.0374033896752 0.0653355415987 0.0484800712227
-0.00806820278859 0.0259850835079 0.00585033975271
0.0851175506174 -0.0691857518316 -0.0329828962604
-0.080861367108 0.0591974177962 0.0327716697399
-0.0865929381234 0.0830175499682 0.0623546111655
-0.0654931649374 0.020819814968 0.0628513555425
-0.0117441240142 0.0155913288671 -0.0260650726257
-0.0325138651158 0.0315970193331 -0.0172337173706
-0.04735685767 0.0472339048138 -0.00799275198755
-0.0452009900454 0.0588462083807 -0.00945813936632
-0.0723271929899 0.0998035070696 0.0030583493455
0.0203136396043 0.000914602074297 -0.0299775530717
-0.0601081132789 0.0916022187266 -0.0093942944188
0.0627849821149 -0.00485700421735 -0.021987913143
-0.00152571985108 -0.000162936078195 -0.0378673338256
-0.0280536805122 0.0190324827293 -0.00939198502634
-0.0636123845773 -0.0845079321914 0.00264490600162
-0.0389167519917 0.0120440097167 -0.0268712299409
-0.0526409024305 0.00529450381142 -0.0137895569514
-0.0018258974221 -0.0518446685395 0.0156691329185
-0.112385029444 0.0171940726899 0.046678709205
-0.1102809883 -0.0137156942004 0.0109067817941
-0.00903144346349 0.0535178665577 0.0258074377235
0.0819549518755 -0.0582518311547 0.0292567535139
0.0640544479683 -0.0190966481778 -0.00829001465344
0.00192043633379 0.0146035547 -0.00364655078711
-0.0103160438762 0.00538699259495 0.0887309397941
0.0490066110038 -0.0178690609997 -0.0325516001456
0.0679799997997 -0.110163857921 -0.0390445133914
0.0905974798511 -0.0971970765627 -0.0307968121226
0.0414714320182 -0.0379506516316 -0.00826705417143
-0.0563079087956 0.116643521383 0.0728874126858
-0.125178996966 0.165727782299 0.108614799483
-0.0586144302832 -0.123065911753 -0.10999671728
0.00511855616963 0.0153967348868 0.0354155073131
0.0779084888242 -0.058893194437 -0.0662520507315
0.134659559108 -0.0415149976654 -0.0267904445135
0.036828722388 -0.0728952012267 -0.0578816132467
0.0782145949407 -0.0852345721709 -0.0927530219193
0.184155717472 -0.0749973801837 -0.125811921288
-0.0991914787033 0.0642056106187 0.101046531779
0.126429668597 -0.074379123435 -0.0636344183317
-0.0384128928062 -0.0144859101533 -0.0270573700435
-0.0362793157607 0.000424296892325 -0.0293190490213
-0.00660374925882 0.0150140825165 -0.00163541561885
-0.00762182219625 -0.011885689289 -0.013123460696
0.047065864807 0.0205138636765 0.019477768998
0.0289343721168 0.0238500108616 0.0154669787715
0.0676156047601 -0.00205510076852 -0.0297760388681
-0.0766903309468 0.0619534598961 0.0211017942238
-0.0230380183528 0.00241398899519 -0.00539356050322
-0.0806439615435 -0.0759488023573 0.00296255656523
-0.0161856467103 0.0291001400365 0.0218677547189
0.0524403317564 0.0506737171396 0.0338971946372
0.025379308972 0.00420470663837 0.0147983595227
0.0161856453821 -0.0544621331747 -0.0171240233219
0.0791122676951 -0.0896296886083 -0.0694051015379
0.111811583063 -0.0688759312055 -0.0620128301474
0.165456294671 -0.0969392905847 -0.102737271972
0.10634942496 0.0284919232599 -0.0547538948844
0.0506707888672 0.0313231147284 0.0241173568914
-0.153794832917 0.045323718791 0.0713430941531
-0.0246574538005 -0.00276751923208 0.00775895725224
-0.116566953689 0.0480499162337 0.0533736497192
-0.107516372489 0.0379462636862 0.0405034727101
-0.0878917982804 0.0248717277222 0.0260638913892
-0.15766300299 0.0239218530437 0.0451552062722
-0.10271208871 -0.00886785688433 0.0202665617667
0.0108440910158 -0.0526128082587 -0.0413658905312
-0.0671471557132 -0.0170409535514 0.00500321174163
-0.097029834343 -0.00872057523592 0.0366177438137
-0.0471265201553 -0.023680808914 0.0097424325058
-0.026592237769 0.0225103423101 0.0462541874364
0.143134637034 -0.0738798733189 -0.0982846847159
0.163836339971 -0.0787542455421 -0.106934553229
0.144812991891 -0.0308788765287 -0.0799568586783
-0.0377537529842 0.0316457980091 0.0337355820621
0.0259675374546 -0.0447747004277 -0.0755872864139
-0.0426915048024 -0.0112525747807 -0.0194569288811
-0.0160460191494 0.00293361529799 0.0363573289682
0.000680825794497 -0.00449549266008 0.0188181085216
0.0406680085012 0.0303320937335 0.00413349073866
-0.00348761707296 -0.0643176632123 -0.133006012624
0.0655467905373 0.00847084610304 -0.0083966397975
0.00294783150156 0.0612227147963 0.0275681599853
-0.124065704456 0.102841490974 0.103851208223
0.0123253485315 0.0320967329583 0.0234676879489
0.0284598099799 0.00506719007779 0.024715544425
-0.0289286126964 -0.0097149052523 0.0299117627125
-0.0704722679967 0.112674196392 0.0692371518124
-0.0715730204214 -0.00923699305979 0.0124892539699
-0.0573758330144 -0.0780774973917 -0.0575409157715
-0.0771710373298 -0.124463148152 -0.133314051414
-0.0667319486103 0.0258369452184 0.0483002964865
-0.0597083255974 0.00789443834827 0.0312323157475
0.00335482990688 -0.0250402715893 -0.0195237552377
-0.0551928276325 0.0258466591861 0.0643121089322
-0.0602184859693 0.0540550523875 -0.0147203224934
-0.0497002991722 0.050600538173 0.0164937570494
0.0032652682651 -0.0182313596547 -0.00475545192947
-0.0582801275426 -0.00756153773799 -0.0104153616639
-0.0402526457021 0.00956165590242 0.0178164590744
-0.0763136887053 -0.0786940283018 -0.0129220320061
-0.0384445204652 -0.0996982782133 -0.0036450412279
-0.02108062676 -0.0563770670698 -0.0235201871878
0.07224760635 -0.0697579150073 -0.014982044985
-0.0136307095038 0.0488679956996 0.0226930726733
0.0709405836238 -0.0649852996196 -0.0257437460105
0.045168413219 -0.0512387403395 -0.0281226236006
0.0922408713775 -0.0445124387085 -0.0385318664962
0.105862902302 -0.0501684516553 -0.0339402737133
0.0708030066499 -0.0016329371115 -0.0145697434406
0.00997491049922 0.0306249747157 0.00895762809407
0.0161114325144 0.0271173260149 -0.00866690962702
-0.0134204641305 0.0339999618173 -0.00951763452565
-0.00480650871593 0.0100170981167 -0.0146814192835
-0.0367460590974 0.0232399055148 0.0014620101841
-0.07874843394 0.0361709181165 0.0214414522602
-0.119231742364 0.0845486476557 0.0468986506957
-0.121106190417 0.0957814354599 0.0616159756624
-0.105057328064 0.0698090542369 0.0560100889429
-0.0564271332151 0.0611485207876 0.0200912125358
0.105602474331 -0.0241893923743 -0.026885912092
0.0281017885819 0.00514866092907 0.00549176076588
0.10542772739 -0.0637899267407 -0.0419193376067
0.089666188637 -0.0336565364793 -0.0252263527478
0.0694233011278 -0.0390308524178 -0.0553353823687
0.161850639319 -0.101765441408 -0.10816847073
0.0768259391496 -0.0782987404519 -0.0690619658417
-0.0510070715657 -0.0857587807158 -0.0708857551096
0.00693120466083 -0.0259447534702 -0.00830993173419
0.124143807868 -0.0379762571691 -0.0874256554422
-0.10736825834 -0.0186161487694 -0.00961916193856
-0.0505968263537 -0.0370910035768 0.0199584909909
-0.115396369159 -0.0458022385169 -0.00779632999616
-0.0233755610205 -0.0121282985867 -0.00828502338429
0.0689616407861 -0.00679979372654 -0.0271212816582
0.0978129882079 -0.0441436657067 0.00566381132272
0.0646246539577 -0.00323102737595 -0.0226587814109
0.0717685517587 -0.0432377279909 0.0424300654381
0.0433205481848 -0.0278653726798 0.0285157467112
-0.00246199394749 0.00349969052322 0.0358606606198
0.0316528696889 -0.0239360263164 0.0723803363083
0.00629533348694 -0.023671589619 0.119360870966
0.008576315253 -0.0382428806471 0.109496196222
0.0282257108476 -0.0425494362418 0.011381052601
-0.0927096655472 0.0756511366407 0.0377766756755
0.071739705453 0.0214012430074 -0.0280342564477
-0.055812653629 0.06178734565 0.0906711664332
0.0653088831002 -0.0424077828738 -0.0265827411106
0.0527075978471 -0.0357849125624 -0.0344147402448
0.0886299186515 -0.0658806621471 -0.0700626713853
0.0990333244529 -0.00131423605759 -0.0467363453737
0.114887585778 -0.0167720035781 -0.0904755181049
0.0371256446493 -0.0897075362517 -0.0429857433993
-0.0307210751587 0.0073379615613 0.0291858661446
0.0737336607313 -0.0518600357583 -0.109644663192
0.105021392116 -0.0459882991345 -0.0743799046712
0.0077815336118 -0.0381583935461 -0.0495845390686
-0.0515630393912 -0.00734277806083 0.01876143844
-0.075808039392 -0.019201477337 0.00128444966935
-0.102272090551 0.0166434620071 0.0491721825838
-0.00941354049735 -0.000723018730575 -0.00577621353313
-0.0576264000555 -0.00435287773907 0.0165951206993
-0.171350251574 0.032543474374 0.0899503430656
-0.0277054992879 0.0102434754312 0.0252337538117
0.0441502435795 0.0660754383362 0.0323351937699
-0.014169991169 0.0450468180613 -0.0111318447145
-0.101165819375 0.125748373864 0.0800102770942
-0.095128762584 0.158152663549 0.0909004921334
-0.0795389221987 0.135779162163 0.0695995184284
-0.124321009477 0.172726566375 0.129225195151
-0.0959728305956 0.0127327143366 -0.00913194634831
-0.111221752374 -0.0852325708945 -0.101631038603
-0.0875635831283 -0.103044238346 -0.107867699112
-0.00625500183322 -0.103489175605 -0.113019638742
0.0393733406068 -0.106751146451 -0.115393988096
-0.0795907016412 -0.0545415928525 -0.052379025617
-0.0952985185334 -0.0601005330615 -0.0283147868176
-0.077640681184 -0.0822408835973 -0.0264050044829
-0.0830270658315 -0.00528156169294 -0.011476040626
-0.0601675919831 0.050284300371 0.0353710451671
-0.042507470132 0.0365407162543 0.0416095514712
-0.027315578223 0.00526450833162 0.131783623755
-0.0467340585766 0.0481455810484 0.0829711539878
-0.00567977144331 -0.0782586069292 -0.0138280489443
-0.00238195755582 -0.0903790309076 -0.00164412833403
-0.0509552777959 -0.084337178387 0.00942370366758
0.0666554097193 -0.0372165692156 -0.0582131018674
-0.0190375488528 -0.00701790937148 -0.00101789844317
-0.0937945298712 -0.0369815497564 -0.0109333890671
-0.0633463069604 -0.0332766509494 -0.0319982287155
-0.071006594928 -0.0527113513662 0.00367521073063
-0.104244623292 -0.0883651335313 -0.0945965489533
-0.0948909606836 -0.113665184631 -0.100150839907
-0.116369122046 -0.063212246779 -0.0434014983947
-0.126593435554 0.0530880780127 0.0636877527876
-0.12734932781 0.101532965045 0.0872514487696
-0.136050604693 0.13674735729 0.118515263627
-0.0487023822313 -0.129505524373 -0.128923269361
0.0113862881816 -0.1087835366 -0.114887505701
0.0117134897981 -0.08943003371 -0.0847223384591
-0.108775366717 -0.113203411668 -0.100052543562
-0.107098589132 -0.0943606954141 -0.085601087631
-0.110007327432 -0.0286309164912 0.0131823839673
-0.122043920065 0.0385417547945 0.0742503970929
-0.116440491637 0.106519537713 0.129500522607
-0.122919808411 0.154590370447 0.145705850417
-0.0595093755993 -0.107556297634 -0.0889594318276
-0.110350106206 0.046256954403 0.0624669340434
-0.134672438608 0.0344894918055 0.065625481633
-0.0733506884159 0.0913418506653 0.0020922373269
-0.035130530181 -0.00596816383683 0.0129012301147
-0.107743081662 0.0190531505191 0.0588271922431
-0.0773428119502 0.015292945974 0.0508435992963
-0.129703058137 0.0287707422675 0.0817115628834
-0.0732643316348 0.022375950024 0.073558356618
0.0262296417954 0.0209446567593 0.0235095046889
0.0391172445743 0.0126960682142 -0.0328586620922
0.048497255797 -0.0379250182312 -0.0295457207672
0.0441539687361 -0.00991626461788 -0.0506549474107
0.0324647494287 0.00906544968705 -0.126510850853
-0.118537532375 0.0258434783903 0.0716187388204
-0.0364769929585 0.0152114337995 0.0459369452364
0.0519355487626 0.000400155585586 0.00525086620385
0.0408288078109 -0.0095657585414 -0.0161772156067
0.054968680447 -0.0156522490989 -0.0398860000352
0.0115880111809 -0.00767795440981 -0.0148489053953
-0.144484897871 0.0312862189191 0.0780682190396
0.00277909467916 0.0255679648721 0.0496961769217
-0.183647881774 0.0410363233159 0.0880817679778
-0.147553777925 0.024749733339 0.0703177281202
-0.000262954710953 -0.0209133264043 -0.0131309486509
-0.0103947798327 -0.00756906050107 0.0141892452066
0.0612249056216 -0.0347887596683 -0.0721763536032
0.118557879043 -0.0284459636057 -0.110567682258
0.0800847024091 -0.000259887817721 -0.0731065142797
-0.00106185971372 -0.00629353390835 0.00291602795575
0.0444352172047 0.0249825875361 0.0116052749002
0.0612601939962 -0.0493007065737 -0.0992557454457
0.0195058747532 -0.0659939950022 -0.0855744588886
0.000676635826711 -0.0456396412768 -0.0681003207892
-0.0397986116595 -0.0291601845231 -0.0211209119482
-0.0717190074165 -0.0263130358764 0.0170542569714
-0.0884621051162 0.00383934613498 0.036677140452
-0.0111770647652 -0.0168627621377 -0.0215355746181
-0.067228109983 0.000128435437765 0.0412993921913
-0.0098465065638 0.0887508651492 0.00879363459187
0.0293597678762 -0.0819739199052 0.0353089093771
0.0705119828025 0.00955670043068 -0.0718306150512
-0.0336265386564 0.122936311465 0.138499394213
-0.0156182842359 -0.0385528899868 -0.0165945970553
0.0111700378794 0.0139597866948 0.040244592352
0.043990174599 -0.00729140138551 -0.00556850091471
0.0330840063685 -0.0369543835083 -0.0550949289258
0.0507043542729 -0.0233623743911 -0.058401368603
0.0336509468057 -0.0209290517974 -0.026691724815
0.0574057732855 -0.017528751663 -0.0243300050748
0.0773586752963 -0.0358394674232 -0.0327091515869
0.0598403395435 -0.0272025671175 -0.0609106932491
0.0799977686356 -0.0103286622752 -0.0508520271254
0.130543942839 -0.00225612854373 -0.0812169556384
0.0725685017689 0.0274077965135 -0.00302704345969
-0.052504765826 0.0307264882398 0.0648300138921
-0.0605235006043 0.0026276220641 0.0383788819831
0.111756554365 0.0306483327338 -0.0409433089035
0.0538265977988 0.0221603484196 0.0204278958607
0.0624963992192 0.00281913148504 -0.0057594374842
0.0571982375043 0.0212319116698 -0.00468794587139
0.063098033559 0.0207133416812 -0.0532651064464
0.0424361897338 0.0188673156424 -0.0957696341253
0.065092325083 -0.001269774309 -0.0643384770933
0.0408584805609 -0.015381797059 -0.0300628157974
0.0274309277169 0.0108630047874 -0.00134680932722
0.0321859069545 -0.00469818232293 -0.0798243525655
-0.0257921600579 0.00584692932875 -0.036183205288
-0.11739447155 0.0120604437261 0.0477708059881
-0.0388374051374 0.0229007207695 0.00978156988533
0.00570092248884 -0.0027244828623 -0.0128353604259
0.0116963697165 -0.00114738653686 -0.0338513244389
0.0199495116414 0.00461890432186 -0.069314823576
0.00905669087358 -0.0177867323975 -0.0480921721642
-0.0262595908333 -0.0416478149239 0.0221698298096
-0.0235496238058 -0.0170645126292 -0.00732275030653
-0.045521207834 -0.0294215970809 0.0123489467303
-0.0603361127075 -0.0297042252825 0.033885153591
-0.0805587667244 -0.0129880343009 0.0260973880022
-0.0674884884071 0.0199857436041 0.0271139696191
-0.091511408561 0.0806861638136 0.0634759784506
-0.219082848755 0.232482116155 0.0905637966787
-0.0189245416672 -0.0286202487141 -0.0121227727891
0.0649781517741 -0.00986768876798 0.0686249701934
0.030536860461 0.0015230765075 0.0242304878055
0.158640250399 0.202772324688 -0.0944468251001
0.209841038315 0.146686981365 0.122892334753
-0.0315073213154 -0.0407849920759 0.0394490475673
-0.0271952228568 -0.0452938352934 0.0434923585122
0.0379765277993 -0.115298316264 -0.0152260056076
-0.0918608678342 0.0480876190164 -0.108573482119
0.0966307844922 -0.0913604703901 -0.0177552159939
-0.000519740061673 -0.00171637399018 -0.00507675386433
-0.0206310240296 -0.0224845331315 -0.0105419484232
0.0024081083497 -0.0112841607581 -0.0228850202889
-0.0200748384328 -0.00395101858032 0.0313506479564
-0.0465630317051 0.0056752798774 0.0548842399162
-0.0195680271885 -0.000681543055013 0.0244339948547
-0.0431727059151 -0.000245861796993 0.0362098413165
0.0102132688375 -0.0100300412296 -0.00143242115166
0.00230124869951 -0.00396287354124 0.0177204288317
-0.0232915615153 0.0062001904561 0.0408454961577
-0.0296604342754 -3.15895446303e-05 0.041352790718
-0.0462865516263 0.0144066938043 0.0568775447184
-0.0508711086155 0.0178105221105 0.0467728260944
-0.0535000147879 0.0153548752547 0.0607042859723
-0.039904879142 0.00142526321388 0.0222775392999
-0.0137250990831 -0.0506280923438 -0.0800980739738
-0.0452455720135 0.00416497748912 0.000804241693651
-0.0531498286462 0.0317521934738 0.0297677261019
0.00489783439036 0.0206420472497 -0.00707534769748
0.0832817839212 -0.0097675471747 -0.0552318483443
-0.0436076021723 0.00608294314623 -0.00150808362342
-0.0394428545561 -0.0550913522307 -0.0962162715071
0.0830236561111 -0.00598704749296 -0.0523835280148
-0.0194735181895 -0.077440230812 -0.149693742303
0.00479775303187 -0.0138553999982 -0.00691430685242
-0.0735052372143 0.0372514141699 0.0485379712142
-0.0897777687077 0.0290475211459 0.0629560190498
-0.0324501224563 0.0149138976654 0.0116515384591
0.0220551936772 0.0668451016309 0.0549202206125
-0.0523593196481 0.0700081154998 0.0974131144964
-0.135569842871 0.040571810188 0.101888631616
0.0334842455483 -0.00703106381183 -0.0331450284347
-0.0748717422697 0.0196207231294 0.0475457745034
-0.0208639667533 -0.00789634042271 0.0137491969663
0.0263952843811 -0.0515037102861 -0.107558529813
0.0652252676315 -0.0144822514576 -0.0263827063479
-0.0253775411308 0.0418634328051 0.00732542736498
-0.0977431177887 0.0412155304957 0.0435860890928
-0.0689252416285 0.0422954834447 0.03817340442
0.0411563912437 0.109495026092 -0.0523076332347
0.125782050081 0.140742681442 -0.0196962751557
0.0730554342435 0.0716526998033 0.0166662379728
0.0605415894104 0.090618000131 -0.155170152866
0.0201152431863 0.237089336096 -0.217609433615
0.153787835631 0.350300065646 -0.00101095932963
0.21950036425 0.0946053659761 0.0334496922215
0.236688020817 0.180452717849 -0.00878610148973
0.172751568718 0.248864415559 -0.0040642364769
-0.0712661837503 0.289693935191 0.206601024943
0.214494279127 0.259660617716 0.105724765592
0.119782803042 0.293429611711 -0.124475633763
-0.199357708898 0.378166950578 0.0111035982183
0.0778797742651 0.206819115286 0.225230968285
0.0767104297782 0.10556993919 0.161685609688
0.142176849828 0.214069024223 -0.199449485516
0.0449837330355 0.139015322676 -0.216279040408
-0.102951593886 0.150045682235 -0.172607266488
-0.225674441097 0.1462387279 -0.029278865557
-0.181725744206 0.107154593266 0.0495774028392
-0.133431966957 0.166712690698 0.105886153408
-0.159058216057 0.276067756753 -0.12761880469
-0.0308507352222 0.191271079576 0.212661515351
-0.124153176725 0.233713047481 0.166110055941
-0.01726576179 0.355856163622 -0.15268447418
-0.0457529557203 0.459298107606 0.00944935346844
-0.0387434908738 -0.00440108696031 0.0219222193576
0.0341994897347 -0.00599679349116 -0.0275265014128
0.0304259763275 -0.0330543334762 -0.0644148854252
0.0132024427198 -0.0753383535716 -0.0692571628681
0.0179917424297 -0.0857017745987 -0.0300068332021
-0.0100257379046 -0.0251609987382 0.0179656231157
-0.0530011367791 -0.000575756045941 0.0300707554557
-0.0557466135183 0.00758691259429 0.0358138963384
-0.00881175829579 0.00572348129172 0.00873400467211
0.026647266794 0.0249725655981 0.0126219509618
0.060066338431 -0.0629511728426 0.0139626558502
0.142194396805 0.004744747291 0.0369776394886
-0.0623398479557 -0.0150637644187 0.0207851633237
0.0346206092711 0.0452458216144 0.0480218304757
0.0393104495626 0.0181008299652 0.0339426406234
-0.0631062950272 0.00687246887005 0.0369557507356
-0.0988182036971 0.00694377642531 0.0477736894682
-0.0359780986016 -0.0176894435505 0.0151605164059
0.00930933454364 -0.00548439291957 0.00746404472389
0.035957564466 -0.00515568330087 -0.00531232107629
0.0182981013811 0.0189252386966 0.0255936134707
0.0224791685659 0.0464106504336 0.0359277410224
0.00891487733652 -0.00357903080197 0.0130733946802
-0.0213631717862 0.00451725712087 0.0350273885322
-0.131757140461 0.390732823469 0.158283617719
-0.203619327312 0.321021571887 0.124816219707
-0.0203554955034 0.0368101415535 0.0520542359512
-0.143738084955 0.105931219056 0.0685906754136
-0.108910416024 0.0764202729665 0.0607466238578
-0.122651849016 0.0777013350888 0.0865755338476
-0.110464367305 0.0637885758791 0.0689390386824
-0.0156466901458 0.0256680227533 0.0358260835655
-0.0288579671851 0.0348201581113 0.0243540604813
0.100523641597 -0.0354428689075 -0.027174570309
0.117210075268 -0.0666818397933 -0.048193465459
0.0813792442253 -0.030469524152 -0.00832554005339
0.080559849384 -0.0262740423932 0.00252746489162
0.0870287512639 -0.0106301296112 0.00510043087843
0.118357459994 0.000924076443024 -0.0211655112395
0.0945278547139 -0.0526513105096 -0.0365926926451
-0.0110833702702 0.0182891847554 0.0336452426475
0.0712971744472 -0.0284354738157 -0.0460097744427
0.0130099471064 -0.0570046092059 -0.0516420765495
-0.0579437900054 -0.0640776812835 -0.0487701218037
-0.066549712537 -0.051157062257 -0.0468189927478
-0.0341834452374 -0.0608204072282 -0.0996166313128
-0.0861106553508 -9.6591126195e-05 0.0389818249082
-0.0675820034331 0.0114663732309 0.0319846965347
-0.076954783929 0.0563159999721 0.0910521978334
-0.0476188528497 -0.0292909224171 -0.0519392993603
-0.115365301476 0.0854026316973 0.0632736873273
-0.0332354755681 0.0546247163696 0.0198517626052
-0.0510220286852 0.0681925263158 0.0284008457086
-0.0188880359078 0.0316465417722 0.00679011125843
-0.106658176515 0.0522406012556 0.0517707335397
-0.147771398929 0.0733633595126 0.0834924751748
-0.163240882174 0.0625266236315 0.084983208024
0.0057518303421 0.0188720914734 0.0196787681444
-0.0493193832989 0.0237028126375 0.0362291650734
0.0236532626205 0.00638199779975 -0.000782131826026
0.0680785606307 -0.0666270476455 -0.0676604685444
-0.044813817045 -0.0308817921865 -0.0142859786275
-0.14404140666 0.0082878258922 0.0352934446985
-0.172688596995 0.0543949633963 0.090887119701
-0.143831423248 0.0143341768995 0.0328421881088
0.0287357040275 -0.0343031117319 -0.0562516940103
0.0364538329585 -0.0309881961101 -0.0444391811444
0.000715963101279 -0.0541735156035 -0.0331002181406
0.038808098282 -0.0760643392036 -0.0669114873625
0.0298308034698 0.00104196203301 -0.0360371589526
0.00563644902573 -0.073637538729 -0.0359012190928
0.0329239140641 -0.0889928253132 -0.0354916035957
-0.0253598718176 -0.0580115890154 -0.000372599890374
-0.0846178574446 -0.0094197248546 0.0358568796164
0.0322716059739 -0.0523975769654 -0.0273390360518
0.00483770010902 0.00500282035725 -0.0161845642014
0.0399059506458 -0.0959501929312 -0.0190590064041
0.083861328189 -0.112962755609 -0.0270707734762
0.0575867298606 -0.0785378216983 -0.000667067569626
0.0202032617059 -0.0349044882409 0.0221231751809
0.0759351836197 -0.0612078258456 0.000727619694986
0.0947156735488 -0.0445338439032 -0.000161497169239
-0.136908918996 0.0189286587462 0.0490226908025
0.0517963530872 -0.0684672889748 -0.025102904449
0.0630595872932 0.012116941997 0.0178864517213
0.0899189127678 -0.0610973582885 -0.0476178596374
0.119159908208 -0.0777059048758 -0.0703185467507
0.12562843617 -0.0799211406767 -0.0774066253399
0.133278425616 -0.0855737435075 -0.0989511583742
0.158899049211 -0.0929444659734 -0.114194808993
0.182537569714 -0.105635569077 -0.115369022922
0.155460935827 -0.0898937683814 -0.11170407206
-0.0639843719266 0.0639007830268 0.0908616688089
0.00777958684957 0.0679457647889 0.0673808568944
-0.0838765722545 0.0686119751797 0.0848489917688
0.0107076976403 0.0546490396107 0.0364631646037
0.0585689876789 0.0428462413005 0.012822911582
-0.103129063668 0.0491925717504 0.0890952613364
0.0561450564443 0.0626605153663 0.0195808908258
-0.0731770747702 0.0246623908496 0.0660031277005
-0.0321880172047 0.00670918408333 -0.0337264180266
0.0722514452706 0.0557653233949 -0.00315172289074
0.0513306687683 0.0507481852063 0.00855971318208
0.0483953413803 0.0332754554131 -0.00712248988762
-0.0344035471962 -0.0428991147872 -0.0423531621833
-0.0503500335316 -0.0317325043658 -0.0256411425015
0.0398549994846 -0.0319036631262 0.00395154554372
0.0319850055936 -0.0114630428394 -0.00960202576546
0.00696874556704 0.00124938087307 -0.0132857072754
0.00849750273194 0.00130515401237 -0.0049204863463
-0.00373839566055 0.00505354063003 -0.00734744455439
0.00854250553559 -0.0100985587401 0.00470654386166
-0.0102526436382 0.00213807043202 -0.0143176945122
-0.00362739117413 0.00482962480629 -0.00159124284279
-0.0289306965088 -0.00206772682217 0.00157932469799
-0.00556912017136 -0.0313454043773 -0.00692821605477
0.0589367096287 -0.0276840703097 -6.91905957452e-05
0.058697020816 -0.0609383050751 0.0394239705375
0.0703952397422 -0.0653274049518 0.064319199757
0.0409640688896 -0.0576198612114 0.0855748009999
0.158916837607 0.021308614381 0.0946983726988
0.0161315087366 -0.0912608907622 -0.00895424803271
-0.109450507019 0.015798104258 0.0691999675653
0.0575317372682 0.00283010069372 -0.104769730899
0.0109476276108 -0.0025311702865 -0.050418020897
0.0770961191097 -0.0690688242922 -0.0718698445637
-0.0204385796783 -0.0491729374555 -0.026564672344
-0.131566408332 0.00551082138819 0.0412017490307
-0.0610786300485 0.124004371201 0.0644608824077
0.084814453084 -0.0893651515911 -0.0865990662295
0.128794826195 -0.0686482088006 -0.0584282893719
0.124266751952 -0.059271615731 -0.0403074258253
0.138530238148 -0.0460461366518 -0.0376855889743
0.113678161487 -0.0215691873216 -0.0255899269811
0.0242283816992 0.0199742811334 0.000339823441077
-0.0272018706003 0.00910004997175 0.00537509568441
-0.0309382890807 -0.0208269382418 -0.0162092572314
-0.0562509004275 0.0102520379391 -0.00609102823267
-0.0470421968678 -0.0617054241823 -0.104904934227
-0.0377145583478 -0.0336784919476 -0.00567257876079
0.0681618352765 -0.00991548776759 -0.0116030571144
0.0667942100968 -0.0106797165681 -0.0146070558267
0.0737440523359 -0.0620892976696 -0.0468172390671
0.0578075086306 -0.0746129546963 -0.0470233645499
0.027307103663 -0.0505456964561 -0.0189873252079
0.00516094742424 -0.0349178887871 -0.00389521207397
0.0368420570548 -0.074975903153 -0.0405292024892
0.0361661681554 -0.0570813155096 -0.0409754040822
0.0367181809746 -0.00789706586324 0.00400272401138
0.0512387950526 0.0369974399607 0.0214138906111
0.0531487632452 0.02105780199 0.00889585255417
0.0747652504785 0.0643035165153 0.0256111356735
0.105828334145 -0.0997882171247 -0.0861483684827
0.0451618613436 0.0368051395918 0.0279892946044
0.0400378686153 0.0293058867994 0.0302726307359
0.0329737710597 0.0387180233914 0.0326198994845
-0.108115844698 0.00817339914441 -0.0170395517175
-0.00951727640909 -0.0425882946491 -0.0800016159577
0.0924875715702 -0.0855222446486 -0.0749261616715
0.0334589194537 0.00730686980384 -0.183847007977
0.0778808702505 -0.02379625368 -0.0620203637385
0.125679819044 -0.0723005860934 -0.102582710552
0.00197027230089 0.0214292932802 0.00934508788901
-0.00821588602398 0.02474081629 0.00815217304057
-0.0102333499093 0.0266767040683 0.010160074224
-0.020358797216 0.0199770498704 -0.00484877323946
-0.0207428115571 0.00688816041533 -0.0119260986671
0.0302297636619 -0.00789097329001 -0.0236561344019
0.0339788713682 -0.0141442583295 -0.0319474923614
0.0755450707913 -0.0676351025277 -0.030658191102
0.0829806001591 0.0106699289903 -0.000397011731439
0.0444468212615 0.0505223074588 0.0237513068043
0.0329930888786 0.0372391551611 0.0255047802145
0.00671997220934 -0.0325599193831 -0.00417508356399
-0.0201820738925 -0.0087151772479 0.123743762831
-0.016014807684 -0.0893444359654 -0.0860061890347
0.0193338581398 -0.0742937124584 -0.0480333980448
-0.0471214454939 0.0677795915219 0.0763361336469
0.0378990292838 0.0323667931106 -0.000488288225736
0.100486520021 0.00115093947163 -0.0464346406529
0.136685722386 -0.0300924488709 -0.0830204907992
0.189366107918 -0.0708485191154 -0.124688323946
0.163376086457 -0.0735478559125 -0.110704043874
0.116744409883 -0.00847075540954 -0.0545428905928
0.130586412547 -0.0490657172386 -0.0876308078021
0.063929764378 -0.0440092613552 -0.0535535662049
0.0184863680897 -0.0458307395476 -0.0385451694322
-0.00427500759102 -0.0264518449639 -0.0192972902316
-0.017802792772 0.0205107328679 0.0408411028651
-0.00398398035182 -0.0337973588633 0.0677990380483
0.00255516328346 -0.0418665415128 0.0325751313359
0.0563637563194 -0.0570831644076 -0.0502873430813
0.0368504418401 0.0134564694912 0.00460531922282
-0.0458155824281 -0.00191555360278 0.0194131638939
0.0207632199081 -0.0045857985086 -0.0179347404788
0.0282296298061 0.00339728982944 -0.0252765552318
0.0402467524503 -0.0627466701525 -0.0623547269785
-0.0670966095435 0.0158236129161 0.0313791495135
0.0787527896731 -0.00289177155461 -0.0323037266574
0.0843088098359 -0.00586077534262 -0.0257796239966
-0.0344874049994 0.010108101324 -0.0181238783096
0.00585399316484 0.00137017395674 -0.0766390577003
-0.0795661121524 0.00538280512228 0.0190996389751
-0.0889901387015 -0.00186754302125 0.0321629443441
-0.0949690449222 0.0221078824071 0.0385853692761
-0.119794985397 0.0303850786543 0.0533670171413
-0.0299816435829 -0.00738800166816 -0.0144833708236
0.0643346562094 -0.00474332334294 -0.0410061200832
-0.00283335219522 -0.00157124291523 0.0129371053018
-0.0453920743159 0.0565428811427 0.0198243730336
0.0215567865824 0.0277352693575 0.00210636211089
-0.105525770778 0.0683702075683 0.0767388055021
-0.0158281754082 0.0574819497187 0.040596821822
0.0101480342523 0.0227428507108 0.0166093356174
0.0420288819334 -0.00328991452937 -0.0164227295298
0.0421550303435 -0.0220807832084 -0.0419612639862
-0.0763163421306 0.11021669778 0.00617192399275
-0.0869709028269 0.110950890237 0.0228363381355
-0.12610729361 0.0280173231303 0.0833874621055
0.0327687148588 0.0129401301367 0.00944085862876
0.131366406853 -0.0136115134522 -0.0989450939579
0.118416238075 -0.00432338123791 -0.0897124058074
-0.0324330548288 -0.0253390364284 -0.0396900111534
-0.0284485799474 -0.0590673223219 -0.107439862224
0.0139346198343 -0.0458026293935 -0.075964257021
0.0148779125796 -0.0488632458879 -0.0960539653967
0.0437309830016 -0.0374420643569 -0.0853990532162
-0.0601539984413 0.0160531441398 0.0321012827276
0.118163203786 -0.0506704624253 -0.0253511917948
0.101957469086 -0.0593911288812 -0.0188238370435
0.0667892684639 -0.00933239472945 0.0119136676935
-0.0218624465156 -0.014899931707 0.0202860419313
-0.011624853067 0.0453747560397 0.0411130311898
-0.0994251403064 0.0365499141833 0.0361299636175
-0.0195167933281 0.0528313480391 0.0262244780532
-0.0475914508859 0.0577737985143 0.0321863014324
-0.0154243841476 0.0642189981692 0.0345311499005
-0.0459630899534 0.00131494720192 0.0299533681466
-0.0238370730009 0.0159665872844 -0.0112001692459
0.0355980776006 -0.0168441668868 -0.00808731730317
-0.0714092010145 0.0448503291073 -0.0113913531414
-0.0122928443329 0.0465277494474 0.0564470344897
-0.133077558439 0.0071447927921 0.0265112521366
-0.127220175968 0.037042351064 0.0404612173447
0.00679451370876 -0.0618902896292 -0.105552797011
-0.00188562059025 -0.0664021733629 -0.119104985799
-0.0558639435037 0.106162391465 0.0581098352109
-0.00485214337035 0.0305091661402 0.0209654089893
0.00749799867084 0.0145500331302 -0.01361815082
0.129291865086 -0.0588733242939 -0.0702134785169
0.0270626782184 -0.0602459720405 0.0122707752559
-0.0818370513488 0.0118216509393 0.0604742017861
-0.0857006030553 0.0189815576258 0.0537643663458
0.0131254198365 0.0737274333273 0.0320971641058
0.0686312124942 -0.0685681589896 -0.0248226831395
-1.73739350787e-05 -0.00563992970377 -0.0477952456334
-0.0455901353154 -0.0185187578351 0.0335104394446
0.0537767804964 0.0698299880594 0.0193242746546
-0.0212081492099 0.0562334041623 0.00438215741632
-0.0157544923471 -0.0958486399221 -0.0184708724589
-0.0846578632962 0.104647951757 0.122422956492
0.0271021686669 -0.0476257307239 0.00511855965357
0.0191378702743 0.00490697884503 -0.017665332077
0.0180140673137 -0.028592158574 -0.0259841433369
0.0555594909977 -0.0480433927157 -0.0115376197827
-0.00260395634083 -0.0643899514666 -0.0484559733842
0.0893846635725 0.148821969436 -0.108586644486
-0.0719229212332 -0.00363356201317 0.0378960001198
-0.0554481009348 0.111864183671 0.0720341177423
0.00133066371737 0.0334319716738 0.0252814751662
0.0770800946872 -0.117615930057 0.0118433494038
0.0147991490368 0.0214072966486 0.0117326258351
-0.159817058483 0.0359234347245 0.0621144819787
0.0804635921849 -0.0810921048733 -0.0853785023773
