-0.0184327250262 -0.0577176583767 -0.0170069425121
0.00839236421188 -0.0339471292106 -0.0131497739403
0.0623154464387 -0.0220371060239 -0.0234457304812
0.0217431774958 -0.0281774304158 -0.0289805387665
0.00585444408035 -0.0109213980483 0.00910444039093
0.0547893756322 -0.0270306316699 0.0115361756422
-0.141699142031 0.0213622079283 0.15273268597
-0.0760920404554 0.0689674297302 0.0577110958651
0.00603015565923 -0.0129563111026 -0.0264767061384
-0.039290394829 -0.0108122136524 -0.0912716420393
0.0631947811002 -0.0186428600029 0.0199170884598
-0.026121889147 0.00391271434786 -0.0389406818279
-0.0483791835571 0.0507344992963 0.0157581301907
-0.0189373661818 0.0778278346861 -0.00845611103226
0.0615896645286 -0.0387704192341 -0.00465658532274
-0.0395177274279 0.00560973691226 -0.0121250410722
-0.00957049962195 -0.0073557993275 -0.0334070444812
-0.0169853327226 -0.00212258101708 -0.0213684273675
0.065552978907 -0.0119095383805 0.00519184332092
-0.00964594107557 -0.00936101909732 -0.0412915377588
-0.045148254657 0.0698391043181 -0.00894363224079
0.00825107518937 -0.0167275688426 -0.0250759400131
0.0259883561092 -0.00753906404294 -0.0208347468599
0.0540100568401 0.0748779038192 0.043057765239
0.0337623820641 -0.00849104690566 -0.00502312888385
-0.015397841052 -0.0248812900744 -0.0725793611814
-0.014793612218 0.0117543524185 -0.00765581924894
-0.0482858515782 -0.00457797868342 -0.0358512054131
-0.00983977991831 -0.0126607376907 -0.00241164638671
-0.0173869822493 -0.00418267586313 -0.0417158671746
-0.0193572237077 -0.0135784518989 -0.0598636471299
-0.0473328421624 0.0168498556397 -0.0367014348389
-0.00137922145225 -0.0122204830906 -0.0319953042731
-0.00777362620522 0.0026507646698 -0.0193582666552
0.014685510934 -0.00987739122405 0.00561234229449
0.00333624795683 -0.0213955467406 -0.0425857982139
-0.0253369474621 -0.0179976367892 -0.0675590902534
-0.0366742243897 0.0356377571579 -0.02262706438
-0.0157131734243 -0.0124925921735 -0.0575580889201
-0.0771485770953 0.0136615798607 0.0767011833906
0.0512351668463 -0.039106960315 0.0224474193643
0.0181485606428 -0.0262505331161 0.00950702646166
-0.00527593503053 0.0110047278457 -0.00526018895019
0.0212488797224 -0.0114662227536 -0.00918647106557
0.0404797968906 -0.0174111529262 -0.0114516153133
-0.00465284740655 -0.0180746414517 -0.0543090506571
-0.0607585903438 0.0202291710346 0.0229181776127
-0.0311613005779 -0.00795401615878 -0.0750928373641
-0.0208133311489 0.0044663627477 -0.027545556584
-0.0442165886901 0.0314484279965 -0.0171979164762
0.0126186706118 -0.0199840558395 -0.0358165346103
0.00529898033225 -0.00898919957601 -0.0193680732311
0.0272269842762 -0.00491848193996 -0.00472418058158
-0.0879310289333 0.0414549893755 0.0548898596287
0.0233265089825 -0.0391577650774 -0.0392671103688
-0.0174559530354 -0.0521584028487 -0.035711585662
-0.0329080027602 0.0492835082705 0.036879490503
-0.0265502796327 0.0129142294322 0.00511620162652
-0.0307646205487 0.052193606347 0.017048129355
0.0340715467113 -0.0262220334833 0.0215853236644
-0.0571562659557 0.0747072665917 -0.00946009369753
-0.0541755248455 0.0935945153096 0.00808029062855
-0.0734741136433 0.0631741356042 0.00759421065639
-0.00769352057591 -0.00341337302616 -0.0249324074818
-0.0196194712778 0.0131053178112 -0.0176789290035
-0.0333108704777 0.0399415678372 -0.0149877570603
-0.0291888632264 0.0335167023725 -0.00526638741892
-0.0361586765138 0.0532971665556 -0.0165279739973
-0.00510149905282 -0.00126369780482 0.00481725689583
-0.0275377460983 0.00242491201427 -0.0292621276242
-0.0265952573389 -0.013975473202 -0.0482240058524
-0.0625458581783 -0.00711358770427 -0.0719923523674
-0.0579623030275 0.0323430163443 -0.0285105008449
0.0055529529776 -0.102732795919 -0.0113148960793
-0.0223148013247 -0.00513379394444 -0.0519027593103
-0.0395869553825 0.00950440400316 -0.0577299090915
0.0798485468035 -0.009694703884 0.00342925515061
0.0669229011611 -0.0177887150228 -0.00986507324557
-0.0110212348129 -0.0245113854373 -0.0106326448858
-0.0172836112485 0.0253274276755 0.0189769208962
-0.0822365683074 0.0101597063317 0.100423543594
-0.0552108957058 0.0281020446236 0.0695070444429
-0.0992103487722 0.0271308402119 -0.0276115370685
-0.0705927088802 0.0107951142354 0.0962098423549
0.0105683624011 -0.00979496116339 -0.00926486755033
0.0201575012871 0.0168555137945 0.0132196268272
0.0294551202006 -0.00425606416852 0.0237645855462
-0.0154649159278 0.0390232607393 0.0225488629764
-0.038328303808 0.0670962815337 0.0291338366127
-0.0496826829135 0.0395062586727 0.0160590570583
0.0327033524774 -0.0169384721967 -0.0235220719627
-0.0505204282823 0.0579286411723 0.0572310724111
-0.0763676142621 -0.0176427059677 0.014885478232
0.042599615906 -0.0205874441978 -0.00951993677165
0.0120240376167 0.0153701870436 -0.00437372838921
-0.00279999135483 -0.00778127856148 -0.00758412223953
-0.00642745303868 -0.0167184250334 -0.00805734109444
0.0470035316929 -0.0364218786951 -0.0530677182191
-0.0160870364826 0.0297823705961 0.0130884338544
-0.0196776376442 -0.00874841473509 -0.0642519511183
-0.0126220953252 -0.00201626072182 -0.0496448102961
-0.000191768126817 0.0062478479302 -0.0101468691689
0.00680773056251 -0.00928409170311 -0.0162478949369
-0.0117806308238 -0.00514466074969 -0.00965828120328
-0.0702049378219 0.0166034235177 0.000296421258156
0.0758519425673 -0.0205588851403 -0.0152363494735
0.0823030198943 -0.0435281455598 0.00425675908156
0.00453771498007 -0.00648356758413 -0.00499776359328
-0.0415682057098 -0.14560327403 -0.0242997749989
-0.0240060439397 0.01506566072 0.00351233554119
-0.0673780066943 0.071320133913 0.0474320087908
-0.0288853793597 0.0366537657073 0.0109400463665
0.0248726409841 -0.00897445399551 -0.0148777243941
0.020341582722 -0.0230175390522 -0.0301888662218
0.0179345814079 -0.00437493510935 -0.00906531189799
0.0550034797849 -0.041952698386 -0.0389061551808
0.0101435614321 0.0317614805165 0.0361234807365
0.0837081738778 0.0779371277408 0.0466471949983
-0.0627056669735 -0.00406134248547 -0.00589904478443
0.0541690055987 -0.0520508727922 -0.0718156580689
0.00992501529668 0.0339391977835 0.0187326828783
0.0139533374441 -0.00548378197581 -0.00790711177437
-0.0019487307377 0.0121515717265 0.00114349839926
0.0219059625811 -0.0202281666465 -0.0140150957269
0.0206719674631 -0.0206883516134 -0.0102608730115
-0.0255798677798 -0.0214205083824 -0.00428213033237
-0.0837690104337 -0.0194240815664 0.012572755786
-0.0117886264997 0.026817345025 0.0297283438101
7.22262810046e-05 0.00833919864172 0.0206249831075
0.0215526555646 0.0369646850007 0.0535038708752
-0.0165759330488 -0.018918247163 -0.00662431613566
-0.0496305242909 -0.0241498011426 0.0016504228772
-0.0133905859895 -0.018371485573 -0.0110799149566
0.0316998063513 -0.00492111254465 -0.0262075728018
-0.00372363024521 0.0026875929552 -0.00409080930007
0.00800975050871 -0.000640605347542 -0.018995584409
0.064997901721 -0.00740904296327 -0.0444376806578
0.0341013309708 0.00615000533152 -0.00619934840074
0.0433402592268 -0.0179090675146 -0.0296662456128
0.0465933890328 -0.00497516849253 -0.00710649835837
-0.0541893925396 0.0685609998457 0.0848206066214
0.0493977427498 -0.0281834408483 -0.0366577034287
0.00591282459838 -0.0324204441158 -0.0390682283691
-0.0918435542527 0.0596424381337 0.0166048023824
0.0550570703074 -0.0122179350294 -0.00309041544996
0.0930279421858 -0.0181327137595 -0.00332180706817
-0.0428795950156 0.061078546333 0.0337669969207
-0.011283977996 -0.0266570371018 0.00772851885599
0.0169279466821 -0.00345199914741 0.0181068845273
0.0132321287502 0.0249233040354 0.0148364202612
0.0346807505675 -0.0167510888793 -0.0471604991568
0.0308135219185 -0.0184969785292 -0.0270350022328
0.0205067870492 -0.0100770862611 -0.0287014281926
-0.112300157427 0.0189759166664 0.0480927748631
-0.0225789541939 -0.027776341613 -0.0333210881684
-0.00519125733577 0.0153719218757 -0.000829473568284
-0.035785416814 -0.00047644970565 0.0408365302358
-0.0334269229961 -0.091171710249 -0.0349449450147
-0.0238679121679 -0.0736780160602 -0.0279952763316
-0.0401306683213 -0.122382341534 -0.0159218479312
-0.0178116828546 -0.118192639209 -0.0185040424589
-0.0207802296473 -0.0491182773961 -0.00283964027079
0.0403428520641 -0.0618621161139 -0.0256822947848
-0.00830190424305 -0.0217160096096 -0.0126778961841
0.0286748790618 -0.0271625240174 0.000310924749931
-0.0269380730618 0.00664435518238 0.0276867048055
0.0173970813954 0.00804424619195 0.0039296264598
0.0591294906664 -0.0284961577598 -0.0271832199784
0.0794682000778 -0.030631891481 -0.020316310876
0.0148090672963 -0.00637356459781 0.00838901007005
0.0917455727048 -0.0432693165479 -0.0123815381736
0.110398475393 -0.0664032060408 -0.00412007818791
0.102275641949 -0.0776475173375 -0.00270812143332
0.094619140855 -0.0659730302909 -0.00193800313729
0.0377017592399 -0.0209381822924 0.00828231035236
-0.0295144965938 0.0108722551787 0.0175304316769
-0.0654421226193 0.0276071672577 0.0235215958079
-0.0628221523065 0.025953041808 0.0252707747942
-0.0335736156976 0.00430239317527 0.00138693559475
-0.0423001025854 0.0177482033604 0.0138573472622
-0.0682804304326 0.0334585689209 0.0218826631
0.0217762188735 0.0156084524476 0.00418916402198
0.0560664884246 0.0138655963583 0.0183538022398
0.0117276067602 -0.0234835022008 -0.0272876695746
0.0285813599001 -0.0419375542585 -0.0413180655926
0.00783100241635 0.0216054503097 0.0183401831243
0.0502422617227 -0.0387556455457 -0.0422630327491
0.0236818789211 -0.0204011070887 -0.00710620006578
0.0200513328016 -0.0164416129581 -0.0178285817318
-0.0307326128685 0.0081008505414 -0.000748676760391
-0.010913649782 -0.101338128864 -0.0196463779626
0.00110565048588 -0.0465391348994 -0.0552388653314
-0.0466486835358 0.029115344717 0.0839372486866
0.0173035249198 0.00850142591467 0.0239020473822
-0.0652288645963 0.0183819439942 0.0895958634522
0.0632455214656 -0.0258105873711 0.00663314137466
-0.128216430486 0.0235631818689 0.139422582004
-0.0943469968782 0.0135719597421 0.107991121859
-0.0507561526915 0.00568941498938 0.0690058984268
-0.123858446014 0.0141468744365 0.140981909579
-0.125122258695 0.0164512771974 0.143945212663
-0.125536026696 0.027650840638 0.125960958646
-0.0262655980178 -0.00308797042679 0.0316533030096
-0.00207825610135 -0.00380788993312 0.0165317215181
0.0170520629475 0.0068126049728 0.0327754299594
0.0909579129838 0.120913458336 0.0659926083179
0.0642374781676 0.0188441277629 0.00736350578461
0.0691520654112 -0.0488901186109 -0.0569451707199
0.0636402308216 -0.0627281278711 -0.0636436987848
0.0616746777757 0.0072255994216 -0.0035268852527
0.0326340851866 -0.0099070521745 -0.0307742213848
-0.0637677928182 -0.0601966784322 -0.0529670141272
0.00010185002118 -0.00906403619785 -0.00840357812002
-0.054970490842 -0.0249215388638 -0.0351581894617
0.0435185717707 -0.0598382327925 -0.0588520842202
-0.0132515348542 -0.00151539647447 -0.0171340158186
0.0534456970484 0.00880679518281 -0.0282730864782
-0.0670243093662 -0.0192698348487 -0.00098315647292
-0.0137612461336 -0.0428135105526 -0.0726430804693
0.012537433692 -0.050780089164 -0.0544593131075
0.0284758621355 -0.0654702546648 -0.0742020614716
-0.0862718025297 -0.00734809160422 -0.000624869413012
-0.140768646216 0.0577352079809 0.0775651950139
0.0753920339297 0.0912887902155 0.0695799927938
-0.0137741315899 -0.0270597222972 -0.0182891912357
-0.0547419159418 0.0672221954009 0.0387535068235
-0.0578970899928 0.0704834023376 0.0311224883608
-0.0303886321046 0.0402434686609 0.00926167913102
-0.00459756711173 0.00231556713957 -0.0124661423827
-0.0440587359667 0.0421887157631 0.026955341983
-0.010941555343 0.0315402045947 0.0250349395512
0.0141770451252 0.023663562869 0.0235145486683
0.0210271977801 0.025461188936 0.0152541923635
0.0326698983262 0.0134319072294 -0.00360408462633
-0.0038549466977 0.0219872551556 0.0285601352972
0.00607165010806 -0.0300316183406 0.0110781405194
0.0188737722076 -0.0587472966255 0.0011633950158
-0.0183692585437 0.0174355602622 0.0241436062873
-0.0257610152572 0.0265295723967 0.0238863695414
-0.0113357041989 -0.0227659985246 0.000970762364285
-0.072964913829 0.0287109280446 0.092605636161
-0.0238057413293 0.041160507871 0.0347828615608
0.0240001384864 -0.0650515256637 -0.00658493082299
0.0154027936579 -0.0971642003916 -0.0189121144316
-0.00882646655458 -0.125123362539 -0.0202003870583
-0.0320289178458 -0.0199396660592 -0.00301311931395
-0.0207042278543 -0.00738497073786 0.00594371084089
0.0309709412597 -0.047269333859 -0.0644651801179
0.0340569207262 -0.0175037124453 -0.0338742307655
0.00171343786121 -0.0682383865329 -0.00191280610917
-0.0180363307271 0.0212733884402 0.0120494496239
-0.000149859185872 -0.00330472832334 -0.0107769566819
-0.0146256913973 -0.0265709058006 -0.0329366073671
-0.0225129301547 -0.0180912625237 -0.0246582273911
-0.0408795755402 0.0195751550707 0.00613008445705
-0.019825603655 -0.00520018369885 -0.0148173238857
0.0265884605466 0.00483339845346 -0.00595306551079
0.0507898668391 -0.00425385414265 -0.0156475724614
0.0653134275682 -0.0189131160937 -0.0220742569302
0.0129698084697 -0.0390603487763 -0.0454589109318
0.0195294564099 -0.0553946806754 -0.0645570709371
0.0182904824109 -0.0535543390476 -0.0677697985892
0.0151065829983 -0.0480825013366 -0.0587005154133
0.0369290480259 -0.0372009098655 -0.047523732921
0.0239045612734 -0.02193641699 -0.0312916967437
0.0405981062881 -0.0323479382804 -0.0366562077104
-0.123497538241 0.0826770928049 0.0925907622792
-0.151931168691 0.065744866467 0.0806123781161
-0.0165594722181 0.0286944193236 -0.0305166931218
0.0439674316567 -0.0643472904363 -0.0761640932157
-0.00689681711059 -0.0442555816808 -0.0496213982995
0.00987911426167 -0.0337974723646 -0.0438822636757
-0.0628674619123 -0.0131910551252 -0.00342533175277
-0.0376492388583 -0.0130929293233 -0.0064648939187
-0.034432602442 0.0131154885088 0.0494746958418
0.00393356532489 0.021885423037 0.0665308908772
0.0711406456686 0.0126783463679 0.042592537949
0.0690569041954 0.0146353558018 0.00322314165782
0.0912588886911 0.032475089769 0.0735978494043
-0.144079003473 0.0328043092649 0.0603019853775
-0.132892379184 0.0335073699022 0.0547153350602
-0.0345920539263 0.000887272166583 0.00669048215639
-0.068486130423 0.0258942282095 0.0326158352102
-0.0301223880953 0.0378350735857 0.0439417736756
0.0402550263252 -0.024298029516 -0.0476930489668
-0.142057058465 0.0359164483561 0.0503878095983
-0.0664414965058 0.00875557680214 0.0381207796235
-0.103725003101 0.0116007514747 0.0162286509124
-0.0233023350764 -0.0427416719149 -0.0491673054065
0.0209786997159 -0.00852793198209 -0.0301224851869
-0.00897495930627 0.00657501322868 0.0166983485284
0.0169694182467 -0.00885056045736 -0.0367279402605
-0.00692254901188 -0.00448908632412 -0.018320270643
-0.0472224877692 -0.00570504082686 0.00690678545987
-0.0340864570463 -0.0144498886522 -0.00784293887194
-0.0228799363577 0.0189396360017 0.0557404098594
-0.028363434009 -0.0107300918406 -0.0305411739074
-0.0714365474499 -0.0339027879535 -0.0382267877094
-0.0545278655514 -0.00779904390023 -0.0105458367635
-0.0502362905911 0.0115401646465 0.0315810619854
-0.0633995289112 0.0111320514357 0.0522272506002
-0.0733362717764 0.0159722741766 0.0810922467423
-0.00606029918941 0.0229248722888 0.0747759352726
-0.0675321561253 0.00477206313101 0.0603628155674
0.0542404467959 -0.0258721875039 -0.0740745129038
-0.0236658017464 0.00359353673886 0.0696038577639
0.0789683357498 0.0140369190449 -0.0353708205118
-0.0239601724164 0.0403996092705 0.104702340578
-0.0924372205192 -0.0770412869598 -0.0708620916735
-0.0912979679463 0.0136695216562 0.0307202052849
-0.0546958915222 0.0105395258129 0.0154238088892
0.00473790781698 -0.00553451161171 -0.0124095509936
0.0420893552781 -0.00316972869916 -0.00369207112775
0.069896915535 -0.0401569082558 -0.0535640502946
0.0700246556132 0.00378094608785 -0.00617512749671
0.0709174867264 -0.00263880320946 -0.012133714685
0.0439937230853 0.0190467021999 0.0254548484932
0.0601971355601 -0.027150309803 -0.0438659416115
0.0406757153744 0.00463472612381 -0.00639318135522
0.0718470050898 0.056781779704 0.0382965806937
0.0536254391525 0.0659356837642 0.0571834817406
0.00581583025546 0.0174896601981 0.0315188508831
0.0481785150368 0.0437540845196 0.0347331655674
-0.0294714978288 0.00608429620144 0.0309925349942
0.00152810016042 -0.00263265758716 0.00191986671289
-0.00819812837736 0.0127436516859 0.0463750029703
0.031772346501 0.0152047461017 0.0490103794854
0.0554609992157 0.0242047835187 0.0722973889969
0.0556924048857 0.00910296438392 0.0173862361384
0.0612481013936 0.00201453852287 -0.0155768354703
-0.0211913867074 0.0202266439684 0.0627883503873
0.070147964276 0.0250600077037 0.0321381453012
0.0731300620117 0.0265605880288 0.0165609969988
0.019762358714 -0.0143413033148 -0.0523612300979
0.0674426537227 0.0112119687895 -0.014267772054
-0.0226039986044 0.0250657501001 0.0732665786587
-0.00107693420686 0.0250795033461 0.0753297437391
0.0349577133637 0.0251596402748 0.0787417430606
0.0464014734541 0.0204861392373 0.0620767576923
-0.0203777725699 0.0109793967479 0.0541499836095
-0.0319781869143 0.0245938651584 0.0757879656953
-0.0416031769951 0.01823233301 0.0682976516274
-0.0580344833607 0.00958372922427 0.0583581813491
-0.0698245096281 -0.0024172585211 0.0358738649531
-0.0589372872925 -0.0146942992007 0.0256896149637
-0.0560955466684 0.0173328933121 0.0836052299831
-0.106851783257 0.0802929156269 0.1038707809
-0.057274621602 -0.039700919145 -0.0189472747946
0.00205618995713 -0.0221314269874 0.00132222453369
0.00669233409732 -0.0718846785175 -0.107496523126
0.10502255178 0.0875214553783 -0.0175384222292
0.0851481726192 0.105803795816 0.0560186998444
-0.0382776766756 0.00506958938743 0.0482000357311
-0.0585574682943 0.0097613373469 0.076750014859
-0.014508063909 -0.0133501659119 0.0203028563961
-0.0395396569923 0.0190358326846 -0.0121329410854
0.0555495040407 -0.00401183440985 0.0144310293434
-0.0321986079966 0.0252404061527 0.0704806774173
-0.0217170260711 0.0118396771039 0.0233694847825
0.0656744883619 0.0161415259483 -0.00788421995542
0.072342456842 0.00442420233923 -0.0376415480843
0.0696225235145 -0.00927500242868 -0.0480100823547
0.0390136765256 -0.00177479213304 -0.00592200174385
0.0454422419024 0.00707456090279 -0.0258785795441
0.069889695903 0.00798709221875 -0.0250318096801
0.072274831607 0.001996308818 -0.0342213245544
0.0720963541579 0.00162187921821 -0.0356048252194
0.0650976521229 0.00365519117002 -0.0332865611765
0.0658974811612 -0.010253548083 -0.0481319701026
0.0458899707156 -0.00885520287615 -0.0289232670464
0.0453976410768 -0.020143019306 -0.0586041111228
0.0227351626077 -0.0134680943986 -0.040639963941
0.0139003938588 -0.00515224140973 -0.0142076388593
0.0178095674577 -0.00725456194815 -0.0281040932898
0.0136929432975 -0.0080422510784 -0.0330465961925
0.0161199893798 -0.00466615566904 -0.0225944384489
-0.00999921418177 -0.0122366929297 -0.0141554279675
0.0186113775839 0.000115570912247 -0.02001258072
0.0254486791086 -0.00607649251427 -0.0157150094422
0.0184834393088 -0.00791780377502 -0.0176294200362
0.0306340693836 -0.00730798896894 -0.00946227177291
0.0484138002557 -0.00637643781325 -0.0282228937811
0.025720971337 -0.0214959658631 -0.0492383042272
0.0456735294901 -0.0273655009438 -0.0579022841629
0.0103647731044 -0.0171729034032 -0.0262636467334
0.0952458852856 0.109275195439 0.0704343554396
0.0991955489213 0.123178262117 0.0727997244595
0.0193477112464 0.0668845341243 0.0537130954038
-0.025900352446 -0.00975893621517 -0.00409148893598
-0.0667470794635 0.0136300760917 0.0799298738276
0.0672853227513 0.0102897961171 -0.027742947744
0.0207623028101 0.00664311623864 0.00379368436427
0.0913757668686 0.0133159777899 -0.00846703309962
0.0467921828028 -0.00740600793856 -0.046479362
0.0217681369574 -0.0287342934779 -0.0698532628015
0.0115347504961 -0.0555775365353 -0.0964157106854
0.0782497016222 0.0155801911274 -0.0421316802948
0.1028445673 0.0224904352423 -0.0429436836939
0.0640116460642 -0.0346233862949 -0.0844471037174
0.0672133018528 0.0407129545808 -0.0413435309698
0.0121114237629 0.100177218721 -0.0625893506273
0.0448673192734 0.207364271636 0.0328976530699
0.108529899005 0.0292706890818 -0.0364475758353
0.124258209808 0.0890404202306 -0.00549244487602
0.0816647401374 0.135752215742 0.0300636045711
-0.0525737061436 0.148155100534 0.145832048006
0.0729977801221 0.185451554083 0.074403772516
0.0514889502013 0.148290088246 -0.0162197920752
-0.112444519572 0.150448948068 0.0279536645521
0.0107440165127 0.14480251192 0.136720453216
0.0250530992498 0.0582984226888 0.0849056736317
0.0846256601807 0.103054732953 -0.0479985009348
0.0418277806208 0.0614783878673 -0.0582679107449
-0.0447177900119 0.0496191779243 -0.0459992399751
-0.113640752407 0.0425186558474 0.0312835778691
-0.0968171338933 0.037492774694 0.0924363758233
-0.0602912815889 0.0523641481873 0.114444137541
-0.0814938497734 0.0956427329759 -0.034308860293
-0.0287372782102 0.0980367341171 0.147155514072
-0.0619692906612 0.0938555990705 0.138324087911
-0.0233415404508 0.155823569473 -0.0468152510279
-0.0523281155214 0.227290874035 0.0187108632161
0.0279663368044 -0.00125542884786 0.00541299564368
0.0516910539967 -0.0341399182843 -0.0556070915428
-0.0837718193457 -0.0440621230815 -0.0344261049542
-0.0765469248836 -0.0630136301102 -0.0704263288374
-0.0677131192795 -0.0863572076916 -0.0935570716908
-0.0541125014791 -0.0853515612256 -0.100302797447
-0.0563570623958 -0.054441409857 -0.0587464665361
-0.0254817427322 -0.0681411720337 -0.0944189864053
-0.0840163261673 -0.0393892529502 -0.0128047855861
-0.0600573828263 -0.00402091124573 0.0364887613251
-0.012438031511 -0.0691895097852 -0.0785151546536
0.053301372308 -0.0368447026909 -0.077552872476
-0.0484726124391 0.0105230802097 0.0308575000167
0.091647067416 0.104882069206 0.0585119208551
-0.0555481941596 0.00511526705004 0.0238084635456
-0.0225360573694 -0.0231135777009 -0.0355802845354
0.016375502337 -0.0115986759022 -0.0468197934629
0.0104905452147 -0.00963791109286 -0.0355478596315
0.00233510118374 0.00248137251525 0.00133305851158
0.00960819458266 0.00773774437093 0.0167013963878
0.0040012465893 0.0256593163952 0.0531996544581
0.0295324605853 0.0549768629033 0.070497561182
0.0310693776405 0.00564397403552 0.00479796317652
0.0483427136473 0.00130366406316 -0.0149929954821
-0.0916817284343 0.191822088431 0.108456577708
-0.110254893517 0.130268273609 0.106202700255
-0.0326451960842 -0.0138156231533 0.0325479428971
-0.058842077722 0.026303974615 0.0231819919239
-0.0746617574619 0.0362626132533 0.0300834565008
-0.0632250193617 0.0484383149335 0.045682334069
-0.0904972755692 0.066991226874 0.0687938598809
-0.0815662199257 0.0793438507148 0.0867342961715
-0.0716826675268 0.0303458173315 0.0235214442252
-0.0473286643848 0.0283169738139 0.0141226310584
-0.0100021781336 0.0246054774353 0.00740924582543
-0.0267236309581 0.0312528028923 0.0187494053243
-0.0029119482079 0.0337109191231 0.0286286595527
0.000770867750959 0.0440953631822 0.0470380874543
0.0268054461975 0.039976620313 0.0508693743945
0.0497932064482 0.00841579122186 0.00545848864578
-0.0575548060262 0.0449842133332 0.0375805098825
0.0678941506266 0.00908238678035 0.017081307346
0.0673586498817 -0.0162513160919 -0.014137818182
0.0450635548286 -0.0379850255271 -0.0452535565677
0.0396981209256 -0.0332365165763 -0.0459764094031
0.0499154900321 -0.0197228887685 -0.02578564702
0.0370357643362 -0.0257445357454 -0.0452814654003
0.0358258001487 -0.0116477804434 -0.0326598407646
0.0455045318197 -0.0194858385816 -0.0393673135009
0.0321811286319 -0.00902848223926 -0.0254431843037
-0.0690750624713 0.0358529211094 0.0337201885867
-0.0117534429762 -0.00997470843509 -0.0116642290901
-0.0129065285689 -0.00288226454342 -0.0062019808732
0.00111203912634 -0.0267602143015 -0.0287759954049
-0.0485372226483 0.00256340115242 0.000934791262518
-0.0877441362288 0.0512254812961 0.0539294914218
-0.100687146984 0.0436423773351 0.0470919193811
-0.0942955820538 0.0856505878954 0.0995486988529
-0.127494069604 0.0841598294934 0.100425171758
-0.101365424148 0.0685985309143 0.0862838159357
-0.0687191650194 -0.0238582643063 0.00600192449606
-0.0540349148667 -0.0260050395293 0.000690762264702
-0.0383241173423 -0.0113509416509 0.00320458649619
-0.00332427357782 0.0413011664677 0.0279705273009
-0.00805752524397 -0.00603394557513 -0.00507234832396
0.0434390415488 -0.00440563890415 -0.0123600542905
0.0205359781801 -0.00741010085697 -0.0155606935079
0.0233310347672 -0.00967221005174 -0.0106753397995
0.0156982662387 0.00150885730519 -0.00913249360483
0.0116083866966 0.0103072978822 -0.0106339578855
0.0335304617839 0.0031584533073 -0.00649416391009
0.0324036295838 0.0125244223283 0.00128084118204
0.0506551177631 -0.00337692787146 -0.00115721552293
0.0711493523232 -0.0142503328694 -0.005756209806
0.00363979459566 0.0328547419819 0.00930285270137
-0.00729373675201 0.0333744718548 0.00310354378248
0.0477264800567 0.00227603242288 0.0072450144175
0.0446159349195 -0.000347834308458 0.0174922483171
0.0708189773913 -0.0103635491877 0.0122113473957
0.0944924187677 -0.0182265353574 0.00491714415708
0.0797419813777 -0.0218269515945 0.0118999060433
0.0556472058689 -0.0143177557234 0.00535420318116
0.045847291953 -0.0199880410375 -0.00924149247641
-0.00148366673497 0.0337634174185 0.0185158660527
0.0713914633461 0.0753077870178 0.0416078315148
0.0538725917671 0.00962877330455 0.0021707508567
0.0382405952496 -0.00523914641822 -0.0080102839021
0.0625131426791 -0.0294474269821 -0.0301157263358
0.0597785729585 -0.0593904776537 -0.056262834482
0.0523962483191 -0.0579937569121 -0.0532677783198
0.0424180037933 -0.0461835729434 -0.0423037623945
0.0403050102841 -0.0498151921705 -0.0469212140637
-0.0441940988346 0.0722574345211 0.0331652347559
0.0912478031397 0.127303091982 0.0669166169314
0.0641662312233 0.0999798598698 0.0517508657136
0.0480812825923 0.0849148368612 0.0488656720488
0.00651489381274 0.0593009158972 0.0401751347816
0.0565565275198 0.092133992102 0.0522507453336
-0.00630424590047 0.0607235943018 0.0460158515861
0.0548636301208 -0.019722046154 -0.0554694264275
-0.0487301002281 0.00363753329669 -0.0614058449778
0.0430087939677 0.0645109939066 0.0605638246899
0.00855059418902 0.0444803774728 0.0641464114355
-0.0377861798872 0.0116722876708 0.0455028858448
-0.0677872613459 -0.0256683461747 -0.0207849578359
-0.0668526504735 -0.00270258130733 0.0143933007065
-0.00949342028495 -0.0187169201209 0.0449512649318
0.0510473609273 -0.0509369776641 0.0143831316279
0.0695745267069 -0.0572497391758 -0.00346841177027
0.0284589917165 -0.0228731570608 -0.00656657303407
0.0501321078901 -0.0283959645762 -0.00586701546991
0.0151008751459 0.00478714176716 -0.00169513989927
0.0944216282647 -0.0654740433756 -0.00534254123817
0.0784466852418 -0.0607011527662 -0.00477899841193
0.0657487968934 -0.0426148804662 -0.00119781155365
0.0553359173356 -0.0287425094472 -0.00684349249831
-0.000755932131728 -0.0211212800634 0.0493324300953
-0.0811758850214 0.0113820038092 0.0901603960869
-0.133593930164 0.0205413206755 0.142059940744
-0.130801983667 0.0220773012961 0.135575081119
0.0575660505961 0.0102382872528 -0.00392906525705
0.0118981877956 -0.0889418625068 -0.0230245846818
0.0335640970448 -0.043198776899 -0.0603769088895
0.0766857946655 0.0214182613688 0.0417192538849
0.0858919294691 0.0256591690675 0.0383123242827
-0.0629895658381 -0.0253308501631 0.00633759662138
-0.0434104627544 -0.0109767374946 0.0121779796758
-0.0471418582057 0.00144436302658 0.0162538250678
0.00212718523782 0.0152979458442 -0.00769847832355
0.00300000499153 0.0294854231108 0.015123269206
-0.0108679446651 0.0271042804368 0.017467029665
0.0115000414494 0.00621742336406 0.0113067951109
-0.0115936068694 0.0151316997856 0.0133277052664
-0.00722440147362 -0.0010146697196 0.00590633878643
-0.0412315593867 0.00814384558322 0.0144885967062
-0.0156313851693 -0.00485550954405 0.0199082473034
-0.0174874110385 -0.0277563075108 0.00543258781728
0.00124741961748 -0.0240909996685 -0.014622165854
0.036886459625 -0.0161356196583 -0.0257760523536
-0.0500855126877 -0.000561995871847 0.0221273526646
0.0283889066088 0.0418212352051 0.0249465924937
0.00707558933137 0.0310044182244 0.0175427203898
0.00457694668129 -0.00177065556704 -0.0110931708494
0.0080233168805 -0.00962202682123 -0.0212487944244
0.00276416473818 0.00275473328221 -0.0134350115967
0.010141209765 0.0069922636178 -0.00897716392028
0.0223416917322 -0.0142520650885 -0.0227007421781
0.0200620620441 -0.0164345856273 -0.0203293628037
-0.0222239307037 0.0283680168519 0.00708858725508
-0.0354603658473 0.0553937235959 0.0343388551848
-0.0182581881492 0.0439453164812 0.0261394879922
-0.0329410205225 0.0673971128025 0.055674630278
0.0207941585346 -0.0248098618422 -0.0283635365009
-0.052388011104 0.061286530376 0.0342657303797
-0.0525728855542 0.0568349080538 0.0254795117451
-0.0704232831538 0.0687667786304 0.0328154395451
-0.0662430079206 0.0115961432243 0.0414731493131
-0.00727083942865 0.000859612463306 -0.00923673895789
0.0507621838292 -0.0041116038182 -0.0204429843096
0.0296713810056 0.0161497366169 -0.0554940120968
0.0190578630632 -0.00539040532432 -0.0155978964386
0.00161683072123 -0.0123289680103 -0.0106119442789
-0.0140440146637 0.02225767583 0.00134983241724
-0.0511186927205 0.0428158420791 -0.00108049848688
-0.0892658035699 0.0525434427254 -0.00564944291316
-0.0264774746768 0.023502997148 -0.0158724058481
-0.0126527739727 0.0112067041805 -0.025771646453
0.00317963168103 -0.023178595459 0.00503475686681
-0.00324539762214 -0.01071856081 0.00799959137756
0.0165797822327 -0.0142187503836 0.0192415841848
-0.0363886494767 0.0640828093426 0.0730673640553
-0.043719290005 0.0446805408641 0.0364708792441
-0.0749561890134 0.0482595413399 0.0274182381815
0.0343235838549 -0.01114704098 -0.00797614988969
-0.108282336552 0.0390494323163 0.108288639412
0.0223603609089 0.0130058696576 0.0171697376385
0.0225866901865 -0.009792856202 0.0111744246704
0.0534316383393 -0.0259408242171 -0.0417293754564
0.0501960856812 -0.0242847224971 -0.0340866567783
0.0342820592729 -0.021472987395 -0.0244050377801
0.0235847331494 -0.0172580793882 -0.0188738264668
-0.0229121142478 -0.0145264751188 -0.00287918027794
-0.0687581476577 -0.0163191574008 0.00994630664079
0.0157633679649 -0.0149777308884 -0.017916373469
-0.041866743762 -0.019691816342 -0.00109260673088
-0.0788776854516 -0.0109633510754 0.0191939723968
-0.0250591935193 -0.0127909586971 0.00758849083602
-0.0219119957079 -0.0108883885388 0.00585091642811
-0.0391970083786 0.00644854519612 0.0340048353025
-0.0871076151635 0.0243079084633 0.067826251867
-0.0528868502933 0.0112770144331 0.0273712435266
0.0687470082151 -0.0465346005139 -0.0503228060986
-0.0580720296172 0.00578762231278 -0.0169284889379
0.00714126031132 -0.00646957156419 0.00198690049815
0.083758338207 0.0173565762434 0.0102068044402
-0.0720680013392 -0.0236488420433 0.00355436910149
0.0755845887076 -0.0144310354227 -0.0128699653535
0.0453688014146 -0.00849914652785 -0.00856463279665
-0.0230714480511 0.0495040654565 0.0627579289575
0.00421569696072 0.0456644439866 0.0577738964135
0.0703993842151 0.0213885107594 0.010469997187
0.0835759731555 0.0309803958011 0.0463559561207
0.0421511113315 0.00630360188516 -0.021341141969
0.0352408300466 0.000277984992407 -0.0363456860937
0.0343164043648 -0.0067006716262 -0.040861972502
0.00652747260175 -0.0376659030108 -0.0779353436931
0.0590315040248 0.0173681914118 -0.00582651878891
0.0374450045089 0.000485416708427 0.00368514403188
0.030409601442 0.0100427692518 0.020129395346
0.0515370473882 -0.0251832611232 0.00404867249769
0.0664673790704 -0.0255192438971 -0.00624617690449
0.0398913166576 0.0720789396333 0.0377709612128
-0.021847099517 0.0316506307618 0.0126993021042
-0.00292059464114 0.00462055987691 0.00667357473912
-0.0790649891274 0.0476037911965 0.0602815381329
-0.038724715462 0.0249483670819 0.0257566793683
-0.0288168145899 0.0425231764857 -0.0198801642765
-0.0281469551692 0.0820754571002 -0.0278119413706
0.0212841859133 0.0630979741111 0.0463952505621
-0.0284110994976 0.00751002611547 0.0354207537331
0.019953773613 0.0010989405733 -0.0112978494872
-0.0063626310812 0.00725671603739 0.00733693636947
0.0116498303487 -0.00420553660864 -0.0192008669166
0.0189803233697 -0.0043646455189 -0.00990170852842
0.058791449288 -0.00396169867388 -0.00276436911529
0.0493352681299 0.00134742789813 0.00120340189815
0.0278361086335 0.0161584234313 0.0179680181446
-0.158473826696 0.0774760706674 0.0992781481241
0.060322548377 -0.0377998729833 -0.0247719362112
0.0431942447903 -0.0401748825744 -0.0143449962435
0.0505456859388 -0.0148753941894 -0.00621725067405
0.0372510149564 -0.00115851508151 -0.0307253282466
0.0392950243798 -0.0114542626893 -0.0293673868147
0.0022640167954 0.0205496712145 0.00952085653171
0.0060376606241 0.0417930464849 0.0260232691236
-0.00318319086665 0.0237130807122 0.0148576999604
0.028771368722 0.0615290069178 0.0369443303495
0.0383420850716 -0.0109503356341 -0.0165543909463
-0.0922692877736 0.0331458252563 -0.0402346613338
-0.0505135940664 0.019443178621 0.0567871370399
-0.0100118836843 -0.0135606212075 -0.0364618609709
0.0529987647609 0.0696336596935 0.0684083356697
0.00766969856648 -0.0102676576406 -0.0128840742817
0.00441683394316 -0.00375736804549 -0.00766194905915
0.0213354380877 -0.00684557987647 -0.0118902635979
0.019498178022 -0.00416270929967 -0.00942944873054
-0.0464264391423 0.0680514129543 0.0268273111579
-0.0355264547953 0.0592422106774 0.0248304825729
0.0969959568437 -0.0707268895248 0.00150822798849
0.0965245066986 0.0064044216151 -0.0180126105315
0.0164844966001 0.00620963691125 0.0472667277418
0.0304284388648 0.0497298431551 0.0459045544691
-0.159920855926 0.0503837039033 0.0758989516618
0.0389364862796 -0.019834181029 -0.0277878140844
0.0344451941659 -0.0487404520662 -0.0266174127675
-0.0401072597998 -0.0195367462384 -0.0845765683445
0.0928135492253 -0.0157469885971 -0.00256723420351
-0.00238885479875 0.050233705603 0.0437836095123
-0.00704760444904 -0.0421901405712 -0.0246803191371
-0.0178817992696 -0.0774390989979 -0.00854198702107
0.0498900434977 -0.0311940679698 -0.0434005522854
-0.0377316987474 -0.0474183239338 -0.0279822711176
-0.0949627684801 0.00599791784751 -0.0496401979823
0.0445617142388 -0.0687842804961 -0.0737615565263
0.0141666067053 0.00718040500124 0.0202757794065
-0.0648418726461 -0.0526133788664 -0.0510595741119
0.0912157973141 0.0501576694541 -0.0324761735895
0.0402226126453 0.00122842550376 -0.0383059952097
-0.0350075953433 0.0527402140559 0.0244324057669
-0.0245180289405 0.00386557154863 0.000202264555438
0.00767284428423 -0.0112813769554 0.0399768471159
-0.0923407329709 0.0358181146734 -0.00227227292091
-0.0138389106193 0.0175509955388 0.0144938860704
-0.0279136748071 -0.0151032836655 -0.00224460624856
