-0.0177034973311 -0.0388062683903 0.0213324747144
-0.0419229415542 -0.0237219003268 0.0233218090039
-0.0682853687396 0.0123723874649 0.0188021321826
0.0154280404667 -0.0359832164326 0.011981948492
0.0379797203249 -0.0459330149134 0.000237513760593
-0.0107026749144 -0.023192727301 0.0123273697738
-0.0349134172176 0.0167818923338 0.0363948929639
-0.0479941930751 0.0619243229992 -0.0199383523666
0.0938829640184 -0.00531664991988 -0.054995382401
0.00423172985023 -0.042409927989 0.013349033718
-0.0347815630006 -0.00960858299355 0.0119338585621
0.0301765931724 0.00232504441785 0.0322378894413
-0.0305438994426 0.00583109166955 -0.0128211003174
-0.0426166929972 0.0391260781102 -0.056816722437
-0.00350160493605 -0.0204366778082 -0.0073450194782
0.013739226296 0.0173652178801 0.0731035992797
0.0344868323908 -0.0144089316883 0.0223598173207
0.0158854550454 -0.00189350700829 0.0610066954964
-0.0668223127839 0.0258242772963 0.0164929762571
0.0319120770761 -0.0185762668572 0.0234955127735
0.00678640380055 0.0281045768737 -0.0215549311549
0.0294528546911 -0.0285284863785 0.0157760618805
0.0138426031154 -0.0148305216554 -0.0115765801096
-0.0561609423248 -0.0118009712603 0.00461752568936
-0.0145911439081 0.025846359043 0.00551099151269
0.0212821109715 -0.0337274599833 0.0244206980907
0.0380720528706 -0.0131439934852 0.00373945552146
-0.0437554698986 -0.0300837613311 -0.0424185631302
0.0325135171878 -0.0232612806477 -0.00981507348303
0.0324490606013 -0.00916806950307 0.028052046152
0.0288246886081 -0.0149662398921 0.0354521643153
0.015236788296 0.0228172149657 0.0605823596456
0.0324417299297 -0.0230167242469 0.0190033985801
0.0359478203081 -0.0190037969547 0.0127874046124
0.0250505039003 -0.0323894096704 0.00942981995597
0.0240280670863 -0.0314017600531 0.0178161410259
-0.0182419352387 -0.0429601570796 -0.0067427767518
0.0258084134544 0.0135833600794 0.0122843021367
0.0278545452936 -0.021015867202 0.0280798882831
-0.00179240330831 0.0252446737557 0.0636500921798
0.00769704525039 -0.00219932294161 0.00274524810996
0.012154439562 -0.00603129185653 0.0227905366093
0.0188352437267 0.0225739689432 0.00839137284883
0.00216539512863 -0.0257506312522 0.012344385289
-0.0393074145116 -0.0122475665597 0.00590935056727
-0.00103790879049 -0.0366300422989 0.00772020335546
0.0221661017847 -0.00915745123703 0.00173479477124
0.0227779804886 -0.00934378418541 0.0522504436281
0.0329966457193 0.00024224089139 0.0234265583384
0.0183493176782 0.0278231334043 0.025004898464
-0.0253173084874 -0.031586831944 -0.00337361199114
-0.0586343803527 0.00107600514771 -0.0130305433625
-0.00220306207602 0.0180135989091 -0.0051063598474
-0.0193596665444 0.0506705969663 0.0470229992975
-0.00345692351593 0.00867944968786 0.00501077207628
-0.00395804302465 -0.0132820929945 0.00375378429363
0.0158157385913 0.0217395134536 0.00570489743975
0.0142922094561 -0.000918527543227 0.00324436625215
0.00917177096355 -0.0223016000734 -0.0273373655616
0.02308987337 -0.0399017561489 0.00691848835475
-0.00117217870055 0.0457249909227 -0.00304350976746
-0.0306050387294 0.0597216335121 -0.0377104249798
-0.0138220982433 0.0559967672927 0.0282768454367
0.0358597321473 -0.0159357359749 0.0172584399697
0.03491882184 -0.00403154113005 0.0118477732084
0.0281937226245 0.00631597699261 -0.000168363497755
0.0290479065944 -0.00148286789769 -0.0109510006724
0.00315924927988 0.00933945155538 -0.0325398971002
0.0420501025231 -0.032105659655 -3.09189482079e-05
-0.00242490318136 -0.00727465708349 -0.0166147491379
-0.0400796600575 -0.0365133767103 -0.0256956964745
-0.0257288315121 -0.0558469843478 -0.0340246114318
-0.0297537320561 -0.0356524071021 -0.0308218002042
-0.0390181836008 0.0227389897645 0.00870318228816
0.0300388374352 -0.00809621092696 0.0342860696307
0.0228590811151 0.00813333281584 0.0499309601017
-0.0621913146081 0.0301525008601 0.0173185458672
0.0245688144986 0.0272729422279 0.0133147909126
0.0620213285054 -0.00382936396806 -0.00737928502347
0.0498054356353 0.0433036913362 0.0100035860526
-0.00473641819967 0.0102025083212 0.0371084410404
-0.0375507978919 -0.0165487156416 0.0214092648713
-0.0419387764488 -0.0349984421477 -0.0580454579939
-0.0508996647168 0.00421448974571 -0.0103028630721
0.0278068406528 -0.0297595121321 0.0117252928483
-0.0476486214718 0.0017152411335 -0.00350371903615
0.000756579395055 -0.0308134129147 0.00206756806821
0.0129385244002 -0.0284966322973 -0.0109913102656
0.0361305517173 -0.0237187430022 -0.01593846257
0.0327934617092 -0.00751227411919 -0.0123461807716
-0.0248690451436 0.00219631204631 0.00152176343248
0.0044433733152 -0.0120653167845 -0.00520978248459
0.0507700817204 -0.0145501130455 -0.04067226892
0.0114988843262 0.00959059504257 -0.00108399139896
-0.0255286268334 -0.00160601190893 -0.0171755704931
0.0305989500021 -0.00606688753654 -0.019028836568
0.0652068953224 -0.00564005092789 -0.0241255678096
-0.0606999307013 0.0397949367386 0.0516295849589
0.0602591485516 -0.0260585346822 -0.0131304054665
0.0179651074008 -0.0151345778428 0.0518688560778
0.00272228448706 -0.0322894829191 0.0108716807796
-0.0155044383453 -0.0205171971633 -0.00400272549349
0.00961100666927 -0.0143050033492 0.027174865954
-0.034195112189 0.0130186199851 -0.0226891755977
-0.0113849056417 0.00898925021325 -0.0379113466529
-0.0180333265777 0.000586871186798 0.0018427022611
0.0243504678755 -0.027809020725 -0.015865172315
-0.00150906847145 0.00215849466265 0.00168285606496
-0.0221379554532 -0.0057827009717 0.0175682518852
0.0280899070581 0.0280607627579 -0.00620312191041
-0.00847516689111 0.0423248359364 0.000279197802113
0.00251949791942 0.0284202937424 0.0062849489288
0.00739004069465 0.00634186377107 0.000293236420675
0.014011988339 0.0106011090825 0.00209504048701
-0.0100409183991 0.00803820659057 0.00582770013633
-0.0254871709608 -0.00536302407621 0.00146159699354
0.00795568514852 0.0099735091665 0.0145712636004
-0.0583160658908 -0.00336885729652 0.0278641640655
0.0546571494986 0.000275323795843 -0.0245305977457
-0.0840156355863 0.039046916399 0.0672460466357
0.00789338516045 0.000665678376982 0.00257049936626
0.0595200578613 0.0307498574643 0.00813429877569
0.0499318607159 0.0218250723219 0.00889630077135
0.0640732476235 0.0170155965335 0.00589113900156
0.0415342308813 0.00947240231098 3.32272781284e-05
0.0562486421638 -0.00961672577081 -0.0176302790402
0.0489347480432 -0.0125959047891 -0.0255739601989
-0.0397781833157 -0.0193263328548 -0.00851520519723
-0.0240981939903 -0.0088877232607 -0.0056816609158
-0.0180479402246 0.00453492040269 0.0225377685599
0.0546472573186 -0.0174976235966 -0.024299473715
0.0688464824486 -0.0187892853913 -0.0365616587566
0.0765500061106 -0.0089307756273 -0.0394503941644
0.0171059196861 0.0244656091228 0.0119720775625
0.0443909266945 -0.0113093486851 -0.0180591101382
0.0518144861629 0.00253098519769 -0.022795119245
-0.0153630346365 -0.00376622238254 -0.0115505036627
0.0467893592315 -8.37646583668e-05 -0.027062858869
0.0213860072739 0.0161945795682 0.00996520511173
0.000702744175696 0.0024043718937 0.00628734704442
0.0844321319177 -0.0269535928749 -0.0436655483328
0.00362407371938 0.0104639327969 0.0143762779835
-0.028054224379 0.0213337423766 0.0255151838267
-0.0330398044016 0.0025488023344 -0.0345545221376
-0.0377226265982 0.0148040322195 0.00210436566487
-0.0172399717781 0.0157918538845 0.0117810121157
0.0269151647396 0.00423646239232 -0.00358116066522
-0.0190351401764 0.0327167720806 0.0103991951612
-7.9760552666e-05 0.0188819740068 0.00335408866818
0.0229528103046 0.00261503057549 -0.00247209651634
0.057480912699 -0.0100307171102 -0.0432294441488
0.034749459553 -0.000946778063468 -0.0178684615279
0.0105479364923 -0.0112251416447 -0.0244614272782
-0.0652769003823 0.0195598029008 0.0341156671379
-0.0208382538452 -0.0117650362903 -0.000615265777192
-0.0366790183706 -0.0078761536028 -0.013748815932
-0.034220637439 -0.0459289530597 0.0293811863461
-0.0162568782484 -0.0151544007812 0.0140974212699
-0.00783874229152 -0.000332251849948 0.0115860226162
-0.0162924111976 -0.0329592612342 0.025705557698
-0.0382741280418 -0.0117082948692 0.0194005553587
-0.0305860736247 -0.0424165303322 0.0321106367452
-0.03552596358 0.0110475711742 0.00954245881893
0.0248094629485 -0.0258806098146 0.00348525838416
-0.00288997756806 0.0156415776776 0.00238479476197
-0.03633987608 -0.0461257858027 0.0332941650152
-0.0372090756073 -0.0171675716437 0.0176255255782
-0.0318935453264 0.00267533903121 0.00901385406866
-0.00162620126847 0.00420461637774 -0.00209708283689
0.033929927594 -0.0089543534995 -0.00857338996806
0.0123589781895 -0.00655447492573 -0.00930433966252
0.0182222356434 -0.0181169249623 -0.0112229609436
0.0190782439386 -0.0272983993247 -0.00579007123684
0.0165229801743 -0.0288654215087 -0.0131728418427
0.00950423171517 -0.0211015702343 -0.0104206354407
0.00239487734038 -0.00623887334531 0.00127191091906
-0.0217017302572 0.016099804477 0.0229736003063
0.011070203668 0.01468732565 0.00185079745268
-0.014460121203 0.0150765354262 0.0155805487925
0.0531539803304 -0.0142309272847 -0.00619753849363
0.0225759982001 -0.0158388250795 0.0016524417487
0.0227924469008 -0.0311961918356 -0.0178154424315
-0.00504976540085 -0.021769066841 -0.0197818764322
-0.0010254919615 0.0119195835938 0.00682276671981
0.00260733390861 0.0091748087188 0.00279596407477
0.0413462134959 -0.00458535938067 -0.00655438617918
-0.0842104367718 0.0156603163311 0.0181809387267
0.00088919913875 0.000586438442094 -0.00265491066718
0.0379007338635 -0.0094811104724 -0.014625159552
-0.0084664851874 0.0210563533403 0.0167066109702
-0.0300854220457 0.0188236349801 0.0131121219124
-0.0914976415486 0.0403992766851 0.0438874721051
-0.0983369727824 0.0189994713642 0.0452760934009
-0.0276976355122 -0.00347789217485 0.00964782817504
-0.0183544442282 -0.0021589905581 0.0206681756254
-0.00449349339902 -0.00145875057069 -0.000768252764446
-0.0334914690966 -0.00742856735078 0.0293089301571
-0.039114888715 -0.033024133468 0.0269826486613
-0.0417768308104 -0.0242260279815 0.00988361430551
-0.0442810724944 -0.00359847297145 0.0189969114919
-0.0496274516482 0.0202164793132 0.0133102074408
-0.0333945755362 0.0343409125393 0.0497582245992
0.0128630701634 0.00699741479049 0.0527744218597
0.0243270010703 -0.0157998149217 -0.00866881116422
-0.0719643700508 0.00911618731131 0.00403080063293
-0.0795520297631 -0.0242144317371 0.00569218289448
-0.0608910179052 -0.00970493502055 0.0143494989545
-0.0405224721029 0.0130175809365 0.0306710763696
-0.0112567985423 -0.00494890878362 -0.00238175757645
-0.0539894888863 0.0248896631715 0.0541007007509
-0.0845874038663 0.043598383932 0.0670188389457
0.0246201824735 -0.0348602133516 -0.0246284263301
-0.1827895944 0.0518369248646 0.0989318772183
0.0355796264983 -0.00767193020965 -0.0300122733067
0.00689669780165 -0.00194621124728 -0.00854792893681
-0.0869824232509 0.028828829479 0.0461694120858
0.0202003798691 0.00259063866134 -0.0230272860339
0.0066885485466 -0.00952326239913 -0.00383442457216
0.118164017094 -0.0192749946417 -0.106151318071
0.0255297473673 0.00217301029988 -0.013045830317
0.0107031813056 0.00585756715562 -0.00100403984508
0.00521278753487 0.0137063494352 0.00880331722162
0.0829358297021 -0.011743630631 -0.0285193484526
-0.0230812300108 -0.00126399919688 0.0225210597276
0.028626777427 -0.0334824332787 -0.00243006574137
0.0374343790422 -0.00061624251092 -0.00658574899049
0.0397939951678 -0.0165288931536 -0.0211022993365
0.0272019396958 -0.023746598792 -0.0284916791973
0.0140085381694 -0.0099164593444 -0.00710246548522
0.0161350497733 0.0194642242878 0.00816647383184
0.00424846047181 0.0263906581541 0.0101974405351
0.0152515353764 0.012593384045 0.00131930920868
0.0414727932042 -0.00868948872126 -0.00995016313017
0.0439753655853 -0.0261605469404 -0.0202211824414
0.0027925641293 0.0253816726413 0.00717619264232
-0.0221700046321 0.0329567187343 0.00918681076154
-0.0265364014654 0.0245329416054 0.00559926509045
-0.00716914257508 0.0341070559694 0.00999469525541
0.00500297784868 0.0216351186045 0.0054384053644
-0.00589252093861 0.0171015823991 0.00813664127817
-0.05743685555 0.033818932047 -0.0246622501131
-0.0525633803411 0.0267959445489 -0.043789615092
-0.0269503125064 0.0202815895528 0.00543358243521
-0.0411925627843 0.0126009520554 0.00954291318278
-0.0401765663689 0.0119941448378 0.0132264395242
0.0583551658029 -0.0121727077934 -0.0458165046738
0.0405638758735 -0.00105300209899 -0.029928916063
-0.122781840405 0.0493814787304 0.0623991254954
-0.0642953037266 0.0395532316898 0.0471254140602
-0.030428935661 0.0305317463693 0.0099054245008
0.000472530701296 0.0216619008774 0.0118999178013
-0.0181543858891 0.0158929122161 0.0120521151398
-0.0557303671541 0.0337486678741 0.0306480236823
-0.0271593635796 0.0246626363959 0.024352232504
0.0128333640306 0.00765244380152 0.00555947738198
0.00188153929738 0.00676833038978 0.00746948781468
0.0118677422911 -0.00654891240165 -0.00675339006961
0.0157485716704 -0.0219393120485 -0.0192461175706
-0.0238847522527 -0.013374334043 -0.012070669676
-0.0757860068209 0.0279586045371 0.0249530925784
-0.115914252134 0.0367208968658 0.0384289335766
-0.116968585771 0.0480424154207 0.0580530441038
-0.0775288544773 0.0407846884043 0.0492306811964
-0.0409613611642 0.0255729905505 0.0366093837247
-0.0105153627985 0.00439858422219 0.0136999674783
-0.0586163463778 0.00999764984991 0.0100400817108
0.0553293753102 -0.00361155734803 -0.0248656202519
0.0856693292762 -0.00789713336111 -0.0354982996388
-0.0256053783717 0.00394888826787 -0.0275570022639
-0.0381261602641 0.0242117140415 0.0364893466733
-0.0577374653206 0.0321230207687 0.0468334080025
-0.12942308735 0.0460010729109 0.0823535346862
-0.0745390212204 0.0302884656303 0.0488510081865
-0.134607764219 0.0360849321264 0.0726871406325
-0.163076956694 0.0329442314094 0.063146752071
-0.0776340612033 0.0147893794765 0.0246623053401
0.0500841001587 -0.00872137962314 0.0264734063776
-0.0361613637867 0.00259464111649 0.00259347613435
0.0412229695123 -0.000553224003257 -0.00580595639995
-0.00568772901039 0.0130228696962 0.0124885043483
0.0240432586301 0.000464792604411 -0.00307197915201
-0.02906725835 0.0021836629833 0.00308397046499
0.0624778837765 -0.0114761278368 -0.0192265703892
0.075292789434 -0.0176430747347 -0.0278212267508
-0.140922785511 0.0525996074183 0.0921589067174
0.0601965550406 -0.00270228728735 -0.0206820342367
-0.127131584597 0.0269496184612 0.0526104591487
0.0574200401217 0.000912450937572 -0.0215232356857
0.014329657716 0.0107529877874 0.00214991873494
-0.145753021324 0.0459913832919 0.0842807018603
-0.168586475428 0.0402716027909 0.083082375029
-0.0811828805245 0.0350318635863 0.0524393768401
-0.0113376888071 0.0176933564239 0.0154953612899
0.0456437758474 -0.00362634744714 -0.0232221853299
0.105378527891 -0.0136153045264 -0.0766198020648
0.0588873607892 -0.000491417694372 -0.0200799645328
-0.0230754180924 0.0131200985524 0.0085224278377
0.0258317247822 -0.0167298569637 -0.0298809399114
-0.0265148077111 0.0065615149924 0.00674948314232
-0.0752191361976 0.0176714629852 0.0380752587382
-0.0173704891223 -0.00284107814559 0.0212806937191
-0.0461260437754 0.00416694427112 0.0182198006303
0.00316436208927 -0.00198900354873 0.0183098434715
-0.00454064603982 -0.0110452140759 0.0177667058855
0.0397270242535 -0.00621789567755 -0.0400496701023
0.0275892324773 -0.0241429427039 0.0270617963016
0.00156800793399 0.00254672353513 -0.00668185915447
-0.0464117174331 0.0308841758377 0.0445714868229
0.0745173565959 -0.0285942532843 -0.0693603614851
-0.0274666408787 0.00672137286819 0.0130343978071
0.0192814829634 -0.00416812971665 -0.00721741404226
0.0117694021049 -0.00931443949186 -0.0164123495549
-0.0254430524503 -0.00791787864864 -0.0174922927232
-0.057723986026 0.0254516760902 0.0512996858938
-0.0554447212801 0.0115965580139 0.0410177983879
-0.0549284963054 0.00213858611741 0.0271750466664
0.0200067902805 -0.0124741459041 -0.0142405561875
-0.0795595805516 0.0402759376487 0.070670743694
-0.0480932537462 0.0315751474112 0.0533861760921
-0.0463246262185 0.00819498314638 0.0382381443843
-0.0556850924044 -0.00481929500549 0.0255059466111
-0.0189289743722 0.00135132286726 0.00814572875758
-0.0261729204515 0.0165586045128 0.0376393421962
-0.112203113159 0.019215685016 0.0341547447188
-0.0604397675082 0.00468911988286 0.00762833101541
-0.116185639629 0.0204453164946 0.033836632334
-0.0599536827081 0.00935179540855 0.00578239747144
-0.00270580916151 0.00316715796963 -0.00328659790425
-0.0446807145656 0.000885880264816 -0.0033350545338
-0.0337331726437 -0.00505139587463 -0.0091194959841
-0.141356950989 0.0279514985223 0.0536473955612
-0.00556914415369 0.00317409383486 0.00060335165466
0.0480297424834 0.000631788842095 -0.0232003739592
0.072081571265 -0.00643096164781 -0.0541532802078
0.0594781006523 -0.00247615581894 -0.021268196599
-0.0974537661517 0.0189044701193 0.0413948352983
-0.0395353103198 0.00784927143362 0.0213262037046
0.0128598736663 0.000630506787102 0.00723703904795
0.0475052464295 -0.00602742016702 0.01558933369
0.0310653620754 -0.0148446038971 0.0213762107465
-0.0463451122518 0.00694660906818 0.0298888405521
-0.00191843334122 -0.00575820941338 0.0219835975431
0.00992501025348 -0.0130655984921 0.0187766519505
0.00105608803525 -0.00973529742545 0.0111295789801
-0.00354430050941 -0.00769917013247 0.00609765872873
-0.041863199769 0.0128318674905 0.0239923554293
-0.0964275050163 0.0823136437431 0.0169246040691
0.0155699998748 -0.0189929394717 -0.0149696789942
-0.00651218076896 -0.0111011954809 0.0196281579928
0.0638984284974 -0.0256893567737 -0.0604316084531
0.0312237466931 0.049855927685 -0.0442583709161
0.0184394744704 0.0422135978119 0.0400515168515
0.0175687336366 -0.0175041752848 0.0217942386058
-0.00574557910337 -0.0162902359407 0.0230674241929
-0.0174994347059 -0.00991545066115 0.0149973634092
-0.0618453584362 0.0457629834039 -0.0364039706107
0.018967571491 -0.0125798553844 0.0307815089459
-0.148969348067 0.0319883226492 0.0638460074679
-0.132807613768 0.0338101411313 0.0671936452746
-0.0157388173762 0.00518619439924 0.000323669075961
-0.0133003868964 0.00295952994524 -0.00810633377495
0.000567042564739 0.00278075996728 -0.00473549307397
0.0156568377613 0.00562123186983 0.00295897232681
0.0560554863557 -0.00344615253605 -0.0508151759662
-0.034980046859 0.00456682241293 0.00397778032171
-0.0265101549191 -0.00019750644341 -0.00546907483987
0.00178441888061 -0.00214782014096 -0.0182267323854
0.0161429540905 0.000893371518879 -0.0202615666191
0.00743370905016 -0.00338150483324 -0.0174067400896
0.0370576732177 -0.00189359718356 -0.0231236716696
0.00930163534084 -0.00703029626181 -0.0193070315005
0.0380854248394 -0.0111282535705 -0.0348208921787
0.0351926723918 -0.00693098586353 -0.0254391826021
0.0659044224061 -0.00601090351697 -0.0432404199505
0.0805339889741 -0.00401456607073 -0.0424289082585
0.0748553220443 0.00644683011566 -0.0316341132722
0.0912398045885 -0.00344528908896 -0.0498838917247
0.0374613908955 0.016576071102 -0.00553086721528
-0.00759395772067 0.0213916002706 0.0165837554913
0.0636189019976 0.0115395943684 -0.0192681933355
0.0147933753179 0.0023607777056 -0.0022365736452
-0.00108769403432 -0.0108611240018 -0.0263892743023
0.0794892823258 -0.0106553159566 -0.0495609662392
0.0472052928592 -0.00664749468522 -0.03049288201
0.0738986224006 -0.00543718194188 -0.0463955218589
-0.0443211241486 -0.00792372251041 0.021647119808
-0.0708599716376 -0.0194335523339 0.0137002942482
-0.0707209929331 -0.0136624276046 0.00703705506002
0.0841843380915 -0.00129951574907 -0.0529254568225
-0.0274579130825 -0.00265381614502 0.02202216862
-0.00608844984807 0.00386174051733 -0.0109075342576
0.0461461515597 -0.0103990331043 -0.0133316326385
0.0288864871478 -0.00383776077416 0.0105438757066
0.0274891608483 -0.00535712389609 -0.0135112051156
0.0635173914685 -0.00970787312706 -0.0476983293428
0.0823837699398 -0.0181796749179 -0.0780218379239
0.00922512623135 0.00976675560717 -0.024690557709
0.0298917728726 0.011463720428 -0.0273560676809
0.0468183507256 -0.0116024928152 -0.0415366061022
-0.0087454311886 0.0334057683865 -0.0460523547487
-0.00759524771139 0.107225715472 -0.090298121382
0.0359299086315 0.125768959072 -0.0115166018563
0.0356984688844 0.00622005481928 -0.00240653317363
0.0451841035332 0.0374404049481 -0.0154252141606
0.033306508544 0.0770780225893 -0.0165444741379
-0.0561996581127 0.0980474957764 0.058853320735
0.0352903873127 0.0872869143919 0.0328748225211
0.0284273365603 0.108579531794 -0.0604041465059
-0.0828326500635 0.146024876489 -0.0107995142739
-0.0233602747071 0.0711289611228 0.0761657958222
-0.0237302258811 0.0302403942966 0.053162610448
0.0295497473852 0.0757412210571 -0.0791809439935
-0.00977313161665 0.0669050729646 -0.0780060818273
-0.0585821592408 0.0863489971853 -0.0700196564703
-0.101430164346 0.0739703535942 -0.020748437496
-0.0845458688627 0.0407814772105 0.0131225379541
-0.0690864810952 0.0468761519702 0.0297824791353
-0.0702065168151 0.12560792101 -0.0612263611484
-0.0544048389928 0.0609006095244 0.0668451313055
-0.0718463710089 0.0738606369718 0.04434378329
-0.0144855400245 0.147507104533 -0.0695966957824
-0.0262501732578 0.169180946607 -0.0024796849457
-0.00250978493734 0.00508616605025 0.0110538111053
-0.111894298854 0.0494171566002 0.0840152347069
0.0674696366649 -0.0206088455162 -0.0542998168755
0.0628047332508 -0.0317274861704 -0.059871604915
0.0432662984009 -0.0389015377045 -0.0452294863579
0.0752327439826 -0.0283108177978 -0.0732476347204
0.121323221139 -0.0233591908552 -0.106040685093
0.104479047876 -0.0250965114145 -0.0985966321167
0.102701837706 -0.0164888712745 -0.0778858652653
0.0914899315269 -0.00733509755295 -0.0533351055089
0.0253039672453 -0.0321782761335 -0.0197111179429
0.0290539829375 -0.0182425926009 -0.0106085120743
-0.0138029408207 -0.0112317267146 -0.0183898698512
-0.0657732588868 -0.014120333021 0.0150964663051
-0.0784669545407 0.0137844288079 0.0259447714505
0.126283662185 -0.01753197994 -0.105496815195
0.0928331629905 -0.00957787352263 -0.0806172137762
0.0749227683831 -0.00760358036662 -0.0599763456431
0.0797636012434 -0.00599409353493 -0.0521682469167
0.0463022945313 0.00163783303115 -0.0166177308434
0.0238751089166 0.00486964402025 0.00522451495501
-0.0010057414363 0.00190946935177 0.0175859290268
0.0294456014496 0.00419249241285 -0.00594408844564
0.0278935005897 0.00172138271096 -0.0132280766669
-0.0655391132455 0.137750903761 0.044634797107
-0.0901196746187 0.114263803752 0.0266561956127
-0.0151717326654 -0.00169069285196 0.0145749508039
-0.0101895386692 0.00102947733744 0.0134353224272
-0.00731363014885 -0.000657236719797 0.0157248755339
-0.0238752281274 0.0049766197826 0.0182903064338
0.0041625845446 0.00702530155394 0.00285512739499
0.0334798293147 -0.0116383546546 -0.0202015610334
0.0242683560083 -0.0133448314368 0.00377834451733
0.0485534429802 -0.025161467245 -0.00737570969509
0.0450355225651 -0.0319701947276 -0.0144328218181
0.0225378229507 -0.026401055086 -0.00798416868354
0.00771738514384 -0.0240793515833 -0.011554125921
0.0140729057779 -0.0239750279884 -0.0210341865544
0.0458428826875 -0.0332239733421 -0.040645802034
0.00271230902523 -0.0269154594459 -0.0202633894952
0.00109623533471 -0.0114789710167 0.00444328201023
-0.00654366716619 -0.0159098766091 -0.0166225653935
-0.0534636404541 0.000429623037009 0.00341992335798
-0.102917000209 0.0282589090766 0.0363734206837
-0.101969164847 0.0379804103067 0.0499430200126
-0.0614677692092 0.0209349056034 0.0303764746341
-0.0812518838521 0.0462064265144 0.057485489788
-0.0357932879462 0.0388718331737 0.0407228914393
-0.0372911665638 0.0362279538103 0.0433266622122
-0.0211309786957 0.0361728635789 0.0301269411592
-0.0138162670896 0.0187658723013 0.0177358947282
-0.00806384232715 0.0140573186347 0.00965745524773
-0.0214362295882 0.0135180154546 0.0170214238046
0.0126104546643 0.00554054053163 -0.00579635897914
0.0351713583818 0.00570637728564 -0.014681515192
0.0286026502191 0.00584967565158 -0.0108337518887
0.0575041550517 -0.00100776603878 -0.0261135949601
0.0694813073225 -0.019272651045 -0.0371150767613
0.0850695630457 -0.0146343696117 -0.0384521540162
0.0994931609891 -0.0208769812508 -0.0404145601892
0.0698066553056 -0.0148392759803 -0.0308687567918
0.0635619876164 -0.011620364311 -0.0203313108873
0.0391428095134 -0.00862204487591 -0.0105836382106
-0.028635133732 -0.0145516262309 -0.00475081434212
0.0509095667556 0.00428746141192 0.000245902642522
-0.00731572032394 -0.0125682010235 -0.0263024028093
-0.0101029306041 -0.00897583680683 -0.0163348340659
0.01736701357 -0.00238243376644 -0.00867398537798
-0.00393929221117 -0.000402499716057 -0.0142688477127
0.00679299768271 -0.0173091509441 -0.023771640873
-0.0316972943007 0.0114725121842 -0.00446865113739
-0.050059462918 0.00794823568266 -0.00531820746746
-0.055365879641 0.0335226828866 0.0113446432827
-0.0151269996068 0.0306625743501 0.0149041976387
-0.0223919645687 -0.0135677813605 -0.0192068217918
-0.0028416109176 -0.0191831824867 -0.027905572608
-0.0705845308297 0.0235230122353 0.00909304829652
-0.0529579504767 0.00404638478651 0.00791484084633
-0.0680570482535 0.0201028209418 0.0168071052384
-0.0514557777899 0.0185785183181 0.0166744024162
-0.0489159464362 0.00195692943286 0.0151580933013
-0.0538789158643 0.00576241385917 0.0147169372463
0.030666464578 0.0257358291691 0.0105778940213
-0.0138041675807 -0.0183723849345 -0.0135093872476
-0.067311037231 -0.0133888174564 0.0108313739766
-0.0525289042545 -0.0117795854324 0.00652027752723
-0.0315196017331 -0.00536556817986 0.00348444954008
-0.0387206502945 -0.00750506438612 0.00595628954227
-0.00913155239807 -0.00875029190113 -0.00716673026465
-0.00304613840023 -0.0068933899673 -0.00721783477114
-0.0106744997213 0.00133058214602 0.00116262175112
0.00242918716169 -0.000657486822992 -0.00248927393403
-0.0524080045717 0.0531862722715 -0.0484133277685
-0.0676614249946 -0.0220421735827 3.32812944573e-05
-0.0617472777539 -0.0209984869502 -0.00171256815492
-0.0338521428333 -0.00359701556669 0.00373961685429
-0.000645110842321 0.0259483105546 0.0146244910426
-0.0758792344111 -0.0233601431335 0.0014988712356
0.0201158012061 0.0437548151295 0.0192397837706
0.0290172103071 -0.0055714048629 -0.0250997538491
-0.0161316763813 -0.0507111172951 -0.0244746296492
-0.0021868584108 0.00434497045798 0.0184283308007
0.0226903588067 0.000983923000357 0.00335904230984
0.0547259522075 -0.00276727375912 -0.0220723021911
0.0111674245235 -0.010727270226 -0.0156878328941
-0.0251084643722 0.00215399345935 0.0108624546621
0.013309247387 0.00702102518918 0.0321919227764
0.0174641070679 -0.00806264432512 0.0100941830743
0.0133439459229 -0.0222580782282 0.00285267606227
0.000685901373755 -0.0171344229177 0.00716421137498
-0.00712068066338 -0.02753896184 -0.00767391773128
-0.011539412559 -0.00388195727825 -0.00469592323017
0.00974972842675 -0.0340446801377 -0.00729926395782
0.00607331645246 -0.0237898481227 -0.0088612136114
0.00612746056651 -0.022328924618 -0.0101584537852
0.00115308246526 -0.0141393839408 -0.00629038144789
0.00762131466502 0.00512295114498 0.0184249408258
0.000207061094465 0.0152645269478 0.0560250171059
-0.0181260616115 0.012130990525 0.050166358365
-0.0218235047627 0.0222163712463 0.060590807564
0.00355025373774 -0.0018431078672 0.0310187492197
-0.0435854232443 -0.00106345531594 0.0146211942886
-0.0983330301426 0.048046043373 0.0614127086598
-0.0145519626231 -0.000664539658096 -0.0107410342228
0.0566674897443 -0.00176037181479 0.00318971631383
0.0540452864121 -0.0208741923252 -0.0335210513593
0.0124008148794 -0.020934246061 -0.0227131124467
0.00829778587531 -0.0146845849662 -0.0143682324275
0.0166444915756 -0.0223556696175 -0.0221763919982
0.0559008536982 -0.0182455846592 -0.0124530511672
0.0556686960384 -0.0145492400462 -0.00935518176933
0.0314453700251 0.00240376326124 -0.00351150003224
0.048943511684 -0.00795401586759 -0.00672824201561
0.0425154641076 -0.0029765891591 -0.0055501324285
0.0413378318258 -0.00884664469347 -0.00407287708432
-0.032975982736 -0.0335825988876 0.0135201404968
-0.0268586578165 -0.0453590350047 0.0282194860628
-0.0206681916922 -0.0358926346854 0.00887752127932
-0.0487095308612 0.0287657317614 0.0352301456061
-0.00193823358589 -0.0172234682035 -0.0226130134109
-0.0320730172512 0.00076858971649 0.00680016472457
-0.0082231384416 0.0153250267465 0.0099549965562
0.00867066942117 0.0164164323447 0.00665840254222
0.0169499658488 0.0170183245392 0.00469299695196
0.0151485078378 0.0192470943489 0.00530811863183
0.00820074362954 0.0113642523954 0.00224317098291
0.0137339180961 0.00934206294696 0.00130130967109
0.00640378475314 0.00648690068048 0.00119652410913
0.0107562447171 0.0318998668278 0.010619729298
0.00923761640248 0.0436171334522 0.0151859506461
0.00965661334358 0.0355491888945 0.0156562195121
0.0127390334394 0.0534434864634 0.016433927836
0.00973971710054 0.00684763010924 0.00151212294492
-0.00326115929547 0.0398729317454 0.00717832267506
-0.0215446726383 0.0275316545913 -3.74582890936e-05
-0.0241408522272 0.02594430232 -0.00808610041158
-0.0637902417117 0.0216923614344 -0.00168762192785
-0.0398160095445 0.0140021446104 -0.0121911579817
-0.0112969760966 -0.000837441139576 0.00567351405837
-0.0305665067555 0.0361434609466 -0.0506749961821
0.0209320739238 -0.0154907709677 -0.018547793989
0.041493706774 -0.0127988670165 -0.0207205043073
-0.0277031720219 -0.0141162055461 -0.0130540093348
-0.0337475655466 -0.0178831004069 -0.0263905095347
-0.0412489793157 -0.0214199204191 -0.0429496184476
-0.0238836464118 -0.0275696790353 -0.017198671655
-0.0088989350613 -0.0242324988405 0.00319088522178
0.0429993832637 -0.045981846217 -0.000256683045468
0.0430922266985 -0.0416730752628 -0.000947794747386
0.0297470567579 -0.0443375682716 0.00278903640726
0.0575448636683 -0.029899757519 -0.0400935766115
0.0232067689049 0.0462220548451 0.00298196843662
-0.00429776282427 0.0275808293877 -0.0188875157838
-0.00225019210045 -0.00393214364195 -0.00292905369389
-0.0470857198283 0.0457845603161 0.0135243681916
0.0240842636553 0.00367753185109 -0.00389073116698
0.00715354795381 0.0123516836995 0.000279687928579
-0.0216118087024 0.0284967296053 0.034890434567
0.0118807943431 0.0153947164328 0.0145226127571
0.0319223700113 -0.00097063171184 -0.00355086572144
0.0496464929494 0.0047888135146 -0.0100814161447
0.0785138034011 -0.00336191791912 -0.0338778525958
0.0826652892772 -0.00832740965242 -0.0473639058791
0.0580579652346 0.00247072596736 -0.0179235531513
0.0753723375017 -0.0120128916151 -0.049022132587
0.0539844931783 -0.00662805356481 -0.0438343593077
0.0143088078747 -0.0146507829759 -0.0290331810261
0.0250552333763 -0.00775846459942 -0.0288450579243
-0.181399881696 0.0430477479136 0.0838803475151
-0.01026938964 0.0349895453608 0.0703156177891
0.00650047013635 0.0182270314765 0.0798411495513
-0.029907120742 -0.00142046010332 0.0109151786555
-0.0318427153487 -0.0114324365931 -0.0440377194416
0.0201415325441 0.00104276868378 -0.0110082832207
0.0482741212571 -0.00347746858086 0.00580936430202
0.0774405736296 -0.0122131559756 -0.0513918354307
-0.0291172387785 -0.0145620611476 -0.0133944609014
0.0259302878827 0.021929256141 0.005624800355
0.0820691234532 -0.0248681499017 -0.0374237261993
0.0520423360497 -0.0221934749902 -0.0309791496857
0.0589314031363 -0.000704128894371 -0.0186363228224
0.0491751495018 -2.42821653112e-05 -0.00529044081124
0.0548700581963 -0.00153996876661 -0.0301264131123
0.0489637003211 -0.00119048822394 -0.0380697686898
0.0655624872662 -0.00513539235481 -0.0383617031887
0.0921630769626 -0.0137271101392 -0.0800310145568
0.0174631614972 0.0031150647289 -0.0126537171186
-0.0497197523525 -5.00178212622e-05 -0.00312950732962
-0.00487931562422 0.00810544061982 0.020245568544
0.0270101873717 -0.015769924483 -0.0123699952895
0.0199505948813 -0.0056520975333 -0.00863258084284
-0.0342786758963 -0.0121033267133 -0.000629909277024
0.0313670116353 -0.0253019729269 -0.00429034113598
0.0356559966209 -0.0384566776788 -0.00176615094371
0.0909438876759 -0.0182968310711 -0.032129185047
0.071196068292 -0.0149277051965 -0.023917622156
-0.0165420872431 0.0143446951777 -0.0332001507413
-0.0211034446889 0.0258065357322 -0.0514682875838
-0.0701894134522 -0.0190641048207 0.00158552055557
0.0874805239248 -0.0056221226162 -0.0485032800626
-0.0342600961386 0.0277703479079 0.0393745351767
0.00911802543705 0.0119715123438 0.00935843308507
0.0494778867512 -0.00372919085733 -0.0306855880691
0.0253443281918 0.00631733890999 -0.0105782124735
-0.0298114344415 0.00295127069143 0.00735362810795
-0.005023659566 0.000402239782358 0.00382635886209
0.040226983162 -0.0112966293698 -0.0135420967057
0.0967030738965 -0.0132735176104 -0.0372187959555
-0.0179981889666 0.0121633815002 0.00450745876542
-0.0139077319973 0.0159368534446 0.00422855801695
-0.0496956512882 0.00310247172987 0.00225391148699
0.0428036806463 -0.000320756530053 -0.0328258432968
0.0160841757239 0.0213535074338 0.0134023829723
0.0339796693712 0.012732455954 0.00668779926226
0.0295171529194 0.0277300856386 0.0135166284252
0.0524341953708 0.0353854519219 0.012729836137
0.00418059938824 0.013614511647 0.00937600718377
0.0147195292111 0.00408928766269 0.000500516941429
-0.0386820502242 -0.042760876625 -0.0488462431688
-0.0398024306597 -0.0321930549153 0.0264411520925
-0.0180076477003 -0.0197214742896 -0.00730649953741
-0.0316993156115 -0.000892437627075 0.026278727509
0.0616273070329 0.0120031485545 0.00414730968602
0.0660209990419 0.0256125332478 0.00835907439308
0.0252988685671 -0.0105128305287 -0.0214272871139
0.0320617374903 -0.00694644585511 -0.0154902224275
0.0309055134141 -0.0245157755452 -0.0252482071722
0.02150271715 -0.02532801649 -0.0188092372835
0.0186484067238 -0.0168533791304 -0.00584639307513
0.00700636718837 -0.00179083975773 0.013160360162
0.0414853480574 -0.0174010522587 0.0282565991237
-0.0599090115783 -0.008632701367 0.014513580537
0.0476361286924 -0.000665567617869 -0.0122211704577
0.0118150906718 -0.00618724247848 0.000211662749194
-0.0416933919836 -0.00258726118875 0.0146121962365
-0.0067010691996 -0.0511228052551 -0.00573426283186
-0.0303458773601 0.026770438917 0.016855108889
0.0351938099588 0.0491733473213 0.0177999385631
0.0186490957886 -0.0256088051024 0.00267572175282
-0.0345056769379 -0.034728832774 0.0277557325931
-0.0300120982858 0.0228248558186 0.0347553190647
0.0112551298021 -0.0241659001121 -0.00800603868773
-0.0457146750291 -0.0455110910856 -0.0594950385203
0.00873107352357 0.000700944967283 -0.00574535639552
0.0222307410726 -0.0405836189117 -0.0037619532018
0.0359141507191 -0.0268633233452 -0.0360371072629
0.00971356401645 0.0308436718327 -0.040596627763
0.0522233332399 -0.0022750076252 -0.0487993585212
0.0291164933778 -0.0084953505109 -0.00567321845567
0.0140660013581 0.0269232308837 -0.0157457888075
0.0174749051215 -0.0206127626758 0.0302617388608
-0.0312680814778 -0.0100901735366 -0.047671745499
0.00590877557308 -0.00827849642147 -0.00427568002685
0.0542382596937 -0.0089950198156 -0.0225746379443
