0.0192937806207 -0.0367924496734 -0.0432113441495
-0.0040862313726 -0.000824134179366 0.00645143633602
-0.0757275902778 0.0272258968806 0.0234594330928
-0.0139113368825 -0.00285498198797 -0.000750695848529
-0.0154314214053 0.00154269531438 0.021231123403
-0.00938487744713 0.0105180451896 0.0219233162543
0.017887537556 0.0345083997232 -0.00673348069474
0.0231579843055 0.0623064079615 -0.025217625978
0.0298247370401 0.00235956774122 -0.00861579443972
-0.00205156098538 -0.0730193513527 -0.0390836669401
-0.00894522425566 0.0196881845744 0.0255894338585
0.00598649443432 0.000893000186187 -0.00169739357359
0.00690409599552 -0.0171651199065 -0.0308297378417
0.0246077356612 0.026230802688 -0.0600641232513
-0.0128584921997 0.0251386368839 0.000775237540025
0.0239472691797 -0.0194573070433 0.00143469416445
0.000673288061539 -0.00195581681765 -0.00064384453301
0.0273913820741 -0.0596430429527 -0.0159339059039
-0.0162049366164 0.0137484510721 0.00325305434459
-0.00249217099412 -0.00658429546142 -0.00387636569018
0.0253023517971 0.00878615893851 -0.0112368104035
-0.00513036298017 -0.00555840801436 0.00250000902429
0.0131131656575 -0.00708091878267 -0.00765408157381
-0.0416956656817 -0.0210534817885 0.00173106992564
-0.0043328526919 0.0122906341265 0.00185483160651
-0.00711335240621 -0.024167724248 -0.0172873125287
0.0117812947547 -0.00377973054974 0.00549261357703
-0.0412649386635 -0.0272094540664 -0.0587134233975
0.00471130275013 -0.0104457663077 0.0196842365468
0.00155382815082 -0.00310435487593 -0.00323561693162
-0.00073536177107 -0.0122232558939 -0.00854171523321
0.0160641247177 -0.00201593360624 -0.000429414798633
-0.00300622864759 -0.00539485413282 -0.000459842700568
0.00487044271479 -0.00693502853755 0.00300782014123
0.00168235220348 -0.0110382623344 0.0168382362497
-0.0107025397649 -0.00933531194865 -0.00571823265814
-0.0389472809512 -0.037190206068 -0.0334145201092
0.0146803881211 0.00527582198213 -0.00289634170126
-0.00577638448741 -0.0134234286488 -0.00977592282463
0.0198851430676 -0.00237957890581 0.00659149376924
-0.048464611254 0.0217072351795 0.0122773391728
-0.0038863249564 -0.036090815617 -0.0257512374369
0.0172987095859 -0.00329882230872 -0.00293442005901
-0.00969262159982 -0.0126073006365 0.00957412981701
-0.0238449371514 -0.000103789475893 -0.00224577751423
-0.0259661853476 -0.0245234422185 -0.0170550609397
-0.00543509035759 0.0130734787759 0.000153334053429
0.00585578111281 -0.0305103158801 -0.0131633067845
0.0065171301389 0.00395156448657 0.00136310683701
0.0148318000005 0.0139423873403 0.00234809673681
-0.0308084776969 -0.013020050911 -0.0181126483157
-0.0410841857157 -0.0165717654992 -0.0354769474721
-0.000377004593385 0.0224170348369 -0.022249404427
0.0248740787624 0.034151580361 0.0065492210626
0.0320799097636 -0.023354183371 -0.0215906946667
-0.000897386045045 -0.0218403896723 0.014630297317
0.0040130842442 0.00207032690581 -0.0165619561581
-0.0170333589319 0.0156025357611 0.00590636121943
-0.0186277918774 0.014638159114 -0.0100460483988
-0.00453693178206 0.00287883806809 0.0278705180475
0.0231697165593 0.0239205260682 -0.00946754996323
0.0261547404115 0.0369274953003 -0.0252920138914
0.0223665940445 0.0364251083764 -0.00333195331221
0.00257480854746 -0.00256093439407 0.00178229354689
0.00966271404371 0.000783032622487 0.00215813650273
0.0181484250369 0.000487993003265 -0.00295262961889
0.0193268346707 -0.00413000183243 0.000738026823102
0.0255952335002 -0.0104219701437 -0.0151679197912
0.0106240842805 -0.0116744228621 0.0134355282358
0.015154406047 -0.026177732012 -0.00481907792239
-0.0439495757963 -0.0292150998743 -0.0439037066809
-0.0294812771271 -0.0547445392717 -0.0556475930525
0.00902582937828 -0.0699600881889 -0.052709523985
0.0303341259767 0.00190566887951 0.0146284033334
0.00127205462101 -0.00700559929537 -0.00606319404307
0.0077248020009 -0.0087517377951 -0.00676677740268
-0.00655659061138 0.0270275710073 0.0124167214417
0.0100215320526 0.0243782034096 0.00570406312086
0.0137527301186 -0.00420023722653 0.00179886763274
0.00820791648548 -0.0151898618234 -0.0248025641059
-0.00642105277443 0.00274957335345 -0.00570873295109
-0.0158696881997 0.0166922263555 0.00244783054394
-0.0250387404883 -0.0562884026633 -0.0748328470046
0.0197008738299 0.0532510195345 -0.0643957373645
-0.000799811828285 -0.00975804885368 0.00943394961703
-0.0147335541962 0.0181794955383 0.00886539524375
-0.0131701429093 0.0111532671891 0.0225159688209
-0.0240025524037 0.0135059352494 0.00624450610429
-0.0261122406833 0.0212275324096 -0.00693637944549
0.00159815154261 -0.00398952792862 -0.0135498302535
-0.0171782841785 -0.0091719853991 -0.000220797531542
0.0439450195224 -0.0329952117267 -0.02196211324
0.00580732624129 -0.010169180766 -0.011756035108
-0.0186266868173 0.0377489468852 0.0158743186165
-0.00844150812539 0.0139897284322 -0.00520508982158
-0.00214454473319 0.00167910138921 -0.00331913897561
0.00286258996627 -0.00299669358178 -0.00121153556423
-0.00920432438821 0.0181684482712 0.0386072692338
0.046397785109 -0.0165327430367 -0.0226220323819
0.0184440733402 -0.0593268727053 -0.0192380784222
0.0193141559908 -0.0720246536709 -0.0330251312441
0.0100491534598 -0.0518276553677 -0.0354236025881
0.018402299973 -0.0618627314945 -0.0267353577219
-0.0311327995851 -0.0114115457807 -0.0517531504176
-0.0203929962384 -0.0232612137164 -0.0680331896185
-0.0570009485736 0.0375483224861 0.0343880394123
-0.0524937495893 0.0370495875985 0.0176284456623
-0.00431712534267 0.000870001254095 -0.000262341789336
0.0222987860299 -0.0291511189458 0.00913626979012
0.0110396684586 0.00651794598673 -0.0317534425464
-0.0047424923146 -0.0407611444418 -0.0472618441451
0.00999192244041 0.00375497331139 -0.00978805300989
0.00702030976936 0.0205567606597 0.00878966466185
0.0196034132095 -0.00454788463172 -0.00260297889127
0.0101222717763 -0.0188895071578 -0.0108857508527
0.00994115022628 -0.00845098525204 -0.00795376498284
-0.034978031826 -0.0108677115373 0.0086490583852
-0.0610233484995 0.0033532939983 0.0243147464758
0.0439837804807 -0.00848022712612 -0.0262885759525
-0.082888322452 0.0354497006109 0.0823017883301
-0.00220627369286 -0.0149920652928 -0.000373034072158
0.0221792172205 0.0130488996929 -0.00778945404636
0.0217593009248 -0.00121756230089 -0.00240260549264
0.0186043185186 0.0082245845154 0.0038480384146
0.00248571198126 0.00420016286824 0.0034221504695
-0.00258962262474 -0.0070414739455 -0.00211709268474
0.000820031542411 -0.0132884146479 -0.00674073507001
-0.00584232056207 -0.00559579093426 -0.00350775013411
0.0065101863306 0.00791653342717 0.000297137067586
0.0158718118423 0.000206391824271 -0.0249951190162
-0.00202178577934 -0.0102547573281 -0.00547840462344
0.000246622513279 -0.0138129061676 -0.00958340277108
0.0100067599749 -0.00824667170601 -0.0115552861864
-0.0084598775435 0.00914770665504 0.00344502713303
0.0063838209025 -0.0164613891179 0.00110462332249
-0.0115033119785 0.00159982171894 -0.000983813709201
0.0148883191106 0.0108633057577 0.0114062333757
0.0379866049262 -0.00374092403846 -0.0388279240025
0.00461772617573 0.0044545140133 0.00856884335144
-0.0646105580449 0.00201045358958 -0.00861219832352
0.0252325544991 -0.0284491632292 -0.0531596506026
0.0132876259238 0.00100089183589 0.0136833106225
0.0049702994225 -0.000871497721109 0.0241697207078
-0.00433316569983 -0.0451883066547 -0.0634435597479
-0.0135210375301 0.021073736228 -0.0133712143234
0.00189038410436 0.0426160148127 0.0105729934251
-0.0137896591971 0.0184864369666 -0.0094248136526
0.00994814017157 0.0109456000665 0.00379053186656
0.0331050649572 -0.0014730256904 -0.0125154367228
0.0149764321566 -0.0218832665553 -0.0267975480538
0.0220537304848 0.00921530818734 0.0131806896643
0.0238070064598 0.0117390985189 0.00200697265734
-0.00469698336203 0.00893468909732 0.0404204631416
0.0398468935329 0.00581072959861 0.0291686449014
0.0159326560145 -0.0342163635376 -0.0179557869982
0.0183321065639 0.000116003272878 -0.0665243875633
0.0115753311435 -0.00251223853597 -0.0475721805582
0.015736799777 -0.0354722701099 -0.00302856840821
0.00148442491267 -0.00791772628723 0.0123943140262
0.0220595469205 -0.0418104077073 -0.0117048457842
0.0180635530163 -0.0187649442959 0.0135400463957
0.0105642016861 -0.0260659065561 -0.0168378693906
-0.00246510455533 0.0165811665706 0.0206709412275
-0.0184871984791 0.00400941620702 0.0169154968466
0.0219027562802 0.0139399288535 0.00337962939198
0.000267435667227 0.000494475895386 -0.0214340591803
-0.0278296141928 0.0222190972777 0.0101749322085
-0.031510552324 0.0306904050966 0.0241665007078
-0.052017574999 0.0446247096364 0.0310523720629
-0.0380038099924 0.0411221455941 0.0136408818846
-0.0641682326986 0.0461179711114 0.0257442362519
-0.0586263310408 0.0354364288333 0.0224800747771
-0.0340150945202 0.0240858836618 0.00576097652644
-0.0399936507365 0.0281833932996 0.00649735347884
-0.0283868839355 0.020596262001 0.00615101312514
-0.0166831413725 0.00851759816068 0.000363179534506
0.0291736347419 -0.0228581328173 -0.0139208030639
0.0448370018493 -0.0278169181849 -0.0321270815526
0.00882293870189 -0.0129707352682 -0.00873186911921
0.0169909823539 0.0127041012239 -0.00374747088132
0.0489383684462 -0.0217018822702 -0.0134718215829
0.0333728806204 -0.0263843248332 -0.016004178122
-0.0160275851975 -0.00724903504099 -0.00441619560307
0.0171578483422 -0.014334457785 -0.00960757303983
0.0265338683964 -0.0178637434194 -0.016031083554
0.0392414671822 -0.0048889037893 -0.0187503710718
-0.0570644070076 0.0225032796244 0.0323761300935
-0.0114429296924 0.0101353716073 -0.000389743757265
0.0073246849323 -0.00383696188 -0.00107975679706
-0.00346434226766 -0.0135297811107 -0.00312051030781
0.0105893064722 0.000722970399234 0.0171035753554
-0.0356648066872 0.0150054501873 0.0434325127114
-0.0498223752093 0.0196052855726 0.0239907034847
-0.0440655970314 0.0253430137394 0.0274180407305
-0.024122369579 0.0209555741994 0.000319284371064
-0.0581199792369 0.035027346896 0.020197983515
0.00326360582762 0.0265249817988 -0.0130542507625
0.0112040349456 0.0235297709909 -0.0414246060552
0.0159304120111 0.0213596000886 -0.0603910960088
0.0164309751533 0.0390007906918 -0.029857082051
0.0239346085093 0.060831873567 -0.0332663692238
0.0273528496215 0.0409997442044 -0.00508280904709
0.0158282738096 -0.0400953697543 -0.014308760829
-0.0377306763336 0.0300611483195 0.0081352407603
0.0062587670727 0.0120485708632 0.0366821587254
-0.0523938560798 -0.0167258140884 -0.00173828490378
-0.031495307125 0.00676316463288 0.0172834368062
-0.0419177498838 0.0283001756904 0.0487744383517
0.00784202849672 0.00675946641005 0.00408406204965
-0.0806546026498 0.0258626047145 0.0633575828582
-0.121933911295 0.0239451866836 0.0904206432827
-0.0204197833362 0.00865337059492 0.00794445100357
-0.0996610574174 0.0254251920833 0.0785716925385
-0.0503594562682 -0.000300934626737 0.0281805157583
0.034128772115 -0.014882534832 -0.0224640604672
-0.10133198182 0.0143477816786 0.039553522297
0.0614297066809 -0.00499053415858 -0.0672134936335
-0.0146473888483 0.0244826878568 -0.0225590794473
0.0888371144865 -0.000212659995463 -0.054078170056
0.0322272529392 -0.00624426821728 -0.0180279255455
0.00583662248255 0.0147493728555 0.0149380000729
0.0226938398817 0.0111646639296 0.0166785162398
0.0763266185136 -0.0255920671554 -0.0454384989069
-0.0277846906177 -0.0178232958163 -0.012771807118
-0.00165083585459 -0.0163894968618 0.0170460440051
-0.00271574888904 0.00420674357982 -0.0195519367322
-0.0141861709058 0.0105160576838 -0.0158253398361
-0.002399749868 0.00353047318213 -0.0169185699441
0.0153125722421 -0.00848484577912 -0.00773421102726
-0.00014374810406 -0.0102161454983 -0.0152012554797
0.00403522004617 -0.0144512675547 -0.0194969888624
0.0248520608454 -0.0139210394468 -0.0240415431144
0.0377036282109 -0.0196756531314 -0.0277153912484
0.0288897003763 -0.0262677673945 -0.025212512815
0.0177419736653 -0.00105014029306 -0.015877324227
0.0245179810767 0.00425682607219 -0.0018676296153
0.0378787964583 0.00215782153381 0.00263752607107
0.00692412128433 0.00642454630977 -0.00647821464714
-0.00325929107125 0.016340779332 -0.00409577903348
-0.00570104483668 0.0172722235435 0.00785795937527
0.0190763261013 0.080677342033 -0.0616407405445
0.0181983343556 0.0525758749775 -0.0768522769241
0.0321938848916 0.00665904441903 0.00812157604354
0.0229590169996 0.00263517490988 0.0172045201216
0.0205441847699 -0.0063322531163 0.0194325597014
0.0206070888875 -0.00328136295489 -0.0111165262286
0.0304350061257 0.006272082097 -0.00711544396242
-0.0636182020392 0.0436857294384 0.059456876495
-0.0604432437604 0.0295155853598 0.0267032279195
0.0219248179703 0.00742928030463 0.00868736218746
-0.00355406358284 -0.0174348040459 -0.014729408608
-0.0107954627571 -0.0145520641869 -0.00514870926818
-0.0253639036041 -0.00230696250145 0.0215900482961
-0.00415792213432 -0.00635581290938 0.0165518701915
0.00542622483185 -0.0108847134255 -0.00745304400743
0.00944769834843 -0.00895597167146 0.00321413053888
0.00430489182116 -0.0210286929678 -0.0183750613628
0.00440255373073 -0.0193335640757 -0.0144886808972
-0.0240320060803 -0.00257174928673 0.00428996577081
-0.0436442693102 0.00782255198034 0.0264398459922
-0.0651462485602 0.02993764888 0.0498413422308
-0.0472249073754 0.0330092701353 0.0596880807565
-0.0172159383176 0.0159396133078 0.0475863136218
0.007381260682 0.00401911282428 0.0272516857062
0.018678924889 -0.00821302500731 0.00560005855474
-0.0370315484266 0.00628239324997 0.0179940857145
0.0505485744125 -0.0301480541709 -0.0461297916756
0.0630072091955 -0.0211350520911 -0.0469060199913
0.0237195555938 -0.0188651709432 -0.0439905349857
-0.0417913730663 0.0313477263183 0.0584924356585
-0.0375372216524 0.0293579810374 0.0636693225382
-0.0795307555321 0.0300866203705 0.0820014621608
-0.0137747218245 0.0211694295326 0.0529128453584
-0.0400232492436 0.0201521060987 0.0561948005326
-0.0357642003033 0.0191319752411 0.0451593905365
-0.0246545970235 0.0167910341931 0.000228175408591
0.0222780594051 -0.00162807391683 0.0370928140891
0.0163154199341 0.00902737921642 -0.0116980916451
0.031034355559 0.00280925587801 -0.0086494658324
0.0525553157055 0.00246971298019 0.00949551455735
0.0756677185999 -0.013190670014 -0.0123148028582
0.047727627714 -0.00431055420162 0.0308254662571
0.062129205717 -0.0263254212516 -0.0268902574239
0.012206570259 -0.0247424648287 -0.0422220087318
-0.123261001737 0.028164123867 0.0896433762181
0.0612172127157 -0.0100993691867 -0.0249260972725
0.00563517162209 0.0128967325054 0.0449565845193
0.0465657589879 -0.00355610009347 -0.0188165794915
0.0102545950439 0.0147847668053 0.0174612310426
-0.119655071573 0.0185609817654 0.0570752802184
-0.0877226003777 0.0186022670911 0.0347104362512
-0.115731976634 0.0156150797156 0.0599324995333
-0.083338303396 0.00698024905742 0.0498117400115
-0.011782823834 -0.0189573429775 -0.00391055873662
0.0665868696928 -0.0129385582506 -0.0517427860563
0.0617776786264 -0.0200364182545 -0.0640944635767
-0.0880631136396 0.0104992570279 0.0455509448208
-0.0439427129886 0.0129855823547 0.0215624088507
-0.0687190831842 0.0153474659937 0.0308992147427
-0.06551486091 0.0174736227409 0.0213745717421
-0.0137153639184 0.0196147371842 -0.0124942448455
0.100198523511 -0.00617436225063 0.0516917112132
-0.00399820453567 0.0146159452391 -0.020354338465
0.0333567558985 0.0189006146426 0.000514200022817
0.00440970152336 0.0150877520932 -0.0173356373229
0.0457844622231 0.00535920367472 0.0614050352222
-0.0156089788416 -0.0123079423432 0.0938111752899
0.0213027936808 0.00229600173634 -0.0247557827935
0.0456435841327 -0.0216997809308 -0.0231092262441
0.0616118178314 -0.00605938537816 0.0136879694833
0.0645451099814 -0.0173052234707 0.0038395669452
0.0133724752587 -0.00547727399619 0.0363454701102
-0.00403195315617 0.0120316576413 0.0605544667646
-0.0689138410569 0.0347013477263 0.0682014277727
-0.0580915355204 0.0260405194852 0.0486353279308
-0.0446642877517 0.0192140904481 0.0364090480407
-0.0420434066465 -0.00388861865489 -0.0193201636928
-0.102244653998 0.0344952387626 0.0890212054548
-0.0937565546014 0.0205440252751 0.0692400522626
-0.0610599976166 0.00959622298688 0.0326201498374
-0.0151166316495 0.000630308259605 -0.00720175677682
0.0138155353717 0.00893084279188 -0.00638552721657
-0.0621762337535 0.00503811551634 0.0350066306474
0.0063272392221 0.0118756088794 0.036504285762
0.0151470941147 0.00787047671007 0.0408776004432
-0.0176955333704 0.016169061048 0.024536727967
-0.00954964401201 0.0145632891872 0.0133464445748
-0.00342960477152 0.0120686069842 -0.00542982941941
-0.00392184097469 0.0138901563456 0.0250844317723
0.00410725066367 0.0146161937922 0.0287087861103
-0.0466571085712 0.0193874006446 0.0252155614231
0.0274331053421 0.00569380665057 -0.030947173853
0.090556982215 -0.00562165605573 -0.0477989205402
0.0753623009087 0.00168459221365 -0.075425000676
0.0756400945755 -0.00416888403663 -0.0201421256043
-0.0417576207605 0.0184061301262 0.00493802803431
-0.0189608828239 0.0159865401533 -0.0142724188911
-0.00088920476704 0.0120856550687 -0.0161910918684
0.0195188240069 0.0064015756583 -0.0126393009713
0.0168406398836 0.0135851422259 -0.00875157248971
-0.0253840319409 0.0174691681332 -0.00983129510871
-0.0031916276968 0.0170660179389 -0.0161071342933
0.0133800818915 0.0185095010182 -0.00969205795198
0.00425329499228 0.0227945779352 -0.0176432225682
0.0102909865162 0.0263752052036 -0.0219086272991
0.0508795705276 0.0103616517366 -0.00225971999494
0.124797895489 -0.0375700873647 -0.00408759251623
-0.0131651934172 0.0251789429724 -0.0145664920034
-0.0228660999899 0.0123231773056 -0.0181298361783
0.0258232446638 0.000845399143866 -0.0113080456464
-0.0783747084011 -0.0334703212147 0.0791565605293
-0.0693321829773 -0.0339499973662 0.00514933967991
0.029037154642 0.013919907599 0.00842646736832
0.0679093946928 0.00507303190721 0.0490731246404
0.0657577126992 -0.0111717135401 0.117095592238
0.0730017944813 -0.0315080902384 0.103184635268
0.0108238224221 -0.00688926218702 0.102619562234
-0.06721438291 0.0205324992665 0.0375984323188
-0.0896049657019 0.0171451512705 0.0310130957924
0.0402896788399 0.00109996168992 -0.0482769460239
0.0339135817164 -0.000188741834781 -0.0319101251672
0.012170629491 0.0048043790268 -0.0112077963698
0.0154207935707 0.0078565418662 -0.0130373640192
0.0694059769802 -0.00850700431201 -0.054586137866
0.0249993829362 0.00402336079273 -0.0276535283027
0.0239769331064 0.00708160404791 -0.00642885914425
0.0370894376167 0.00454705731698 -0.010961737335
0.0375181667766 -0.00210986815551 -0.0326196399131
0.0220534390028 0.0090598242563 0.00410362302013
0.0342001803538 0.00965034550779 -0.00240483220568
0.00757408941385 0.0102917635184 0.0197084284172
0.00575646598781 0.0080815395565 0.0237483542212
-0.0241460108148 0.00217383612037 0.0226314118638
0.00767110761678 0.00747295176845 0.0101723335562
0.0164018347748 0.000277310415146 -0.00671336028329
0.0120291870538 0.00311911166453 -0.00891470374391
0.0204238755898 -0.00175659552338 -0.0124715232163
-0.0125656684809 0.00700008389019 -0.00318855085352
-0.0560406233642 0.013175857433 0.0047272941119
0.0071014037239 0.00531576290069 -0.00311875554963
-0.0556937698821 -0.000250483944984 0.00368668177285
0.00369352994059 0.0161017498937 0.039604297089
0.0279731476043 0.00372519222278 0.000308390643427
0.02122101443 0.00914225840757 0.0075034791277
0.0357114955043 0.00693784198314 -0.00301939753524
-0.0431355910489 -0.0137722290932 -0.00340540329616
-0.0412895175603 -0.0167834469103 -0.0106579019437
-0.0161669048712 -0.00558540143381 -0.00879599589312
0.0341213231646 0.00345666849972 -0.0101636021687
0.0631208761902 0.00866616949967 0.0213060096878
0.0475165589751 -0.00263372512634 -0.0490826333395
-0.0225236212364 -0.0164574546809 -0.0193184289359
0.0186612906169 -0.0100764245037 0.0665386538875
0.0154988474366 0.00884022983752 -0.00519268728981
0.0507532707354 0.0124571221196 -0.0542575596329
0.0488079025657 0.0130790234005 -0.0417462990308
-0.0308964771694 -0.000297245209046 0.0394350524972
-0.0526300946093 -0.00262641081765 0.0272744583998
-0.00947932519934 0.00818287710858 -0.00427615846423
-0.0366549521396 -0.0284114251127 0.122112255821
-0.0110971878188 -0.0623909830484 0.118033530144
-0.0558262887343 -0.0790799611062 0.0359696359628
-0.0648507366588 -0.0150581721288 0.0236669822418
-0.088407741119 -0.0306173251877 0.049309255725
-0.0721270765594 -0.0483569935676 0.0452010907495
0.0465255186532 -0.0482946691102 -0.0378299632723
-0.0712904022812 -0.0644166848607 0.0143023991447
-0.0546811532849 -0.066306120698 0.0832225679907
0.102949903345 -0.0685714789661 -0.0100303362039
-0.0139321511625 -0.0435030605383 -0.0295609369596
-0.0226070314045 -0.00930584930502 -0.0231680389116
-0.0720535269574 -0.05414742141 0.129035620786
-0.0257863070018 -0.0469529715059 0.141841438177
0.0637092353914 -0.0482963727809 0.10449166398
0.14959132472 -0.0396511744459 0.0448415817356
0.129990330835 -0.0216134109315 0.0309163132623
0.0716418909287 -0.0108595780539 -0.00643023505266
0.0862902903364 -0.0607237416214 0.0554664754751
0.0291520776602 -0.0234414950085 -0.0337386331581
0.0679004068175 -0.0277906535454 -0.0251388376372
0.0103487059317 -0.076498784158 0.0661112075075
0.0256427931538 -0.087842335353 -0.00540491128612
0.00891873574593 0.0135268866443 -0.000516538613271
-0.114017728337 0.034051866809 0.0971074968782
0.00876168514357 -0.0194518694622 -0.0101625557412
-0.0113709103281 -0.000112477326445 0.000407923411556
0.00271476213447 -0.00792494869333 -0.00280864543189
0.0568374555843 -0.014765840333 -0.0163367802973
0.0928865788412 -0.0117888652 -0.0414135543546
0.0720179325429 -0.000276941951958 -0.0322050051595
0.0862884228016 -0.0262874420951 -0.0522857066998
0.0883042758644 -0.0278010591621 -0.0695320521774
-0.0153532331863 0.00595905616144 -0.0101445903058
-0.028268115656 -0.00541896355957 0.00418508536249
0.00334797457427 -0.00312507856046 -0.0078251659368
-0.0637628840245 -0.00927401208155 0.0127298630491
0.0355496146042 0.0039958175043 0.0331211016056
0.0983870453678 -0.00997421526791 -0.0554024300322
0.0869979768377 -0.00608220627787 -0.0686111139733
0.0388952103331 -0.00627818839449 -0.0526344106691
0.0540052138748 -0.00919544228128 -0.0498987205266
0.0250733833395 -0.00484632782404 -0.0373370222611
0.0422571329891 -0.0062434596403 -0.045745218696
0.0186694328604 -0.0189596115355 -0.0455926339821
0.0226435627195 0.00125228122729 -0.0281158644707
0.0320063512695 0.003545854784 -0.0209860332319
0.0730671273244 -0.0707908544381 -0.0439817071723
0.109858723956 -0.0539266898639 -0.0283246763351
0.00210991593119 0.0230905717562 -0.0233893387021
0.00828329359105 -0.00748906401463 -0.00625897927333
0.0318529924894 -0.0183176839162 -0.0111542269639
0.0437477181238 -0.0325787859306 -0.018615045158
0.0478414531753 -0.0336267455515 -0.0298766889204
0.0414431392399 -0.0327282337796 -0.0358214315314
0.0256570737774 -0.00498652653465 -0.00802033895903
0.0450240834393 -0.0139521315362 -0.0153373057935
0.0492815110451 -0.0266044528285 -0.0215715690609
0.050661228475 -0.0296780558166 -0.0177629601766
0.0361131841684 -0.028597234562 -0.0155612330579
0.0206703543183 -0.0245981120569 -0.0186513331364
-0.00448991646711 -0.017815672342 -0.0294044484555
0.00534435184128 -0.0159318204391 -0.00718636178777
0.0501829644373 -0.031237474003 -0.0173078225735
-0.044897467919 0.00355765745962 -0.00421666251655
-0.0541216415439 0.0163167626202 0.0182241909708
-0.0700013790184 0.0347539952535 0.0425024245176
-0.0750174274792 0.0390120374019 0.042480893183
-0.081602647486 0.0263954443888 0.0182302798298
-0.0439756071355 0.0306562863418 0.0393281214451
-0.0311759163771 0.0211416211698 0.0203313627787
-0.0118528048165 0.0145815041038 0.0238729371308
-0.044403547713 0.024327020991 0.0139631625705
0.0412941461255 -0.0300796286092 -0.0233587725216
0.0368990977509 -0.0275570537739 -0.0257758328575
0.0260404005822 -0.0252854743894 -0.0168689654665
0.0402450299679 -0.0221158219097 -0.029377671086
0.0450908244672 -0.0193401538318 -0.0332644696088
0.0475038954362 -0.0285119206908 -0.0379796324343
0.0509154871624 -0.0223103645578 -0.0412985596417
0.0399604020654 -0.0315727843499 -0.0490820925548
0.0506429827726 -0.0296722321938 -0.0547776653586
0.0510855771061 -0.0310418572215 -0.0590789479073
-0.00331343561721 -0.0123082717439 -0.00621967116925
0.00298626859162 -0.0116272701192 -0.00372427868887
0.0114276809001 -0.0105559902377 -0.00286930937194
-0.0157435275121 -0.013878531414 -0.00160324105164
0.0214637483436 -0.00429397973434 0.000386497173256
-0.0109694978896 0.0155439412726 0.0594940741092
0.00085690595589 0.00627071548872 0.0523918203299
-0.0047798791257 0.00441138417696 4.85579573293e-05
-0.004646295395 0.00868175974302 -0.00389933555497
0.000996285049265 0.0031699729284 -0.0109225257476
-0.00751553701091 0.0156486529601 0.00020985898447
-0.011281962099 0.020220094559 0.00273330504909
-0.00699717662446 0.01918954641 0.00557283164566
-0.000829482798219 0.0206088947793 0.00669672505131
-0.0159223728248 0.0180499306059 -0.00365750361001
-0.00958340387501 0.0117107032646 -0.0119842779617
-0.0102266670926 0.021278896534 0.0113847606619
-0.0110592381864 0.0183986698925 0.0188148219423
-0.00902086830769 0.0237496074568 0.0184012557054
-0.00670817999544 0.0348178675757 0.0140718193509
-0.0103019164911 0.0262098218039 0.0202527690953
-0.0164027039409 0.00738913246007 0.0110527285584
0.00554691830328 0.0115592604825 0.00379561698291
-0.0200672430252 0.0170831892739 0.00364667540443
-0.0550198808623 -0.0113445063671 0.0109547854653
-0.0159980451479 -0.00355167243167 0.00424946909798
0.00231149853635 -0.0138522014784 -0.00721287858505
-0.00696922273242 0.00244986677872 0.0060688810254
0.0207045823815 -0.00432270685161 -0.00982991497195
0.0300127436475 -0.0134436198006 -0.0181884458202
0.0224136639392 -0.0166358957018 -0.0163393605214
0.0324102436193 -0.018735155912 -0.0187386164479
0.0219157207042 0.0543312413963 -0.0495758404884
-0.0654231059581 -0.0262426239881 0.00150960116644
-0.0452202873967 -0.021877661852 0.000128263265066
-0.0383476222285 -0.0286171532546 0.000144293182092
-0.0158850828036 -0.0313376638404 -0.00782076518556
-0.0391675845336 -0.0138150190433 -0.000804560153406
-0.00983342297574 -0.0325612700284 -0.0154734839041
0.0194821267936 0.0102067736276 0.0100088598857
-0.00106276564285 -0.0621638336014 -0.0472689961061
-0.0199001278958 -0.0193290255324 -0.013568147888
0.0220847213687 -0.0297749261712 -0.0493564896151
0.0441536379248 -0.0315130435542 -0.0564118134641
-0.0351056936614 0.0203096182203 -0.000436886511767
-0.043169496396 0.0193564346674 0.00812024875766
-0.0103749970535 -0.00680647562818 0.00064700204158
-0.0289837491904 0.00295390956275 -0.00411849836701
-0.0182548511263 0.00309375793217 -0.00811080918189
-0.000340495977446 -0.0368456492521 -0.0285798693119
-0.00279817874058 0.0182166009624 -0.00334852517384
0.00460905801058 0.0273928460279 0.00186383038506
-0.0180130650923 0.0309473516741 0.00675050939122
-0.0282723831978 0.0184398159339 -0.00524806812423
-0.022992232124 0.0238687875247 0.00473975816594
-0.00770061143693 0.0280896487478 0.00932087496083
-0.0290276371342 0.00752775794027 0.00429255164703
0.0125119774258 -0.0136295200571 -0.00814593314283
0.0138852429825 0.0127282344319 -0.00840171502413
0.0249202567308 0.0184233377933 -0.00458981934161
-0.0486482410122 -0.00719593233894 -0.00590820142541
0.0113267368658 -0.00148175906446 0.017295771767
-0.0329463170267 0.0296420500902 0.0523441896561
0.00690714103069 0.0112336994458 0.00752044126456
0.0577515154551 -0.00511239444323 -0.00231028407486
0.00388142033973 -0.0144543417205 -0.00968366561673
0.00868738679269 -0.0100616741966 -0.00794065438301
0.00233745901533 -0.0112000287169 -0.00485442649571
0.00798266323747 -0.00299573022691 -0.0149980870063
0.0438809385094 -0.0168610672619 -0.0257545503022
0.0366631889673 -0.00274761046592 -0.0170621872887
0.0201542509834 0.0142382992758 -0.00423615734285
0.014973850004 0.0163202550291 -0.00393164538476
-0.0108456268888 0.0335996845199 0.00757635002441
-0.0105353668702 0.0267236912343 0.0046343448788
0.0156305114451 -0.00388064411391 -0.0634774467696
0.01442313854 -0.022674523752 -0.0449630935938
0.0188075243415 -0.0189837501943 -0.0752312965454
-0.0748552327082 0.0242807735619 0.0152428478157
0.00420371117494 -0.00680241315618 -0.00793489459151
-0.0180012600119 -0.0230171452929 -0.00446501072984
-0.00349301823583 -0.023505359514 -0.00809762658121
0.0166971548095 -0.0129935426283 -0.00784631896162
0.0190286327453 -0.00201934174415 -0.0018203065705
0.0147547378662 0.00900922034436 0.00262869550571
0.0127775224638 0.0260340018907 0.00827704544934
0.012637480002 0.00853414195773 0.00537420171256
0.00718397214008 0.00102181029406 0.00130522723401
0.00997840163213 -0.00426633812472 -0.00772920638357
0.00150555253723 -0.022148625522 -0.0198689886237
0.000519122277539 -0.0222076795041 -0.0118803009712
-0.0112298870348 -0.0416172109556 -0.0327440747384
0.0254753193173 -0.0119284112947 -0.00910088559966
0.00325163049687 -0.0208623861723 -0.0284535231529
0.00256089574541 -0.0183422938942 -0.0279150795862
0.00283058068498 -0.0309220025668 -0.0420535218244
0.106869553604 -0.0193871857295 0.0755262176291
0.0476067606098 -0.0201288733176 0.117771652629
0.00480154802173 -0.0174089917038 0.140930877083
0.0048673102448 -0.0347052744395 0.159844768298
0.00392948491833 -0.00262442771903 -0.00699369051872
0.000817032175591 -0.00368364734392 -0.00388071416059
0.00640893498469 -0.020208166497 -0.0268372623132
0.00996315388482 -0.0338143649901 -0.0400014833632
-0.0013265753194 -0.0626647771424 -0.0646326936012
0.0138541455507 -0.0524723502283 -0.0382551111979
0.0198225690068 -0.0803462255988 -0.0411748699524
-0.00355188435163 -0.00866955185081 0.0231356929591
0.00647879603525 -0.0139450577507 0.0182939390035
-0.00918792004366 -0.000105658899782 0.0247460559151
0.0267230466234 -0.0289334322729 -0.0381600723187
-0.00516251191662 -0.0305683680205 -0.0430978229234
-0.0074901561398 -0.0325512061264 -0.0589998932528
0.00184465956335 0.0302138899169 0.00895912977129
0.0245383386587 0.0631084823232 -0.0180310092311
0.0409630655735 -0.0100816912074 -0.0203401961365
0.037357269658 0.00221009272467 -0.00840880476684
0.00115851062399 0.00973515186446 0.0222600627384
0.00811932132723 0.00511585208549 0.0141628044228
0.00924922830447 -0.00335455988667 0.00352234115653
0.00601760789106 0.00161119562922 0.00370411235522
0.00342661334793 -0.003062589388 -0.00519585304144
0.00400620751777 -0.00776505755971 -0.0111094996752
0.00663651940271 -0.00243890210815 -0.00354085711426
0.0134953070084 -0.00784341005143 -0.0133333904928
0.0112487910635 -0.00577438075638 -0.0124550728173
0.0148514587703 -1.96293759916e-05 -0.00678964769625
0.0206707449587 0.0040213892634 -0.0055050812454
-0.0553175204225 0.022711181137 0.0673853846947
0.0272049364236 0.0114276659634 0.00607504722594
0.029608744851 -0.0291739342405 -0.00430137322118
-0.0150454052697 0.0189184646671 0.0247184145353
-0.0299738417233 -0.0204138845739 -0.0644274390864
0.02511348981 0.0110521079929 -0.00294889712384
0.047169446938 -0.0064971168857 0.020521544648
0.0451427307525 -0.0270448591102 -0.0425145988411
-0.0357399064649 0.00439333799779 0.00823665048935
0.0144089984785 0.0327794995227 -0.00218737796876
0.0118154175957 -0.0254517713939 -0.0504106338058
-0.00889572477166 -0.0173441680951 -0.035587374947
0.0852641085763 -0.00531003395426 -0.0365525981405
0.0625016466639 -0.00272296355283 -0.0255185392664
0.0802033412141 -0.00191160088175 -0.0685660547163
0.0713299141978 -0.00337618591419 -0.0770074510809
0.0753364643869 0.00249592924344 -0.0591101203111
0.0730182134945 0.00733876629827 -0.0626504426181
0.0639693748493 -0.00257040901631 -0.063331907167
-0.00109557362216 0.0126905748097 0.042484345435
0.00193230568999 0.00901105439543 -0.00927772796791
-0.0535639479 0.042425786525 0.0176343281801
-0.0547760226025 0.0473963783195 0.024569284288
-0.0297688379951 -0.0204738726471 0.00105193359122
-0.0260414395846 0.0160160538087 0.00651131871677
-0.0233162834791 0.00983049444371 0.015266957148
0.052880383619 -0.0305510046574 -0.0506708378053
0.0258849976025 -0.0252401196442 -0.0312947345306
0.0218171990764 -0.0136951537685 -0.0193160042096
0.0305426002201 0.00182899906489 -0.0462936289345
-0.0218758669761 -0.00600278701521 -0.00298304978305
0.0773314232144 -0.0167701282824 -0.0619987631671
-0.0925165697616 0.0136400048807 0.0613635887837
-0.0539922303613 -0.00181307640816 0.0271908366339
-0.0127664825238 0.0045427325345 0.0122762365626
-0.0420867076149 0.00658252505328 0.00902974998563
-0.0671124523309 0.0140684700833 0.00404578343677
-0.061844183696 0.00498160983493 -0.00793046114981
-0.0324920107537 -0.012124952036 -0.0266745788978
0.0723673589198 -0.0268186599965 -0.0550306573331
-0.0234681640563 0.0341992855927 0.0230607002057
3.55534793499e-05 0.024293785298 0.0151359087525
-0.0219713344706 0.0120785310752 -0.0100203171063
0.0249531119974 -0.00512715680265 -0.0444635316517
-0.000345324253426 0.00587101580005 0.00595020556813
0.0119670326085 -0.01037990562 -0.00172145127824
0.000615731970613 -0.019407346853 -0.00618212288586
0.0105654425447 -0.0136144002259 -0.0118997486922
-0.0181974893227 -0.0259318730328 -0.00116608501118
0.0140147778692 0.0121886184493 -0.00131913840664
-0.0112191313366 -0.0835692623589 -0.0716690123772
-0.000966770399283 0.00640022869415 -0.0188432196793
0.0238435855487 -0.0301730245183 -0.0595974135694
-0.00202312300309 -0.0106457028637 -0.02706438324
0.0258766523171 0.0062323344372 0.00387892395899
0.0245865041708 0.005567977189 -0.00337847166003
-0.0199161029248 -0.00347003611081 0.0324482964603
-0.0304897862668 -0.00696332661741 0.0107319837706
-0.0209247054355 0.0154304743263 -0.0124254363257
-0.0260373623518 0.0165940146582 -0.00334541906346
-0.0482646685292 0.0250208096973 0.0107439462218
-0.0103877417281 -0.0186626913951 0.137502651174
0.0214091856836 0.00636368857236 0.0302816521206
-0.0109596680289 0.00468345521379 -0.00130100287877
0.0769458958599 -0.013266154315 -0.0236896941237
0.0144713489529 -0.00824973949438 -0.000535208617744
-0.0106693454101 0.0119779776782 0.0197349110482
-0.0276151760835 -0.0472698524821 -0.039754215485
-0.00119446865955 0.032152146508 0.011414837439
-0.0111763575818 -0.0344146505148 -0.0212601916495
-0.0114615511982 -0.00859957238828 0.0214637603092
0.0141281691679 -0.0213520248724 -0.0020485437335
0.00891414954318 0.00240491514685 0.0206739946698
-0.01648109543 0.0190182241252 -0.0117715845493
-0.0458137880406 -0.0581038040693 -0.076320527672
0.0134467979005 0.00752397152217 0.00278476292603
-0.0198880602529 0.0122790555735 0.0171106914405
-0.0228140928925 0.0182517124454 -0.00399480610258
-0.0558956774037 -0.0198441229355 0.0817010197448
0.067958366669 -0.0072477035549 -0.0674078511049
-0.0227625334549 0.0220794215774 -0.0028905514175
-0.00497605148954 -0.0034672022522 -0.0478656510662
0.0424608596463 -0.00323727389791 0.103513798063
-0.0167456224615 -0.0378306927823 -0.0703591262657
0.0014576772689 -0.0120883582149 -0.00163449138053
-0.0041258229105 -0.00415302424878 -0.0031668029747
