-0.0410905465242 -0.13039467091 0.0565579198973
0.0112803102677 -0.0918957402039 -0.0193729279091
-0.0549048356755 -0.00541132685724 -0.0193461360777
0.0229956395754 -0.0392266602406 -0.0143701330591
0.0878091949513 -0.0971479039066 -0.012715060974
0.0989559027032 -0.123534845846 0.0102800894314
-0.0493924659365 0.00293659842077 0.122440854173
-0.118717587937 0.0737818146805 0.0211179904111
0.0406621932265 0.0163999623001 -0.0432387216704
0.0057781583963 0.00401343900001 0.0356417373286
0.0904384543584 -0.11488011945 0.0101127335578
-0.0302225455042 0.0443894005741 -0.0222610759637
0.0553095413128 -0.00617381853798 0.0148821893923
-0.061732311056 0.0488116126587 -0.0376977772529
0.0387821018591 -0.0747762750988 -0.0192563746937
-0.0250401464442 0.0124355381794 0.118748971708
-0.000544921682845 0.015366090954 -0.0300974815561
0.016421395349 -0.0036911977252 0.101185501072
-0.00364426947991 -0.028198549354 0.0242954918085
-0.000735452968831 0.011231051603 -0.0252786621697
-0.0258946020945 0.0615464738478 -0.0643906057787
0.0376724796224 -0.0316619247808 -0.0172980006253
0.0639185476153 -0.0352590082032 -0.046205797795
-0.0107809994654 -0.00489152441024 0.00169344828589
-0.00558335678257 0.072024457047 0.00238118942697
-0.0211143706105 0.00704792994214 -0.0033940494888
0.049044437247 -0.0234444668624 -0.0347828599343
-0.0885659753107 0.00362155980608 0.00843824195544
0.0719494945183 -0.0483090624755 -0.0444340498433
-0.0163728727282 0.0292102004698 -0.0260962710167
-0.0244018552141 0.0248615637326 -0.00750742777264
-0.0441001656971 0.0378845035212 0.0569520307172
0.0178480132435 -0.00729910697756 -0.0240751900895
0.0448106481041 -0.0253505125438 -0.0226309197859
0.129480764342 -0.129605122324 0.0116554185706
0.0070496551056 -0.0108351550112 -0.0194655140208
-0.0272869743159 -0.00620491613945 -0.00962587946007
-0.0212826295133 0.0499528096757 -0.0448185724868
-0.0138511233316 0.0169300095331 -0.0181155408082
-0.0371376685892 0.00533086141699 0.14506664531
0.0215111907881 -0.0047264826859 3.87013390114e-05
0.0535155054487 -0.0436674141123 0.0154573989908
0.0987285409119 -0.0561882191212 -0.0396955309424
0.0884991824475 -0.0898645762643 0.016904723674
0.0151044205729 -0.0566164540832 0.0116136982103
-0.000441862579055 -0.0170754775173 -0.00854658899731
-0.101149712799 0.11731109859 0.0773275451204
-0.01551804123 0.0159306948182 0.0407981653853
-0.0183680440601 0.0397751327698 -0.0353673774973
-0.0527911304258 0.0734622782624 -0.0269269116185
-0.0152314763327 -0.0325857131976 -0.00370185140819
-0.0633598117219 -0.00660811638888 0.0119108958569
-0.0744648257563 -0.0227304169501 0.0300539380664
-0.0915581259675 0.0465209404534 0.110731138388
0.00230899278256 0.0116354401275 -0.00676520386967
-0.0130985225244 -0.019083726506 0.000150582983612
0.00655838267274 -0.0162638062768 -0.0140574693119
-0.0154291000618 0.0577444297759 0.00497315095506
0.00656733300129 0.00420591540003 -0.00914187146785
0.146309300278 -0.168854104439 -0.00178025533374
-0.0695252455356 0.090625612552 -0.0504355573014
-0.0883632238651 0.101080390196 -0.0560398346236
-0.0934690051608 0.0742722160665 0.0291643946238
0.0189750944559 -0.000182180356714 -0.030128559317
0.0111361305946 0.0166809626006 -0.0402592738552
0.00718662541877 0.0238355395094 -0.0473071666724
0.0353837951602 -0.00331043020275 -0.0479786719372
0.0140279985674 0.0172901688479 -0.0465403883043
0.115140279838 -0.108137521345 -0.0140493507567
0.0238542728583 -0.0111100535025 -0.0146561638269
-0.0591760920066 -0.00808278822737 -0.00479172683359
-0.0430885059368 0.00697220818656 0.00544700417778
0.00461744946992 0.0201246663549 0.0241648805826
-0.1763073628 -0.120556862682 -0.0205757714677
-0.024743905251 0.0323461370406 -0.0156936293153
-0.0351443038151 0.0384310113143 0.0161127629043
-0.00310561704798 0.0190333654808 0.0190706135378
-0.0339082981852 0.00644518343671 0.0227337991947
-0.0358562328601 -0.024015796644 -0.0170251432569
-0.05335969096 0.0487005067253 0.0441783236204
0.024080418725 -0.00928720093634 0.0785354124126
0.132121058746 -0.0233894745952 -0.0319052259604
-0.0645744247348 0.0472671893746 0.0437812613169
-0.0500485198771 -0.0140583061928 0.0437665346265
0.0868630328668 -0.0796914108721 -0.000642007764204
0.0310381333622 -0.0194709678026 0.00119199470008
0.106100357671 -0.130092585902 -0.00217691036299
0.048529416551 -0.0407053039466 -0.00253657447244
-0.0129967750733 0.0413109124938 0.00724141224576
-0.000541151725509 0.00522883807144 0.00396471307584
-0.0469896433731 -0.0322036047198 -0.0428925925049
0.0106739759888 -0.0178589914587 -0.00297677538482
0.00849995888496 -0.0237777352682 -0.0277850827428
-0.0219921415385 0.0238757733163 0.0104613547289
0.0202190267114 0.0247367545186 -0.0205165026955
0.0773464906375 -0.00729917515752 -0.0441142334159
0.133748225348 -0.0464569865497 -0.0702589679158
-0.0121679987808 0.0100581350421 0.01703440897
0.143922153166 -0.0220725191329 -0.0174161060613
0.0114606899564 0.000878038175182 0.0772393895861
0.025014215764 -0.00502486930755 0.031426666235
0.0614261519732 -0.0357253727028 -0.0160376377624
0.0442660660758 -0.0238226003335 0.0304334389732
-0.104945519 0.00974518011284 0.0253409491388
-0.103884994682 0.0499470711104 0.0609374554229
0.0179470344872 0.00437601023879 -0.0343282580563
-0.199216283694 0.104105136615 0.0738150361166
-0.045612367533 0.0677148968051 0.0348435579392
-0.142515898954 -0.0981141480048 0.0302515347406
-0.0617094509623 0.0105620374003 0.0498041472067
0.0161864872216 0.0932773133631 0.0701231401381
0.0964691255321 -0.0269490399267 -0.000254663334771
0.0855925694434 -0.0529356323648 -0.0156303556805
0.0815714331748 -0.0416906304153 -0.038959945756
0.0720017928934 -0.0741857629711 -0.0594009124051
0.0309394095374 -0.0546472885251 -0.0338594457959
0.107294350612 0.0528263857845 -0.00775381561202
0.0613326992464 0.0408230617557 0.0341250312218
-0.102902976279 0.0606352998687 0.060093729296
-0.00464133975769 -0.00588637191779 -0.00999272001595
-0.0989281530647 -0.0139880557995 -0.00135437588326
-0.0505730387785 -0.0105341927274 0.0262081265335
-0.0244664459343 -0.0226577373826 -0.00289623243197
-0.0415380435743 -0.00726860513068 0.00608709107973
-0.0116075260789 0.0261009152029 -0.00541288729127
0.0277341017228 -0.00805058474464 -0.0337673668285
-0.0666759685579 -0.0287443463492 -0.00750642197315
-0.100287940111 -0.0203694646472 0.0248491256751
-0.0229511780684 -0.010552449844 0.00954509254274
0.0481594239026 0.0263061160864 0.0331098674895
0.0959953525412 -0.0354459941231 -0.0624089245243
0.0740559808281 -0.0338596630173 -0.0574566071776
0.0933353536922 -0.0041792262947 -0.0602052885137
0.00647419733372 0.0314974811719 0.0103815054583
0.0109546724204 -0.0129334552733 -0.010426969953
-0.0304124839083 0.0136919942373 0.0221001089956
-0.0138388492758 -0.0276580555809 -0.0134899973555
-0.0270370117341 0.0143062953052 0.0498065440656
0.0789129493411 -0.00621651095023 -0.0357574790243
-0.00578190411494 -0.00629326559796 -0.0065361776447
-0.0158541558817 0.000491033717887 -0.000412704024313
0.077958803978 -0.0341926806216 -0.0361882393427
-0.0112833414964 -0.00288516001348 0.0121915850574
-0.0292919164712 0.0708702247316 0.068799263187
-0.0557212160059 -0.029637413118 0.0187485680888
-0.027712757054 -0.0349284145549 0.0209525616471
-0.0114687838428 0.0444507070875 0.0051331132742
-0.0587309283726 -0.0196113577542 -0.0184185417182
-0.0392567646639 -0.0806392953212 -0.0320297677883
0.0193264170088 -0.0596437338513 -0.0420414960987
-0.0139905761886 -0.00657755546369 -0.0137999217403
0.0128790397849 -0.00862221482225 -0.0209289619002
-0.00750280424747 -0.0356986416976 -0.0373385260605
0.00726585222603 -0.00318277847063 -0.00605682686484
-0.00833065992208 -0.0512592019014 0.0237556697561
-0.00686594282989 -0.04984671783 0.0186855230734
0.0755209481543 -0.0838827240547 0.00890175370165
-0.0657632651101 -0.0701604257117 0.0385353088898
-0.0604367251865 0.00790742075467 0.0135721977598
-0.121337875268 -0.150859547033 0.0531593396101
-0.157392844611 -0.149653766673 0.010074116413
-0.0121586082754 -0.131256322509 0.0212714564836
-0.0852156908868 -0.0740392050787 -0.0165433266159
-0.00281793397999 0.00906113587238 -0.00472902607479
-0.0419915328485 -0.0490912815405 -0.011506147003
0.11531594515 -0.0712971850059 -0.0237423647266
0.115785446337 -0.0316380698337 -0.0482612588193
0.0086884447086 -0.029985653627 -0.0297930976707
-0.0718347075394 0.0263738945625 6.94273043622e-05
-0.123924274124 0.109688723288 0.0698838597256
-0.118131774301 0.0706385303581 0.0323944127246
-0.0897865176564 0.0326806917081 0.0165492200827
-0.00577668906521 -0.052576775163 -0.0135601499929
-0.104571387859 0.0210315007507 0.0357288945819
-0.146904644152 0.0955491730834 0.0741875372715
-0.151372152992 0.138028775789 0.0869507297257
-0.0680537862467 0.0696439164288 0.0483304830117
-0.0822704458625 0.057535704182 0.0549909769925
-0.0658600866563 0.0852953067823 0.0424897208216
0.0643996939087 0.049636174049 0.0279785980215
0.0662793686155 -0.000929144794253 2.09846719596e-05
0.079628182947 -0.0516161903631 -0.0495751052157
-0.00643059690391 -0.0349186810821 -0.0461595236916
0.0224093094594 0.0155553270841 -0.0103100824485
0.071126371959 -0.0577285202392 -0.0533206441429
0.0791449721387 -0.0339263600046 -0.0157127171693
-0.0866650472871 -0.00913084117992 -0.0310232844403
0.000268252558424 0.00917541653532 0.0158449410445
0.120118058011 -0.0499005475239 -0.0649204318094
-0.027973285269 -0.00709645188311 0.000925741906158
-0.138973715845 -0.0601472971578 -0.0025245710158
-0.0812516440318 0.018862808139 0.015870800676
-0.0089861400479 -0.000833128457707 0.014372974229
0.105085994705 -0.00997311311263 -0.0489124474621
0.0903981747218 -0.00445782064337 0.00757221567167
0.0211795983381 0.019540824399 -0.0125460263306
0.0508587533627 -0.0113333688396 0.0445951085099
0.0831466889444 -0.0391767502986 0.0115639098287
0.0308041641222 -0.0504034070198 0.020779414179
-0.00503839364121 -0.0128643003341 0.0617375604208
-0.0935108090894 0.00440217674208 0.111852398403
-0.0983880632064 0.0134911289248 0.170018570451
0.0193473228784 -0.0159412506435 0.0909566104727
-0.198816807071 0.15002214916 0.102996853574
0.0378693108889 -0.00989254734313 -0.0957356645291
-0.0361473403046 0.0554299077255 0.0663312710546
0.00981473607094 -0.0202514685429 0.00400836059769
0.0256395960235 -0.0125987902898 -0.0153299107163
-0.00180263145829 -0.0179194155498 -0.0125118504448
0.0877341221307 0.0106998939819 -0.0155378091128
0.0409480849654 0.00268575689025 -0.0244094316684
0.0139172153499 -0.119674017878 -0.0916008919749
-0.0100699176549 -0.0146007074248 0.00457213698462
0.00763150399646 -0.0339897113482 -0.0642591423861
-0.0109644628977 0.00157954646982 -0.00406829904771
-0.0520438545861 -0.0141910121411 0.0112992843522
-0.0485711716339 0.00343716285446 0.0481030998748
-0.0482475947 -0.0140376436218 -0.00764135363311
-0.0834008999198 -0.0119396430147 0.00316436007657
-0.0519318976337 0.0334003740631 0.0257803868978
-0.0474588864628 0.0201140907953 0.0133132528297
-0.0776884256934 0.0285873738557 0.0323197456457
-0.0316984573811 0.0209879539574 0.0315225540568
0.0991959877229 0.0837447706082 0.0465263401983
0.0575812978586 -0.0515384725828 -0.0165721797907
-0.00656198142606 0.0167659559954 0.00781330829013
-0.000433658506801 0.0275903291924 0.00477786597265
0.00409386894017 -0.00331789379428 -0.0138165690107
0.00375842817873 -0.0159522767912 -0.0103935487999
0.0100153131988 -0.0116214366606 -0.00692749003942
0.00943662999966 -0.050436985432 -0.0352218914885
0.0068796455428 -0.0731305838597 -0.0403082632928
0.0724525228955 -0.0555202921399 -0.0365319733044
0.0866292105101 -0.0532968699117 -0.053328050733
-0.0166704671112 -0.0600381328047 -0.0310812471099
-0.0761970921484 -0.0787329106883 -0.0352205711827
-0.121313223815 -0.106955827775 -0.0318350457687
-0.00699853346183 -0.0200977252519 -0.0242339106581
-0.0244822505079 0.0186781100187 -0.0067634828421
-0.0762428036762 0.0168357524461 -0.00288952656583
-0.121269963706 0.0177465374392 0.058867629934
-0.0753453253379 0.0128879933791 0.00237603400406
-0.121013158949 -0.0941115915446 -0.0194682697024
-0.160302207041 -0.117011346804 -0.012472839411
-0.184541202747 -0.126481580934 -0.00437278658765
0.0344584752594 -0.0056330209942 -0.0388617956757
0.0278026665126 -0.00340694635688 -0.0257181888932
-0.0681137589387 0.0196486968213 0.0209720616721
-0.0398899000579 0.0175130630869 0.0269881190553
-0.125268849112 -0.0789229943146 -0.0233643471327
-0.00792608419675 -0.0324125581237 -0.023420147316
-0.041337983612 -0.0258028279351 -0.0241605995588
-0.0614746691313 0.00754552684048 0.00394834487452
-0.0334389926987 0.00787859951739 0.0169506737732
-0.0185955770023 0.00159549152834 0.0105297784646
-0.0129598964169 -0.00365405952017 0.00815438422944
0.00290458590404 -0.0481418102533 -0.0471607187131
0.0251914043342 -0.0514279738495 -0.0630874536448
-0.0313312418647 -0.0393015488255 -0.0609227374864
-0.0880449800758 -0.000508324402057 -0.0183477584269
-0.099905615038 0.0132737557128 -0.00903067026005
-0.0778614502837 0.0230844360214 0.0239769324088
-0.0449600732082 0.0154854102473 0.0267504915079
-0.00629800634774 -0.00291412657349 0.00802555708258
0.00517492564353 -0.014966072857 -0.00753968678111
-0.0770899337691 -0.0185557411036 -0.0372851820648
-0.0821913598586 0.0398179904124 0.0544434834049
-0.0915715859037 0.0463311275181 0.0609397301229
-0.00756676136658 -0.0141024264235 0.00199126890772
-0.0145825742466 0.00371600341697 -0.00541997447882
-0.0446447318574 0.0123678456763 0.0075570476109
-0.028593410978 -0.00621997859917 0.00435305947918
-0.0428776341103 0.00628649413171 0.0107021688714
-0.00263090456441 -0.0154584003999 0.00116062767389
0.0537587477454 -0.0141927639073 -0.031146572807
0.039330495677 0.00216168787945 -0.0405014265486
0.0574789434624 -0.0246606024199 -0.0163067034295
0.00911813213805 -0.0178530466555 -0.0652424329155
0.0039022983242 0.0105951749274 -0.0852334155248
-0.0415671409775 0.0167763335325 0.0137699634434
-0.00764817135315 0.00787377611849 0.0149814512828
0.0403403112378 -0.0182543251387 -0.0468121964684
0.0119847291735 0.00448096915179 0.00781647581632
-0.0110061528993 0.0114890284259 0.0260069968118
-0.0123538837336 -0.00860202515385 0.00148685803973
-0.0777093954162 0.0346895783721 0.0511121322706
0.0463796571798 -0.0158231148114 -0.0275693850669
-0.102519425995 0.050008887928 0.0565747661928
-0.077124960208 0.0321164855752 0.0299066237118
-0.0323952252095 -0.0139517193291 0.0200125369119
0.00471386869869 -0.0168835787278 0.0104360092026
-0.0182685722785 -0.00905433420018 -0.00134311646342
0.0419559211285 0.00129434568137 -0.0360951327017
0.0637434139492 0.0194982927059 -0.0340633087427
-0.0345855846939 0.0105699727931 0.0255380710881
0.0577833063877 0.050560956238 0.0371998968379
-0.0267220298106 -0.0213537891718 -0.0296511609742
-0.0320995712946 -0.0600536246987 -0.0734260483163
-0.0574735125807 -0.0244172648022 -0.0242203008808
-0.0538335392784 -0.0091154148415 0.0146565045002
-0.0321534670576 -0.00816089818059 0.0264045244926
-0.139704896893 0.0144608663124 0.0434862346971
0.0173993236318 -0.0021705526081 0.00887052693079
-0.038251987541 0.00343369081783 0.0284767151343
0.0533158186905 0.0365852787866 -0.0505028892147
0.000724298826359 -0.0390460804385 0.0380309894765
0.084400506318 -0.00260349539318 -0.0846073390869
-0.0567528230506 0.0940133837391 0.121676584623
-0.0192861494803 -0.0886334446533 -0.0738700821191
0.0308698440556 -0.00832086866894 -0.0120147017499
0.0293630013469 -0.00747830832415 -0.0186271666724
0.0163148201569 -0.0284254555915 -0.0522157615342
0.00634029395061 -0.0383129883096 -0.111384180943
0.033453298511 -0.0113492865779 -0.0198056005871
0.0546290037747 -0.00316333902842 -0.00561413609182
0.0380025033863 -0.012731291918 -0.00331998225584
-0.0182382488308 -0.00284650740614 -0.00594050582545
0.0542533701837 -0.00196493794068 -0.0243167024297
0.0909027449635 0.0159532168751 -0.0265322319893
0.0899240610176 0.0390259741463 0.0169548451439
0.0230627904685 0.0347465685462 0.0488444069735
0.0112669494535 0.0016521733795 0.0145315657202
0.115244284332 0.0474031837308 -0.00137541018697
0.0607561722191 -0.0161731033829 -0.0541371989309
0.0402793632568 -0.0256793761569 -0.0759923558444
0.0566946056699 -0.00870691334438 -0.0560776109488
0.0314069222011 -0.00103018176986 -0.0887742367645
0.011628220387 0.0115948733484 -0.0837783813258
0.0157933669299 -0.0207831212739 -0.111535179413
0.00308845583406 -0.0363032609394 -0.0749145062303
0.0443535869344 -0.00696850505386 -0.0223821847061
0.00865226037319 -0.00277507084084 -0.0626442485427
-0.0116980805409 0.00721854311963 -0.00791453354809
-0.0571288413731 0.00173881378985 0.0355364538605
0.0242001082274 0.000294522912573 -0.0151989194848
0.0252111242841 -0.00183158592507 -0.00337535213215
0.0257963088268 0.00357738198315 -0.0140482927373
0.0183681369782 0.00925263557351 -0.0363203145898
0.0274978274259 -0.00659570780294 -0.0121596395602
0.0165566426477 -0.0238964170937 0.0311724768473
0.00720823248406 -0.00256210864902 0.0165392669848
-0.00201773294924 -0.00979443274258 0.0303368039622
-0.0146753267602 -0.0136464040192 0.0321623310676
-0.036684793041 -0.00523150349001 0.0157393378983
-0.0315028868954 0.0113847065718 0.00718996574877
-0.0887554284447 0.0569521049808 0.0608991347389
-0.276353989438 0.16477054287 0.095212469686
-0.0152706936935 -0.0370149414887 -0.0414209076416
0.0489791158484 -0.0339012752865 0.019271656357
0.0191730229021 -0.0736634685778 -0.0772566272003
0.100561041931 0.166416765954 -0.0808713700771
0.121631266593 0.106740447828 0.0987838921278
0.00136939811945 -0.0273188536985 0.031928808664
-0.0541947727216 -0.0182051137341 0.0404525501251
-0.0416137789562 -0.0498721012857 -0.0113143795637
-0.146896341725 0.0504283254891 -0.0830809918918
0.0669846895082 -0.0522420828769 -0.0224950084783
0.0119046984735 -0.00560632150605 0.00175210337029
-0.0302988437107 -0.0115452937197 0.0214253123382
-0.00832840502459 -0.00660644543641 -0.00674280597298
-0.0347108125392 -0.00764248050575 0.0324343293868
-0.0291254409586 -0.00919816023209 0.0276721305737
0.0120359792142 -0.00191177088011 0.0113910814049
-0.0749492472246 0.0156627871764 0.073893668165
-0.00803575270236 -0.0161293598881 -0.00867095528283
-0.0139137524792 -0.0219214188769 -0.00924394987065
-0.0289509074725 -0.0109722781204 0.0181618324487
-0.047168591391 0.00278591173757 0.0522980994502
-0.0201222650783 -0.0170150649558 0.00348710248636
0.00202350153038 -0.0072168512781 -0.00730832305632
-0.017396993104 -0.0236669000393 -0.00576050763483
-0.0217688818448 -0.0187612440213 -0.0080838750769
-0.0172371378286 -0.0216950741038 -0.0181966543637
-0.0195787349375 -0.000445616283576 -0.00908824000576
-0.00972287169405 0.0275320797747 0.00340485910899
0.0352164674161 0.025990659313 -0.0245584554853
0.0760069459983 0.0102970454692 -0.0564459596136
-0.01614201642 0.0281040104969 0.0185278228214
-0.0239209123967 0.00472560721038 0.0133338655891
0.0874546836258 0.00287578466809 -0.0504554641932
-0.00433783586134 -0.0162350286297 -0.0177662046207
-0.0114080841988 -0.0390423977949 -0.0501067601635
-0.00369760943129 0.0132335511364 -0.0143680716876
-0.00894253335703 -0.00446328730508 -0.0132298922748
0.0305525775703 0.00276204374938 -0.0403095008946
0.0734056468414 0.0790150008908 0.0576447141742
0.00749897986993 0.0735072060454 0.0767302658664
-0.0675678869761 0.0281940454728 0.0646941440687
0.0597619679781 0.00310530033626 -0.05334166841
-0.0798572978149 0.0179942047591 0.0444053081341
-0.034664612211 -0.00278098283594 0.0320298553686
0.00736470648045 -0.00514781722321 -0.00196946903451
0.0872802015575 -0.0202377379018 -0.052035750431
0.0546915977594 0.00421514719481 -0.0341758636637
-0.00622619608232 0.00342644679582 -0.0124059797825
-0.0177588579498 -0.0097767691257 -0.0439081206693
0.0762359631094 0.0634564942912 -0.0679803132088
0.111264002082 0.0995967125724 -0.0482893409975
0.0742799689676 0.0159634138875 -0.0581538097221
0.0393606502978 0.0692720913683 -0.133417878873
-0.0247718431501 0.205477211744 -0.177623108673
0.0876450267222 0.266419303679 0.0138742790222
0.146554728722 0.0507893416229 -0.0113322339482
0.151312336402 0.148705909968 -0.0172918423624
0.0876579213381 0.202191428583 0.00391569564428
-0.130787788289 0.20792479096 0.188985178462
0.121452109111 0.193177534946 0.100102246257
0.0526437569005 0.239599056008 -0.0952895577452
-0.210323987044 0.281698884301 0.0245781272741
0.00686509550648 0.149204909092 0.198650425303
0.0297692778012 0.0772229035227 0.130780917467
0.0782910054597 0.185977529116 -0.164554379363
-0.000912434507031 0.125039978325 -0.179791601927
-0.14912960341 0.136905463842 -0.139166692512
-0.291510573478 0.123990013936 -0.00956945866967
-0.244209508611 0.0822425310171 0.0617171038846
-0.165731170084 0.116234946449 0.106917949075
-0.185227213326 0.226588971702 -0.0979835390447
-0.0853553180998 0.144069185484 0.190524666861
-0.176272424163 0.167448285135 0.156775026546
-0.0360605581362 0.285788647023 -0.117690673543
-0.0324356944693 0.331612920786 0.0265535589922
0.0226888516901 -0.00755859397184 -0.00190286227177
0.0136675156679 -0.00449239972893 -0.0133772765559
0.014379778558 -0.038840041307 -0.0637483213901
-0.0150672556711 -0.0929848225988 -0.0918671433781
0.00410868720435 -0.149010657907 -0.104966356444
-0.0232847343143 -0.10785638667 -0.0801719247188
-0.0616822629487 -0.0362379993508 -0.0228783269338
-0.0473995953604 -0.050439707584 -0.0515552110512
-0.0128243047471 -0.00642948786187 -0.0100149405582
0.0283507790688 0.0415844382332 0.0272468631009
0.0429881216323 -0.117743476228 -0.0653385465129
0.0945683485727 -0.0626281920149 -0.0436130905754
-0.0586468243043 -0.00984026892558 0.0188843572301
0.0316396468549 0.0491489749354 0.0476029977495
0.0525819018941 -0.016687318433 -0.0395790875263
-0.0837972607555 0.00339304866846 0.0331590005038
-0.0945785674147 0.0095874784474 0.0596250154469
-0.0746120274588 0.00601351827195 0.0557728385042
-0.0308878108691 0.0206377362389 0.0484487575451
0.0161296893472 0.0207001789966 0.0311313681613
0.0563543013103 0.0327228362723 0.0333572242738
0.0863595624787 0.0656706034172 0.0451779482255
0.00703848358507 0.00991532518359 0.0293533441393
-0.010815969165 0.00217363755602 0.0265824073419
-0.158916827299 0.274783684609 0.150539327977
-0.250431656056 0.228434828874 0.121941886527
-0.00931441665786 0.0219291780093 0.0265996386435
-0.0989169774634 0.10921127333 0.0685124387832
-0.0366140362804 0.0578885380651 0.0434531802465
-0.0406315271005 0.0353406035444 0.039356680479
-0.0593716307699 0.0294458449629 0.041173089942
-0.0252088799337 -0.00285344587972 0.0111856285336
0.00338533080656 0.0566152372323 0.0389815415695
0.118328168766 0.000625324580767 -0.00226853046166
0.129263763231 -0.0385574944899 -0.0323619891493
0.0923278117636 -0.0345512332021 -0.0254156336245
0.0502158043465 -0.0404437676511 -0.0315820261423
0.0204309877411 -0.0350769221975 -0.0301767127077
0.0100051553037 -0.0292470198384 -0.0418972640595
0.0259658794998 -0.0482033058312 -0.0562914246288
0.0319909947148 -0.00946034511891 0.00132304379185
-0.0254146382402 -0.0194685875955 -0.0356159803276
-0.057364375313 -0.017188102772 -0.0357422160347
-0.080324860374 0.00408784256219 -0.00737651967434
-0.0604695989206 0.0113257412394 0.0114375322206
-0.0357521640308 0.000274479076759 -0.00181943596016
-0.04684888468 0.0241079746164 0.0329676320958
-0.0242240489902 0.0275655255831 0.0293249691541
-0.00683705041594 0.0240797230211 0.0193331269404
-0.0169003503479 0.0142503303574 0.0131450612783
-0.068609761943 0.0522482102041 0.0472076333665
-0.052755315766 0.0527010884134 0.0352778007064
-0.0460572827318 0.0637480313296 0.0314070379724
-0.0576083263276 0.0480857801744 0.0358553212872
-0.0908615413396 0.0621292936374 0.0582118583257
-0.0989117339376 0.0625768199167 0.0700669344119
-0.110209851448 0.0669955829078 0.076480760292
-0.0307801469813 0.00248173514157 0.0103173065398
-0.0643203469508 0.0305445102824 0.0470782574014
-0.0284839736114 0.0175739507233 0.0247083689441
0.0298022690527 -0.0298183683468 -0.03893656574
-0.026810679171 -0.0247414095257 -0.0232781595029
-0.0975219803221 -0.0367566622397 -0.00681441129407
-0.14726697386 -0.00419933065182 0.030330478931
-0.0653063083084 -0.0380800991098 -0.0118986759868
-0.00675385277189 -0.0455705260915 -0.0886913292396
0.0104333239851 -0.0383660307205 -0.0746208173073
0.0331089626491 0.0230377924002 -0.02500658608
0.0431826043241 0.0229553347288 -0.0293763953875
0.0501912644296 -0.0148028122105 -0.041424776972
0.0113753141931 0.0496973252031 -0.00930098151578
0.00612273722852 0.0282524605665 -0.00280869342463
-0.0100286290815 0.0684054299453 0.0111497655382
-0.0210446716115 0.0489598686501 0.0174912979737
0.0069953396125 0.00242256478831 -0.00893310025698
0.010943845004 0.00342166326862 -0.0210393795295
0.0133332294975 0.0160214041403 0.0109087485026
0.0599202383916 -0.0620175942966 0.00960006609356
0.0338178457103 -0.036167673732 0.0181457390562
-0.00226354035687 -0.0341314289782 0.0185175843933
0.0478792373184 -0.0823392365076 0.0141408327851
0.0439343778363 -0.0689654678512 0.0230889160393
-0.0317682372905 0.0375473763506 0.0129681599013
0.0303156789435 -0.030127146936 -0.00398338996544
0.0142320526055 0.009958481981 0.0202998870399
0.00524564123404 -0.0413014175555 -0.0121442583824
0.0303380263115 -0.0663896829926 -0.0405206099539
0.0182802785202 -0.0403927878602 -0.0187482765423
0.00516860800378 -0.0305364398447 -0.021203423429
0.0166395470608 -0.0365271701091 -0.0300521331322
0.0531338550347 -0.0647983323056 -0.049424357578
0.0348936471664 -0.0353415716416 -0.0375569667267
-0.097724039378 0.0660626542879 -0.0192833747185
-0.02281511207 0.0530952360794 0.0454397067399
-0.0976360513098 0.0326901430011 0.0404089584208
-0.0345078818385 0.0148358875771 -0.00157397091591
0.0443476362248 0.00627211163682 -0.0244631364726
-0.0912623041552 0.0265406503192 0.0531004002954
0.017882853261 0.0595152275759 0.0167799167458
-0.0147702620777 -0.0132967856434 -0.0063704667485
-0.0141476382872 0.00633621265514 0.0185647145832
0.111790811322 0.0780856092642 0.025924152768
0.0975884259557 0.0770499560704 0.0330946701165
0.0716314440062 0.0571544856128 0.0175891413974
-0.0528289879924 -0.0338201366554 -0.0369375422534
-0.0621404192016 -0.0142444423777 -0.00540717216528
0.0232165661666 -0.02324750546 0.0515476216299
0.0311306312288 -0.0422740072678 0.00394993847467
0.0413322273023 -0.0723409970683 -0.0226649393496
0.0645657147183 -0.0565518627844 -0.0182405138955
0.0541918772652 -0.0905822471466 -0.0349655312949
0.0783109805233 -0.0757048746754 -0.0158794418585
0.0220553845334 -0.0870216616556 -0.0298792925848
-0.0147468974106 -0.0412073860701 -0.000250749454695
-0.0584007500928 0.00602628575088 0.0289551717398
0.023848843502 -0.0433754144532 0.000354417522683
0.0360966337512 -0.017579232037 0.0262046633857
-0.00507701889674 -0.00827741058265 0.124832505462
-0.0214416385358 -0.00499382474547 0.132695544569
-0.063476356416 0.00122415146344 0.174552251321
0.106040704312 -0.0191245760877 0.0406690329959
-0.125606021512 -0.118832243797 -0.00820107291842
-0.0552111213426 0.0209804345162 0.0302642115155
0.00226410994962 -0.00712951906246 -0.11777828352
0.032777262942 -0.00414598576332 -0.0313882040188
0.00402220491596 -0.0367644029916 -0.0354592300212
-0.0647837894399 -0.0412938128451 -0.00956843352882
-0.115914868593 -0.0315682766481 0.00837709063915
0.0233442821915 -0.0191523336434 -0.0295811589576
0.12078386368 -0.0363606356353 -0.0246921675625
0.117488248922 -0.00855483777175 -0.00504695837428
0.044885062269 -0.00659569359406 0.000418070893417
0.0718164803656 0.02872940899 0.0159828028239
-0.00144231562338 0.0723106330451 0.0408836722908
-0.0549940723636 0.101107688241 0.0643458983437
0.0251596534353 -0.0861192969705 0.0272559041238
0.0159780699148 -0.118820805961 0.0336530952678
-0.0237297483504 -0.113735749337 0.0516909511256
-0.026840595312 0.00371584181393 0.00949049017147
-0.0675348074334 -0.0256088503747 0.00595396468859
0.0249967711266 -0.0389945362714 -0.0333695702243
0.0634425305488 -0.0452283202486 -0.047575872249
0.0945835495261 -0.0699280152876 -0.0577716435383
0.106537911313 -0.0620381419412 -0.046296732341
0.111514949481 -0.0578326822166 -0.0298564946546
0.0942651460368 -0.0633764683408 -0.0125214140729
0.0831455198317 -0.0395367892122 -0.0236364073671
0.0360219220419 0.00487862055986 -0.00541159519521
0.114442059145 -0.0356085956415 -0.0224361645329
0.0767476624879 0.0244478058333 0.00983261906146
0.0885062295943 -0.00970341131271 -0.0245466277227
0.0141716765131 0.103013574883 0.055815889603
0.0773879459961 -0.0726826317467 -0.0584555120242
0.0660764476707 0.0341559062014 0.0311075119251
0.0911220586608 0.00244200783897 0.0127781769345
0.0414023292224 0.0463011187942 0.0465163253717
-0.174302460054 0.0195541611299 -0.00113715463621
-0.0621059951639 -0.0147666554325 -0.0646615988843
0.0477716980717 -0.0423995038416 -0.0748921136381
-0.0162109879115 0.0332774983614 -0.157647280885
0.0875322889027 -0.0311412892524 -0.0561879616969
0.10599869827 -0.0361433180344 -0.060565824612
0.0608883289415 -0.0416240420614 -0.0151891671488
0.0165302808164 0.0029822314114 0.0183027091611
-0.0187485483571 0.0525226896001 0.0484162888378
0.033251469264 -0.0114206950123 0.00176313224957
0.0479679956821 -0.00872134033761 0.0119773675618
0.115590788323 -0.123675879127 -0.0185269605475
0.13568766365 -0.140840002729 -0.0101373924701
0.132905743583 -0.154142331196 -0.00634621397156
0.0142092305905 -0.029421729004 -0.0309824751443
-0.0428074507271 0.0959693205678 0.0749256366239
-0.051069423292 0.0879491775888 0.0832809620929
0.0747742262861 -0.0712067963794 -0.0146217209156
-0.118864789967 0.0338782043316 0.109094484735
0.0307760489638 -0.061851017961 -0.0298435662446
-0.0158514821099 -0.0609577214651 -0.0201081847609
0.0332134337322 0.00205149576728 -0.00668348495193
0.088629130319 -0.0260879448653 -0.0398130620643
0.114813702915 -0.0416351127323 -0.0597895846956
0.124283282095 -0.0345388509782 -0.0633283849077
0.125407182915 -0.0320433499268 -0.0706657290927
0.08330660472 -0.0238379492716 -0.0567247306234
0.102589137154 -0.00803311062508 -0.0563275301906
0.0668662365764 -0.00875589151462 -0.0531243142428
0.0227349501629 -0.0122067351126 -0.0272686284644
-0.0121930535356 -0.0167068447406 -0.0138110473816
0.007045380179 -0.0086499303275 -0.0185465868962
0.0251682696228 -0.0158814031308 -0.0146225432426
-0.0659122414188 0.0163635724638 0.165242528246
-0.0198456642633 0.00160602155864 0.157494908405
0.00636685683393 -0.0212927283721 -0.0131858457293
-0.103999851027 0.0185178724708 0.0322773497492
0.0206619947164 -0.00722529695269 -0.0148505673549
0.0573643034142 -0.0135644002989 -0.030317816389
0.0277611328902 0.0116305013611 -0.0152393960541
-0.0340763356214 -0.0350205271378 -0.0589196745879
-0.0436636393373 -0.0294705843906 0.0288994618667
-0.0094630193992 0.00509073020564 0.00448504267409
-0.0157844838863 -0.00159030429211 -0.000904812472667
0.00573512218274 0.00261146766365 -0.00865749966239
0.0112380900803 0.00401620263005 -0.0405721923212
-0.027367560474 0.00210364864077 0.0261069742532
-0.0578007192166 0.00392087790558 0.0510138671582
-0.0159822058243 0.000994618239713 0.0116897467666
-0.0574297579074 -0.00174162481155 0.00197296403873
-0.0203814053467 0.000953089613683 0.0136829934155
0.0220152346378 -0.0285982395217 -0.10477201277
0.038839786149 0.00454872179176 0.0107174844398
-0.192797248672 0.122967257935 0.0809686954802
-0.132693474438 0.0818384193989 0.0434708364224
-0.116958226753 0.0154344879558 0.0222363866641
0.00871060850055 0.0258295935264 0.00194695466212
0.0335658694278 -0.027468773309 -0.00783060875628
-0.00872936354989 0.0138349652719 0.0207806600107
-4.43056632685e-05 0.00658878449425 0.0230818616401
0.00260070056968 0.0249868774087 -0.0334142413741
-0.0298223632913 0.0375232501393 -0.0444720609349
-0.0935891770584 0.0124961485363 0.05341978956
0.0147146830488 0.0374395429991 0.0398181156547
0.0702586633531 0.0118692846213 -0.0300342394739
0.0791309413993 0.0230742649666 -0.0290070361876
-0.0265547639106 -0.00643725206804 -5.43773903857e-05
-0.0204198879961 -0.0100790460823 -0.00785453827906
-0.0342577811077 -0.00412176734634 -0.0106660600524
-0.018579594197 -0.00180366459149 -0.0018409520118
-0.00534472075052 0.00134103825717 0.00581758298002
-0.0547038667456 0.0281630445054 0.0349401400662
-0.0387919868871 -0.0179605876904 -0.0122575754559
-0.0578097479427 -0.0384697679924 -0.00957055995464
-0.0311449965128 -0.0399644162658 0.0124962796625
-0.0598080530311 0.00872302702501 0.0626106805635
0.0376133181532 0.0211484597717 -0.00914000544046
-0.0594611519787 -0.0201871833785 -0.00868030151266
-0.0259591795767 0.0169731753699 0.000482294932008
-0.0535429849406 0.0248269557533 0.01978644635
-0.0482866587684 0.0214147932255 -0.00328936199343
0.0126828908154 -0.00947908946961 -0.00570386449379
-0.0228616177853 0.0469896944352 0.0406009442211
0.119498110796 -0.0506131180799 -0.019994813621
-0.0260601589891 -0.0768499073034 0.0442259970635
0.066027622687 0.0575082268852 0.0511074833866
-0.0311695331043 -0.0346150458755 -0.00543878381252
-0.0474200804088 -0.0160810381982 0.0119684277747
0.00220678951488 -0.0310425464242 -0.0486716602579
-0.000406305971723 -0.0200753542132 -0.0215785991067
-0.00127748651418 0.0214872574252 0.000471679025006
0.0192709971191 0.00414536555487 -0.000819594388322
-0.0282302232848 -0.0117224456037 0.00218824995781
0.10195280397 -0.0314308781628 -0.0843938060157
0.0400970493566 -0.0372059507051 0.0194802655835
-0.0216043706454 0.0138489501445 0.0427586957171
-0.0403211267671 0.0206192777371 0.0245083784601
0.0793946163814 -0.0364094450164 -0.0482262918937
-0.0359043594079 -0.0783063663179 -0.0228770830754
-0.027875479169 0.000724935813575 -0.00397674419683
-0.018388644598 0.00995418462055 0.0217877586267
-0.0364739349683 0.0942752757454 0.0460335023658
0.00713222960105 -0.0135550036552 -0.0130842963111
-0.075933414489 -0.141322972919 0.0129056792572
0.0180846524059 -0.00259960996158 -0.00357280195338
0.0196786247667 -0.0681474285716 -0.0420428161474
-0.0744845382479 0.0322004188917 0.0222504809413
-0.0283318441797 0.0100702462241 0.00511950319964
0.0731159083633 -0.0915233627747 -0.0087599392527
-0.0199747326917 -0.074477326399 -0.07457392721
0.075691942403 0.108952473442 -0.0984743976709
-0.0799528336609 0.00984511985366 0.0708312267063
-0.0187040724552 0.0580873087159 0.00745203638391
-0.100699013005 0.0207574723514 0.0491757438335
0.0144192253058 -0.0554408607993 0.013375754219
-0.0727005964626 0.0574191075633 0.0621398686442
-0.125528974963 -0.025983984522 0.00568927483321
0.0717046769603 -0.016354620304 -0.0449038344684
