0.015282987316 -0.0664870206276 0.000425672377757
-0.00533031354699 -0.00586266497334 0.0196970986427
-0.00675053589248 0.00420274672227 0.000774285665321
-0.00069914679627 -0.0128095041059 0.0301567658414
-0.00513182076522 -0.00668366479271 0.00948435536142
0.00535555970809 -0.0220020798506 0.010219399577
0.083421365532 -0.0168760675267 -0.0772452644755
0.0111456037287 0.0567956391699 -0.0630716137428
0.0181192818766 0.00710060535126 -0.00827168389984
0.0345707313178 -0.0298804929176 0.0431858464484
0.0166249730922 -0.0163522929269 0.00127311187878
0.0175232631031 0.0104734447512 0.0273382164584
-0.0210824643359 0.0152462185098 -0.00677228895738
-0.0095058699486 0.0272455150029 -0.0640681595321
-0.106021692536 0.078420660567 0.0235297449606
0.0719087939033 -0.0232930954083 0.0139052492499
0.0130616122293 0.00259515881848 0.0234971149655
0.0861231092961 -0.0529194250302 -0.000570334427459
-0.013830692217 -0.019356512495 0.00669971671015
0.0131942770965 0.000425112392143 0.0262836525777
0.00260763977895 0.0244884409545 -0.0239197448394
0.0100568403686 -0.00856546097893 0.0190255683656
0.0437659720901 -0.00691017262538 -0.0128967797217
0.0215901313962 -0.0508667017994 -0.0293526850277
0.0986387432243 -0.0114081724144 -0.0315355852746
0.0130739126009 -0.00996798927309 0.0507820636344
0.0143145383929 -0.000637246797964 -0.00306253877002
-0.0737276649021 -0.0213708696783 0.0333535692875
0.00301824042917 -0.0181098870542 0.00390275542096
0.0152422191606 0.00548944071767 0.0279544499475
0.0189106105073 3.50131833571e-06 0.0414029272768
0.0422446126753 0.0084893473531 0.0253404224775
0.0117285427023 -0.00319374071575 0.0215932130694
0.0153693966607 -0.00269184361046 0.00514721590672
0.0176421314745 -0.0236656073986 -0.00405125536317
0.00646240281009 -0.00777519021241 0.0317219508808
-0.0195008287026 -0.0204470788007 0.0427095379282
0.0125513588044 0.0200004747831 0.00146931324735
0.0145174738401 -0.000895829986339 0.0358006721159
0.0902147592876 -0.041609054977 -0.0295911592939
-0.0483577241303 0.0307685423742 -0.00528768325861
0.0223852099646 -0.0315276868644 -0.0310987961342
-0.0103705127714 0.0169556483461 0.0069089913786
0.0073315862788 -0.0242275377501 0.00643781176444
-0.023213092767 -0.0226744536804 0.0213125799401
-0.00526999386496 -0.0164941625287 0.0341869850557
0.012652920708 0.0191582830088 0.0119627623993
0.0387188703052 -0.0076775828302 0.0436044475047
0.0138319988038 0.0100440354408 0.0206965565302
0.0155707178905 0.0233871292026 0.012910127511
-0.0280563550128 -0.0201188639645 0.0343276806519
-0.0656062497678 -0.0254951393344 0.0224832188455
-0.0477219976236 0.0147018754699 0.0162038367521
0.0547964965269 0.0173755903767 -0.021766829389
-0.011107882118 0.00690717098621 0.00138202449722
-0.0150285567866 -0.0278701074307 0.0238201061014
-0.0477549703833 0.0181522580026 -0.00414976994546
-0.0377593333104 0.0358888099335 0.029025065412
0.0204299615001 0.0185057136914 -0.0114666571741
0.0148387141878 -0.0228825507821 0.0014399689966
0.0046714735983 0.0420147847115 -0.0168857191079
-0.00701483371483 0.0500021721701 -0.0441112209024
0.0241697850535 0.0437854707052 -0.0137787312626
0.0134055730561 0.00085881367332 0.0149513718452
0.0132091288364 0.00750652461858 0.00605628919493
0.0116494902204 0.0140486961019 -0.00979447431596
0.0105963056709 0.00284002701074 -0.0140617369469
0.00422996493932 -0.00430159686714 -0.0265170614552
0.0180785033329 -0.0178760333318 -0.00944146219418
0.000573818908285 -0.0312499483629 -0.00408220506574
-0.0515488457866 -0.0226701096094 0.0398015595682
-0.0221104941524 -0.025127848874 0.0449603045641
0.0164620351777 -0.0288328671703 0.00169968521248
0.0288050980399 -0.0103117815248 0.00205093937341
0.0183748367742 0.00505230990716 0.0340159501073
0.0303962639504 0.00990749869298 0.0325978789136
0.0445867051485 -0.00255431988246 -0.012303660469
0.0370005796853 0.0318735448879 -0.00155849128175
0.0753262935962 0.0164171814417 -0.00817037140489
-0.0175520449481 -0.0357664536744 -0.0301889590245
0.0625202542727 -0.0354125161273 -0.0556196994654
0.00372446123055 0.00700074108453 -0.0319204172034
-0.0426177899817 -0.0300222568422 0.0123362954582
0.0289037805512 0.0227287254303 -0.0987934688622
0.0143982160217 -0.0158450904129 0.00409145713954
0.0422631273642 -0.00906549567387 -0.0196411136323
0.0144646990952 -0.0105641663224 -0.0018100374701
0.000407737535319 0.0141106389071 -0.000242349758879
-0.0288411688714 0.04738283023 0.0160169286342
-0.0237241179276 0.0266324940105 0.00434892203574
-0.0506713755762 -0.0629978023642 -0.0585884775946
0.112385704484 -0.0371582309057 -0.0212749434771
0.00180446153086 0.0054094264508 0.00535929966503
0.0215476918411 0.0217007577679 0.0103505502409
0.0804426310482 -0.0125127757487 -0.0342316193981
0.0853943192103 -0.0173592707834 -0.0272730504332
-0.0268847859711 -0.0024352943301 0.0177452323689
-0.0611750442584 0.0184363533618 0.0444350645447
0.0880595094451 -0.0430538749603 -0.0424882743349
0.0633370389517 -0.0346442340877 0.0288455946537
0.0475276694474 -0.0400890070337 0.0106202669073
0.0122011237174 -0.0158117374511 -0.0179583607129
0.0548101913802 -0.0469307400731 -0.0158494213629
-0.0861743683619 -0.0172123107337 0.01572547549
-0.0843308244654 -0.0239523542503 -0.00268471974713
-0.0558512983246 0.0497338885259 0.0196107036153
-0.107473409165 0.0818977273601 0.0408641762502
-0.0897078102442 0.0704020834586 0.0345845995722
0.0151369529674 -0.0554752349852 0.0255396408406
-0.0447750004782 0.00244381457698 -0.00358053208859
-0.00978998262844 -0.0389610814749 -0.0364819351202
-0.0291150804845 0.0308547257058 0.00463289638939
-0.0830233657592 0.0823501562689 0.0334132686715
-0.0455944147081 0.0468151831683 0.0216635521397
0.00206267777969 -0.0174392631284 -0.00440149872943
-0.0199002411495 -0.00733747312469 0.00287601487478
-0.065817320955 0.023023250015 0.0510772829242
-0.023455478541 0.00767672099757 0.0148087137813
0.00297055548371 0.00800125916673 0.012360098221
-0.0841107032283 0.0457478982882 0.0932638022192
0.0375076682142 -0.0372218847625 -0.0215335203278
0.00453469739395 0.0199120543607 -0.00263257663293
0.0245110254205 -0.00709271023763 -0.0116832096041
0.0569050507224 0.0264777439892 -0.0052416440682
0.0923186587458 0.0139814416357 -0.0176513689629
0.085768034232 0.00208344336111 -0.0168298965234
0.043100520911 0.00549474064233 -0.000283812986515
0.0224241198416 -0.00949988779118 -0.0115604165194
0.0304524517392 0.00683106874745 -0.00819978212644
0.0632005179755 0.0120733125978 -0.0168719800043
0.0478383081383 -0.00635447432718 -0.00998038583705
0.00756236959833 0.0007040498908 0.00477288418725
-0.0499675068711 0.0067139746849 0.0260985580964
-0.0840769657304 0.0199933527315 0.0569287544024
-0.0421261370534 -0.0232054718898 -0.0435860493081
-0.0392890966034 -0.00273031573251 0.00654976768445
0.0751593151135 -0.0179135201829 -0.070276135633
0.0695267233656 0.0116873474627 -0.0201582976488
-0.0803404690116 0.0125677347855 0.0491298380712
-0.00157938646714 0.00579362805197 0.000767269671252
0.0728174923968 0.00497438024818 -0.00187121581467
-0.0284149220948 0.00281966488479 0.0240371865746
-0.0367448911825 0.00947362994767 0.0143787434755
-0.024440776944 -0.0258727473231 -0.0165392804717
-0.0408953466323 0.000838035850477 0.0198750030703
0.000383474596862 0.0318362469012 0.0141636300574
-0.044300478253 0.0514503179796 0.0204282642881
-0.019919581724 0.0204102471997 0.0106534662963
0.0135988987216 -0.0205826513465 -0.0331954805383
-0.040399834816 -0.0639107833998 -0.0621958867536
0.0669627607269 -0.0117816058247 -0.0580349769246
0.109106221425 0.0140676321719 -0.0362563789968
-0.0405853084659 -0.0305897443205 -0.0521402260352
-0.0111178062478 -0.0203190098088 -0.0344604258617
0.00196495438098 -0.0476016039034 0.00235788785512
0.00581856601242 -0.0180404968893 -0.0473443052052
0.0134477708037 -0.0210994676255 -0.0344780152758
0.0040889329936 -0.056117843455 0.0210682476753
-0.0159575188286 -0.0122957227161 0.0289596969322
0.0194646718431 -0.0741658787997 0.0232468860824
0.0151425808625 -0.0327913732432 0.0279248999147
0.00416799008858 -0.0398877268878 0.0149762154881
0.0136557409531 0.00845425120054 0.0184884888922
-0.0275504081136 0.00701031226574 0.0262016066791
0.0474364106327 -0.0013947558383 -0.00901423111077
0.00203943508343 -0.00964504994169 -0.0115755422095
-0.0218252969425 0.0213283141148 0.000214830598183
-0.0196985954793 0.0274080349132 0.019197856953
-0.0388115761251 0.0487965461843 0.0259250692162
-0.0199833342089 0.0424073281297 0.0221008829084
-0.0802610803009 0.0667495513477 0.0269207442764
-0.0987775522501 0.0684897204479 0.0273593982425
-0.087237494417 0.0509305863349 0.0152529131179
-0.127367759048 0.0829089149686 0.0328324740214
-0.122712633454 0.0892427275042 0.0439624224875
-0.064181120235 0.0553253581608 0.0302144623397
0.0397189528684 -0.00938369958231 -0.00719385646478
0.0273032727217 -0.0138097885192 -0.00497611793129
-0.035159947635 0.0304639407804 0.0145569367515
0.0791806330288 -0.0103012669542 -0.00900110896863
0.123405341157 -0.0401293255104 -0.0261304496894
0.0745850395503 -0.052383609332 -0.0455188435257
0.0353963958746 -0.0182829102992 -0.0158686406053
-0.0451036647422 0.0383455134887 0.0170377294372
-0.0252116415153 0.0115832923845 0.0071432012178
0.0562768105665 -0.0296164899734 -0.0377394302345
-0.0375652986478 -0.0272200237596 -0.0290287385959
-0.129668909305 0.0894499054628 0.0400128913333
0.0239492846674 -0.011145992148 -0.00338921061442
-0.0655408634756 -0.016886765486 -0.0190539598888
-0.00261995250487 -0.00374921007707 0.023521394353
-0.0666862749719 -0.0151337376091 -0.0098117057393
0.00911730596433 0.0266112178434 0.0215024229933
-0.0350922883753 0.0321341242933 -0.00090493852996
0.019779180494 0.000249581461978 -0.0481970417863
-0.0600891875842 0.0488549510212 0.00171346196155
0.0579832949882 -0.0133098150238 -0.0751069885824
0.0376032275101 -0.00655063770366 -0.0737834669289
0.0223578736939 -0.00383088935396 -0.070030166002
0.0565932631214 -0.0015883146478 -0.0884535773014
0.0636150670889 0.0173342672051 -0.099375687188
0.0895494089609 -0.00397085025615 -0.0665984058743
0.0808000657428 -0.0586953901041 -0.031372705417
-0.0663016454824 0.059933361538 0.0328099762096
-0.0366400179922 -0.0265211629041 -0.0482325636277
0.0181236854075 -0.0269392440322 -0.0312659033008
-0.0173960659495 -0.00512956243208 0.00443465395012
-0.0599407210429 0.0310693768726 0.0585727013069
-0.0338271285971 0.0109610881316 0.0219704338925
-0.0837795830593 0.0417831084592 0.0844836836677
-0.142919293209 0.05207905694 0.128492147456
-0.0320796923225 -0.0273656500315 -0.0694866828401
-0.0776389326841 0.0264494078769 0.05925370311
-0.103692306331 0.0180648988786 0.0499727272508
-0.019158402415 0.00212606599371 0.00634368973171
-0.0914493370739 0.0373177566059 0.0690249852904
0.0617761622289 0.00907374339622 -0.0196403214726
0.00989937942018 0.0102395502268 -0.0297663032923
-0.0342958114222 -0.0131193349599 0.00461163261654
-0.0250376504507 0.0093233741217 0.0181931114349
-0.0353672094759 0.0248056270658 0.0397759687021
-0.00571594979589 0.0134298085038 0.0165365067398
0.0435373545963 -0.0134082549244 -0.0377415675263
-0.00858978827976 0.011303165886 0.00893977155302
-0.00494166796179 -0.0243343844963 0.0105759523938
-0.0407649498714 0.0360087993421 0.00666013634876
-0.0244106480665 0.0434483287555 0.00941123011576
0.0205677280929 0.017866676177 -0.00960989591137
0.0118835977275 0.00746871636924 -0.00338827693336
-0.0648875035161 0.00320245716555 -0.00955441758769
-0.0663200015902 -0.0324874763041 -0.036512019596
-0.0217019546281 -0.0453072192899 -0.0511690719848
0.0163452159844 -0.0580183609684 -0.0598230197501
0.0166168700037 -0.0707408860136 -0.066352114486
-0.0258534260814 -0.00745012180814 -0.0237237777327
-0.00425597572827 -0.00339619319676 -0.0148261884004
0.0304308083191 -0.0153497152278 -0.0200589874943
-0.0393480440481 0.0199620712745 0.00123167814455
-0.0375667748829 0.0395361241922 0.0165021181844
-0.0273869986098 0.0306640245253 0.0248457285682
0.0212340743751 0.055321326208 -0.107247244179
-0.000653061969395 0.0377138380569 -0.089746701086
0.0430892573548 -0.00775794164119 -0.00723131052356
0.0322421827161 -0.0090565632769 0.0121898615486
0.0172203040011 -0.0176438077599 0.0198770503918
0.00672895610581 0.00794700021683 0.00212821953555
0.0720284724491 0.010794400091 -0.0220643069904
-0.0449187369217 0.0141816915215 0.0243162482715
-0.0423622093584 0.0224297480754 0.0439059411037
0.00659455084718 0.00314047890121 0.00194070116195
-0.0750977498335 -0.0393968909719 -0.0384916796079
-0.0691577223902 -0.0542673793381 -0.0492029844365
-0.0796582432068 -0.028609427821 -0.0231273215161
-0.0560207223626 0.00120824179113 0.00114058466642
-0.0411198656309 0.0103289510899 -0.00148498303139
-0.0254443315153 0.0106923867563 0.00431235090307
-0.039450630244 -0.0716109018761 -0.0664702356326
-0.0117302733991 -0.0701072613719 -0.0654158780257
-0.0173215963939 -0.0491362789144 -0.0482953610312
-0.0772975066074 -0.0481977390719 -0.0428250687259
-0.0654100035211 -0.0286753472002 -0.0270165267418
-0.0560511024583 0.00352320111357 0.0114588409859
-0.0564895859739 0.00965615884426 0.0201978406324
-0.0345226122056 0.00926301545232 0.0245356701284
0.000486122559239 0.00265407991085 0.00582918138112
-0.0493724162446 -0.0482291694544 -0.046607818697
0.0649910702109 -0.0120665867239 -0.00524261432185
0.0472560640931 -0.00215094843145 -0.0102063428072
0.0038237896176 -0.0283426094262 -0.0296699078527
-0.0646267880311 0.0387543750513 0.0728556290744
-0.0567981476359 0.0334352140017 0.0654066632992
-0.0730645529448 0.0324733019549 0.069646194983
-0.0325948660974 0.0137143735611 0.0270033939306
-0.0370468359523 0.00409088411362 0.00830343188582
-0.0279956873285 -0.00842986638244 -0.0154539859782
0.0161813106179 0.00445824801259 -0.00673865034269
0.0273033663112 0.01349334596 0.0948274324203
0.0338380484979 -0.00645653943808 -0.0340707311127
0.0319846851322 0.0149001708944 0.0426834679784
0.0088551415916 -0.0069942662649 -0.0166380512646
0.0148821378927 -0.0253154500526 -0.0519091823657
-0.0499120966752 -0.0422116229257 -0.0757127268934
0.00212550312923 -0.0247021005153 -0.0552388905773
0.0228189011598 0.000339197255581 -0.0124950080325
-0.11330724049 0.0458722615297 0.105405619098
0.0306936249854 -0.00331776723743 -0.0173316935992
-0.0293034290239 -0.0229687898864 -0.0365798551427
0.0146083752409 0.00859397180474 0.00629582740937
-0.0212408187151 0.023844804737 0.0351071968912
-0.0923706419195 0.0384912272627 0.0765903059072
-0.0404859087863 0.020653971424 0.0257693302149
-0.122974661031 0.0445118125315 0.100438818196
-0.124642156881 0.0382205585329 0.0944733017465
-0.0708909157886 0.00549407089147 0.0301211918638
-0.0120772705355 -0.00632045251002 -0.00241260038526
0.0365501794026 -0.00489441965304 -0.0217756772657
-0.114740886346 0.0343456500196 0.0763270260263
-0.0664117185899 0.00976040112818 0.00521366830089
-0.0712689239863 0.0270000528605 0.037978852879
-0.0308284226147 0.0304367766609 0.0298771813131
0.041931151055 0.0237769877924 -0.00424275577279
0.186627072844 -0.00548651430864 -0.045739320251
0.0569942210108 0.0236437912114 0.0203821624465
0.102484171148 0.00230183011547 -0.0460917334792
-0.0757173421374 -0.0263771245504 0.024116127682
0.129977141892 0.0123854352809 0.040595109961
-0.041427177427 -0.0170144544331 0.109901256267
0.0885093777119 -0.0313893532687 -0.135466925271
-0.0567488690942 -0.0496909073889 -0.0382261956474
-0.0166552094499 -0.0368686611982 -0.0658414878137
-0.0301366672592 -0.0378492017735 -0.0728119002419
-0.0724272365023 -0.0339907987154 -0.0625250365671
-0.0705146164102 -0.0289574847711 -0.056937439981
-0.072160381606 0.042345941496 0.0808058396681
-0.0502400472214 0.0289349479683 0.0519100168823
-0.0420170000927 0.0152153131467 0.0325421833702
0.0198189299686 0.0113930055166 0.00590980491237
-0.112220315958 0.0514266114906 0.113894004668
-0.114557365803 0.0474988719983 0.107288776611
-0.0438440420351 0.0243393856348 0.0419253825411
0.0282983330595 0.00673041285311 -0.0104038019639
0.0662052989477 0.0119691381723 -0.0174312399898
-0.0706431794626 0.0333359600723 0.0659882624822
-0.030904442438 -0.0295906645429 -0.0517098360797
-0.050814029193 -0.0357489938906 -0.0646031171563
-0.0141820234243 -0.0148145505927 -0.0316478822503
-0.00617833008369 -0.00989598418604 -0.0229764341023
0.0223344929417 0.00761883795492 0.0133013116534
-0.0201258848132 -0.0160251582602 -0.0372022963403
0.00642469567326 -0.0221125832492 -0.0547625380256
-0.00775501540672 0.00463844361505 -0.00360273041779
0.0399780151242 0.00710906992743 -0.00491244081199
0.0491052002498 0.0114520749577 0.0170992918558
0.00770006623243 0.0079487528101 0.00469304879834
-0.00724209925026 0.00508735501234 0.0573301885495
0.0164008357315 0.0170765985007 0.00664640216468
0.0383126450836 0.0170560514455 0.00885603897171
0.0445114834857 0.0176329498172 0.0273775752115
0.0486476140982 0.0211898850376 0.0526461923628
0.0748180506117 0.0203381233904 0.0228758263628
0.04006438 0.0246612233732 0.0108628641368
0.0616915516676 0.025327609945 0.00877281967844
0.0773505287187 0.0183971355619 -0.00762329899524
0.0536438706495 0.0121289045747 -0.0304931407495
0.0554656098479 -0.00703252216326 -0.0694979926067
0.126809615607 -0.0173002885136 -0.0957027864371
0.167179367401 -0.000467561175356 -0.0879291871281
-0.000326256379845 -0.0116315349391 -0.0664875308794
-0.00188947747412 -0.0427784049552 -0.108470994908
-0.0941841476753 -0.052539201253 -0.0144281719351
-0.103043535893 -0.0297127722721 0.0752251701699
-0.0580616539049 -0.0426131965346 -0.0520238382681
0.0944553355758 0.0104118838398 0.0036306354373
0.156794250059 0.0034947048735 -0.0144931600491
0.134229392496 -0.0014013628243 0.0646915715631
0.101794681953 -0.00616664803546 0.0465581726493
0.0401942607385 0.00136786139486 0.113930294553
-0.0178004200596 0.0204852405067 0.0232953173607
-0.0472200111644 0.0310698934075 0.0419729576658
0.0615786102554 0.0045026895479 -0.0260050120846
0.0911999576497 -0.00173643198364 -0.0491592931192
0.109147122745 0.00569239548934 -0.0512905313731
0.0957215469325 0.0184480870152 -0.0253751560086
0.0704034795625 0.00503422507783 -0.0236240549662
0.0657850949204 -0.00477079510552 -0.0446498033305
0.0776337903676 -0.0126714675958 -0.0606736675052
0.116649295879 -0.00798845012434 -0.0682119982806
0.10172129362 0.00436117164428 -0.0444111244499
0.115115598212 -0.00861002469187 -0.0734051887752
0.144982251509 0.00445841687127 -0.0672130408208
0.0563803130874 -0.0187944345329 -0.0646324459255
0.00541602222911 -0.0230933778042 -0.0496838716256
-0.0558511742454 -0.0194025725661 -0.0262391821912
-0.000902413782858 -0.0115969870952 -0.0286745928923
-0.0115468633038 0.00177836810203 0.000198185673978
-0.0560524788076 0.0124226103249 0.0311178503504
-0.0355908802033 0.0102673532457 0.0194352156742
-0.0611287063258 0.0127918591307 0.0380557923851
-0.039653349181 0.0107438697889 0.0269628481923
-0.0898624154032 0.0153629372692 0.0490149185325
-0.0369312954966 -0.00566107546183 -0.00943863776753
0.0096019846272 -0.0277865747322 -0.0647921875858
0.0560262956905 0.000446074004228 -0.0325897001999
0.102585179939 0.00397383639021 -0.0496160609318
0.0858073466649 0.00796928373818 -0.0350972986857
-0.00204549537175 0.00497195835862 -0.000993828251713
0.020447925658 -0.0108912810285 -0.0260134369899
0.0294572920126 -0.0045914860703 -0.0210682792974
0.0426437028392 0.00907276401466 -0.0151136341576
0.146157075409 -0.00642806122391 -0.0603591858206
0.0781238107088 0.00263076708948 -0.0356942280739
-0.0117145680455 -0.00647559150339 -0.0209652316382
-0.0307553057659 -0.00293938595686 0.114806950311
-0.0331991818207 -0.010684611387 0.0446734222725
-0.0320085817177 -0.0045032460838 0.0167477538629
-0.0669569452057 -0.0225070782805 0.00734056186795
-0.068943133156 -0.0284368852813 0.0584583545521
-0.110111501167 -0.0411805214578 0.0368723210608
-0.106096393251 -0.0445824633623 0.00927753048515
-0.0452226926442 -0.022149235495 0.108607908905
-0.0361487351573 0.0044902508265 0.106256301149
-0.0646926311009 0.00677807351952 0.0323030125353
-0.121322259686 -0.055132582455 0.00050958964393
-0.122479263646 -0.040812869214 0.037336971875
-0.0733339574261 -0.0214675643672 0.0263789269371
0.0895327065005 -0.00654692688333 -0.109505240477
-0.0614787607851 -0.0186429110746 -0.0200888147616
-0.0709373929164 -0.00101032475045 0.0780684622119
0.0730465938441 0.0312995343956 -0.0133626026751
0.0337573220359 -0.0259809280885 -0.114468399943
0.0240935189748 -0.0411075055546 -0.118701640132
-0.0981644241388 -0.0149134371452 0.121706559115
-0.0383421524881 -0.0115868406552 0.120111652532
0.055564130098 0.00369076694957 0.0699327251662
0.169302987973 0.00660655435498 -0.0239918715808
0.198587450072 -0.00641160518814 -0.0758654172902
0.144288503586 -0.0189630290887 -0.110750668216
0.0553532600604 0.0205713934732 0.0423852709344
0.0944676523859 -0.0262534747508 -0.143223818877
0.128645910209 -0.0150765949304 -0.121681689595
-0.0281794906374 0.0252349852924 0.0746551658824
-0.0105593321823 0.0396924441298 0.0175815637227
0.0758638077644 0.0196333651956 -0.0131816153112
-0.117579013859 0.0509230230084 0.117289069731
-0.0662399052281 -0.0164693005812 -0.00256376770407
-0.0699559017338 -0.0125289381342 -0.0128026640581
-0.058917377188 -0.0479472561011 -0.0574866893908
-0.0760003384221 -0.0620900007561 -0.0310991383838
-0.0447314100258 -0.0345442178785 -0.0111963309261
-0.0681294965972 -0.035776918015 -0.00356992550995
-0.025585737362 -0.0394332213356 -0.0283299325387
0.0127529795289 -0.025283890227 -0.029810535032
-0.0542741218368 -0.0496652273541 -0.0707540026294
-0.100138659941 -0.0622655642287 -0.0343052245898
0.0195418017752 0.00308007560831 -0.00636805231038
-0.00367397332863 -0.0138806044435 -0.0113044205272
-0.0333166612314 -0.0379134205872 -0.0649456669145
-0.00876200064953 -0.0117757769409 -0.00238638638427
0.0168347809069 0.00368261336022 -0.00193560281761
0.00168300769661 0.0108210098172 0.00442239776756
0.0259848598866 0.005795627193 -0.00591351614255
0.0257289839298 0.0141480758094 0.00105297666136
0.0756614265444 0.00884132217244 -0.0245927316064
0.0301121668869 0.00524304985897 -0.0119977316928
0.0717481595283 0.0166688121376 -0.0164034179924
0.119641152818 0.010581034998 -0.0455428684581
0.0745372855758 0.0220971169341 -0.066595351619
0.127211676993 0.0113932946446 -0.0805200974867
0.0462925948742 -0.0255939911948 -0.105767070557
0.0128175590159 0.0148129745675 0.00682995820918
0.0785583753272 -0.0195081669097 -0.0131631881443
0.0948413658319 -0.0337120727583 -0.0207928859821
0.0826129910442 -0.0289126790573 -0.0142231441376
0.0970781945153 -0.0218966507262 -0.00953148087696
0.0827134728467 -0.0158781668251 -0.0109725219983
0.114469496595 -0.0372702534981 -0.0298050735648
0.0981141058972 -0.0526113479385 -0.046441760221
0.12057917876 -0.0490814407252 -0.0372068422553
0.0995292206767 -0.0422203592027 -0.0307706202476
0.0861182185065 -0.0257109452377 -0.015563518669
0.0668602332084 0.000217214644312 0.000235448080313
0.0458430356497 -0.0390781279048 -0.0344159848732
0.122725176506 -0.0433077681575 -0.0281019814844
0.0188752926806 0.00211236019697 -0.00127337068851
-0.00798569366623 -0.0115232931141 -0.014163288914
-0.0267496209063 -0.00282146423758 -0.00292290018036
-0.0254102679106 0.0139689481222 0.0211613491729
-0.00518807786925 0.0130271523018 0.0146761152172
-0.0557216886072 0.0230861552091 0.0477273178126
-0.0722524451821 0.0246020568728 0.0587211574792
-0.0755636853592 0.0205948814354 0.0561581940154
-0.064788947785 0.0230425110573 0.0522735892242
0.0502626078133 -0.0207910698146 -0.0120526521799
0.0102417727233 -0.00610035028463 -0.00376294188073
0.0093134597396 0.00502123528995 -0.00134530549255
-0.00274202295789 -0.00290300308806 0.00267987190572
0.00590913082529 -0.00227023240755 0.0052431461299
0.0411921863101 -0.0136815984994 -0.00325726201325
0.0296674200875 -0.0037106821281 0.00138448317191
0.0882529209788 -0.0073551107433 -0.00421728519652
0.0642641802826 -0.00305713918998 -0.0070920576651
0.0596411291955 -0.000854344056891 -0.0177925603384
0.0468867641075 0.00175384914635 -0.00391653379862
0.0696171688251 0.00691477756234 -0.00747310007328
0.0555256441435 3.1562574922e-05 -0.0060532472232
0.0303015156157 -0.0218619261366 -0.01505416446
0.050216566588 0.000767851139242 -0.00779070031226
-0.0546168205505 -0.028775711635 -0.0552883202399
-0.0730838822881 -0.0336995937988 -0.0601762139228
0.099541511157 0.00100787321426 -0.0274169972961
0.0965524120418 -0.0164017125319 -0.0353007988746
0.0713937989266 -0.00875298156371 -0.0281325886346
0.0920311914983 -0.011303585555 -0.0339208127912
0.067592894826 -0.00774939031162 -0.0278424964039
0.0786480779067 -0.0147198025299 -0.0292774950848
0.0681886207759 0.0108047983703 -0.0163434083414
0.0449280870523 0.00447066075551 -0.0209006890139
0.052998486688 0.00364648184592 -0.0242387340241
0.0535753623544 -0.0152614456151 -0.0219881877187
0.0316110538794 -0.0150887034275 -0.0115723846301
0.0267021347986 -0.0139110804128 -0.00662746871091
0.00890564077477 0.00612598682315 0.00725398566351
0.0046327141544 -0.011573608111 0.00901684533517
-0.00849989246297 -0.0257687024103 0.00847079210892
0.0745964158217 0.0176628878763 -0.0139693757825
0.0234490674597 0.00632973177668 -0.0116902495665
0.000537435473553 -0.0292066254843 -0.0168149002003
-0.00605956954903 -0.0174958741147 -0.00571711732011
0.00251344437601 -0.0226067254169 -0.00824656607364
-0.0252434023686 -0.00258883788259 0.00899792516331
-0.0226351534346 0.00189611120526 0.00885258230621
-0.0138380946937 -0.000545201737238 0.00238019564353
-0.0171787334531 -0.00442998515793 0.00137052742044
-0.00950663399694 0.00647508866551 0.00161290509435
-0.00560052974563 0.0523367700462 -0.0743637154365
0.0216586061501 -0.0499777448904 -0.0391419897086
0.026455893683 -0.0485113106147 -0.0351212170005
0.034973624288 -0.0704193374452 -0.039766333494
0.0306793641301 -0.0629993273161 -0.032844238138
0.0215651780668 -0.0299339565833 -0.0281778727741
0.0171932120424 -0.0671243672713 -0.0434314287639
0.110617863432 -0.00521459256715 -0.0677825241477
0.00783327767685 -0.0282032435043 0.0305624480429
-0.0262530543921 0.0146227356791 0.0221815858532
0.00265296825819 -0.000750503034292 -0.00644188501182
-0.00639520541505 -0.0128466954054 -0.0141639820141
-0.0331984584006 0.0123825176021 -0.010154662893
-0.0201254362326 0.0226125837898 0.0058502613927
0.0320077145494 -0.0293062105902 -0.0231942133337
-0.0293961512645 0.00650173946406 -0.0117326406403
-0.0453046442637 0.0183190122037 -0.00294296837047
-8.11957341038e-05 -0.0132712116596 -0.0209229803856
-0.0569238862748 0.0438906080771 0.00928416682069
-0.0660474768132 0.0671940028995 0.0189757855699
-0.0864917610852 0.0594037904406 0.019360332909
-0.118872460284 0.0729045996279 0.0200949059496
-0.134186900852 0.0937413591397 0.0389926566202
-0.115908999417 0.0951476011658 0.0376453807558
0.00114752707588 -0.00548344094288 -0.0236080384098
0.0946642542816 -0.0562024777496 -0.0524742092723
0.100312519009 -0.0430893600204 -0.0747280625351
0.110017300728 -0.0369524235385 -0.0685479376082
-0.0516976663667 -0.0561947989864 -0.0809046839156
0.0162112514491 -0.0107913757877 0.0233361853019
-0.0550431899886 0.0167189282165 0.0342575612692
0.00562114679213 -0.00278627035614 -0.0122877914084
0.0187289791939 0.014320954066 0.0719887785957
0.0301166423199 0.00316173835423 -0.00125073970262
0.0305365055377 -0.00110362399404 -0.00514373917933
0.0387177926063 -0.00397982242974 -0.0055328055041
0.0446084664164 0.00278076529116 -0.016570373859
0.0565639171099 -0.0468449402506 -0.0497226646395
0.0783824165425 -0.0269293176539 -0.0317620646175
0.061342950121 -0.00569883341933 -0.0150921213899
0.0709690643355 -0.00627033970114 -0.0115201341109
0.0381046403246 0.0130874476613 0.0061910809239
0.025617402882 0.0159285470753 0.0100868568536
0.0121579548619 -0.0259392066287 -0.0405600066083
0.0100477458415 -0.0432543698767 -0.00964739856209
0.0152315907511 -0.051326470318 -0.0291469859809
-0.022745115046 0.0162912328425 0.0283485043657
0.0188732248731 0.000635194371606 -0.00407412302424
0.0229755571106 -0.047799894042 -0.0222365393371
0.0196139155921 -0.0379931355918 -0.0158664184094
-0.00645586414249 0.00263747579979 0.00396708864573
-0.0354291262455 0.0384892753652 0.0184732525778
-0.0467115777023 0.0536239955359 0.0219561363708
-0.0554707554793 0.0691532751793 0.0242057233009
-0.0680718811367 0.0697239612927 0.0308112090505
-0.0785935383067 0.0691988330487 0.0321295043174
-0.0215385672837 0.0207654714333 0.0051707839168
0.00198888004334 -0.023000665722 -0.0208349731834
0.0109278188391 -0.0275491797838 -0.0161245089647
0.00147808417282 -0.0661142741839 -0.049663330067
-0.0103475236023 0.0121687305778 0.00667803019156
-0.00991507366239 -0.00960212489593 -0.0183242910936
-0.023698153463 0.0163943006157 -0.0077257136436
-0.0123578984804 -0.00857667289108 -0.0194690253311
0.17093933753 -0.00558369586252 -0.00865320264886
0.0912186190895 -0.00971527955567 0.0678254301423
0.0267795413111 -0.00991847931615 0.123807847092
0.00998498708865 -0.0129259503332 0.124818674785
0.0677992232868 -0.0130561796244 -0.022980274261
0.057718763465 -0.0135873550876 -0.0165229378812
-0.0203023440854 0.0156015455537 -0.00648708597508
-0.00687909235388 -0.00449808488289 -0.00421750641258
-0.00584095963569 -0.0275194588016 -0.00709190895896
0.0141910585462 -0.0171787377124 -0.00678151833897
0.0477166095979 -0.0411280656624 -0.0149079100915
0.00563056347253 -0.0218964967709 0.00360327500604
0.0163388108321 -0.0254849834375 -0.00775443984932
0.00956655447361 -0.0175911824735 0.000650791465127
0.10028492481 -0.0105909918349 -0.00430483900955
-0.0316460643484 -0.0506007675188 -0.0408896290194
-0.0438996725572 -0.0351253101007 -0.0273596208441
-0.0893955902085 0.085513609548 0.0303604556456
0.0501879797841 0.0340584795761 -0.0747039714503
0.0291548885424 -0.0405375926835 -0.04760586962
0.0459611255075 -0.0182085808368 -0.0280486624117
-0.0699712645374 0.0156243520064 0.0492048824909
-0.0600003911028 0.00834104805334 0.0395215118371
-0.0212405665526 -0.00265990130412 0.0178145433318
-0.0628076899757 0.00498542911552 0.0356408170683
-0.055505160046 0.00451691871219 0.0288089557883
-0.0313400605458 0.00604395795357 0.0180610568323
-0.0735822487326 0.00871559859807 0.0398985282335
-0.0225445300814 0.00690608306129 0.0135156169479
-0.00113074044374 0.00782084408052 0.00526527646853
0.0163758513392 0.00566132353671 -0.00297642282439
0.0365628888489 0.00921253999038 -0.0083468822097
-0.049266003423 0.00356173399877 0.0140160945816
0.0891976592658 -0.0196362062795 -0.0262319806951
0.102851747975 -0.0476818080478 -0.0162654077617
-0.036021699611 0.0176938581006 0.03147460078
-0.0855998619287 -0.0185068668564 0.0183940877784
0.0920756759767 0.0143234649293 -0.0261130271301
-0.00688322166384 0.00679282144342 0.0885214410275
-0.0352696150558 -0.0214825983721 -0.0126600271755
-0.00259669979293 -0.0292875534723 -0.0306901249953
-0.0123082463099 0.0365050981414 0.0110427167655
0.048933034341 0.00795250007759 -0.00509248579571
0.043304632094 0.00905134081224 0.00468033768963
0.0251650845541 0.0119082558101 0.0408207687949
0.0373999695717 0.0157491625235 0.0431616150987
0.031068572463 0.012054739212 0.0099371481868
0.0373281979278 0.0116655742748 -0.00572125506543
0.000330467864449 0.00624292307329 0.0221576477944
-0.0306487983351 -0.00497752163937 0.00873786915394
0.0587506898324 0.0107231935937 -0.010350234051
-0.0463575619229 -0.0268043777448 -0.0527969031516
0.051620845354 0.0216494441044 -0.000928270381902
-0.0734306380781 0.0664804951496 0.0334547411047
-0.0484907466115 0.0565414984502 0.0281527921201
0.0304178748302 -0.049188913221 -0.0302013007581
-0.0308162276052 0.0317140967146 0.0213513829849
-0.0206626499907 0.0127264289595 0.0177675909269
0.0366715688958 -0.00821997362727 -0.0321049418761
0.001491929726 -0.0127174397184 -0.0309423578426
-0.00047425968963 -0.0128386609659 -0.022267216646
-0.00276282563101 0.00850598601854 -0.0491600816574
0.0210075617642 -0.0123255260139 -0.0190391797014
0.0326421449253 -0.00708492831192 -0.0197380307691
-0.123646234078 0.0448843614495 0.106577115334
-0.097021902392 0.029940795875 0.0728638310306
-0.0368342609583 -0.0133697967785 -0.0164217252717
-0.0491558927813 -0.00477378721244 0.00034459749056
0.00489798255251 0.0101901944886 0.00705633914163
0.00643588792003 0.0105185307402 0.00676712725721
0.0110877241263 0.00606325752057 -0.00306739601838
0.0617652730195 -0.0057186632621 -0.023370657995
0.00190665178181 0.0246690975284 0.0175639077424
0.0297459328261 0.0117821688005 0.00782249399476
-0.0389604854977 -0.0127187072339 0.0227355934833
0.0348270102115 0.0144254025714 -0.00560941784852
-0.0883552388129 0.0175826737029 0.0565146910381
0.0352159299712 -0.0272375689664 -0.01824150116
0.023568517877 -0.0511983454674 -0.0317524695555
0.00731951725332 -0.0359641733329 -0.0276293856193
0.032578422216 -0.0686477094445 -0.038601988788
0.102824447527 0.0183455046163 -0.0282670288517
0.00167557300194 -0.0364101338626 0.00895842520402
0.00778733992507 -0.00511051655163 -0.0324783891125
0.0144690844881 -0.0575250432207 -0.0232099513635
0.0302415655057 0.00802683850636 -0.0102556404533
0.042116807057 0.0193973860174 -0.00324616608814
0.0229833345201 0.0110503665861 -0.00679958062093
-0.0731675220326 -0.0247414396329 -0.0447698076974
-0.0519589822236 -0.016589664437 -0.0279647307908
-0.00879457766349 0.0373031133643 0.00329873220975
-0.00770411637787 0.0298048609748 0.00310025916633
-0.0846542117827 0.0507505630208 0.0129465416623
-0.0311759147278 -0.00945253947429 0.152326096265
0.0711879988949 0.0149178678273 0.0613105623898
0.0293267168096 0.0029916498952 -0.0134195028696
0.0332063277991 -0.0140524983892 -0.0356233310797
0.0167291091874 -0.00603518814022 0.00130931931143
-0.00407545238305 0.00745378194726 0.0232333878578
-0.00524866512053 -0.0197544668091 0.0523474446545
0.0360531178509 0.0191963325633 -0.00297301431775
-0.00464788560096 -0.0760386369429 -0.0529048080046
-0.0205168829682 -0.012452133796 0.0249884767228
0.00984341492902 -0.0351448916589 0.0257356245304
-0.0401873397924 0.00855518477439 0.0320611149497
-0.00794108065232 -0.0291680480144 -0.0888299936858
-0.0562148807018 -0.030352245526 0.0287913894744
-0.0366881084294 0.0175671928591 0.0302284479563
0.000140991316723 0.00383766373198 0.00509364575151
-0.0387867933172 -0.00734462206493 -0.0380954523925
-0.0811280585952 -0.0296497955491 0.0829077097759
0.048368160538 0.0085307640079 -0.013877840522
-0.0409565671841 0.0507695962199 0.0247736941756
-0.0713165568996 -0.00782995414616 0.000208681074644
0.114830698124 0.0058275979624 0.0812498527554
-0.0551588956417 -0.026047948945 -0.0017947030791
0.0415078347657 -0.0184849776112 -0.0123001407224
0.0734328090457 -0.00968375744157 -0.0177615949086
