-0.0794607029524 0.0207756053314 0.0491901358654
-0.071599281127 -0.00156949381222 0.0454675175914
-0.0236079540189 0.0170644393632 0.0320420013603
-0.0109237997232 0.00235568839635 0.0016242570834
0.0948053477149 -0.127359736708 -0.0351906022678
-0.00368767930548 -0.0265142752679 -0.00321991265846
0.00582160784528 -0.0426115902775 0.0249601455434
-0.0661160740126 0.0488145630991 -0.0138831188015
0.050747779616 -0.00332959069293 -0.0349514222151
0.00909200786715 0.00525823381564 0.0747985320083
-0.0127900809276 -0.0284059367858 0.00764644830861
-0.0302231407647 0.0439128301332 0.00269034516512
-0.0400888995244 0.0247074815407 -0.000190914020499
-0.0848893598239 0.0649329417032 -0.0238313891078
-0.0304066180388 0.0182537800532 -0.00419343685424
0.0176311393746 0.0220836169429 0.0581899547145
-0.0251682807051 0.0285981050921 -0.00841852352525
0.0306601377547 0.0148581616736 0.0686009597365
-0.00549783080725 0.0106513534964 0.00686679995672
-0.0211188543162 0.0262716597679 -0.002247338658
-0.0515281832653 0.0533433495375 -0.0593389478339
-0.0133236999709 0.0070294350772 -0.0120259211977
-0.0159581724284 0.0343880045753 0.0148429355065
-0.0568060491112 0.0207235121375 0.0389462090051
0.0512175262837 0.0278668228742 -0.0106123693677
-0.00835326928042 0.0193811455136 0.0431798031574
-0.0164546308631 0.0072705058623 -0.0444656241999
0.0139942242288 -0.0315756427178 -0.00137637373793
0.0378141178935 -0.0492410053961 -0.049206670324
-0.026178950504 0.035706818082 0.000834660958313
-0.0170219891508 0.0331146924801 0.0277170350639
-0.0116410932098 0.04240819691 0.0376721512785
-0.0186362151789 0.0178114893859 -0.00973939705957
-0.0165554274155 0.0108231007865 -0.0296638011429
0.0145264492787 -0.0376281108867 -0.0282465447777
-0.013165465922 0.0134806344095 0.00458752756384
0.0161100125891 -0.0135402974411 0.0199449866977
-0.0415813177332 0.0480232202483 -0.0343294949033
-0.0160521793865 0.027263705565 0.0148617541839
0.0419789892902 -0.0102428553858 0.0294231173749
0.0778609655472 -0.0579199102111 -0.0295625338266
0.0292797904634 0.00585162471159 0.0184745656557
0.0202281622161 -0.00144510323565 -0.0165459670848
0.00312973175192 -0.0161628444598 -0.0120850787465
-0.00116031896722 -0.00625816817686 0.00282383152696
0.00427648936671 -0.00119043574857 0.0108301996786
0.0273687601417 -0.0301127187332 -0.0215575986322
1.06536322079e-05 0.0295642132764 0.0587196788559
-0.0333504930786 0.0401922867399 -0.0127723680724
-0.0432071360892 0.0570461644947 -0.0139634622622
0.00466371435762 -0.00960059370952 0.00730035531144
0.0236462759185 -0.014081070646 -0.00614287399909
0.0158748352543 0.00576008609233 -0.0112426434088
-0.0140494828411 0.028393527619 0.0187799384865
-0.0021799336931 0.00863702562777 0.0196954459429
0.0402199334703 -0.0192418758076 -0.0104629906879
0.0072335295559 0.0371265850756 0.0312389116228
0.0714107369861 -0.0519400008668 -0.0065829129503
-0.0549660553707 0.0097622536075 0.0263001653193
0.0376680403025 -0.078125043529 -0.0241261354747
-0.0614457778544 0.0711242276995 -0.0429035690467
-0.0775398784971 0.0767268923399 -0.0469760868184
-0.0431616209546 0.0595804604204 -0.00536640179837
-0.0229981266503 0.0214653889799 -0.0201001126704
-0.0298387615202 0.0287842794976 -0.0331525059569
-0.0352865399411 0.0346410448524 -0.0496812305356
-0.019380737613 0.0126199099643 -0.0571078660627
-0.0238973545954 0.0249738204247 -0.0525485663076
0.0225763611827 -0.0432713228285 -0.0482526285099
0.00637485281978 0.00155420521204 -0.0239420587292
0.017081221648 -0.0246408494699 0.00858893400284
0.004648974607 -0.0229357004067 0.0367590106759
-0.0329850409588 0.00853562914261 0.0383964265883
-0.0132765863823 0.0761811416598 0.016097096513
-0.0225607599914 0.0375680322254 0.014490943658
-0.0173512404411 0.0436457842935 0.0299354081308
-0.015333989777 0.0260998250353 0.0165722693532
0.0529722843891 0.0133669991603 -0.00913812108443
0.066521549111 -0.0233357861445 -0.0298369973937
0.02723731152 0.0292191595433 -0.012159633716
0.0696699370113 -0.0514190590886 -0.00141960313315
-0.0318539158218 -0.060073751132 0.0343626974654
-0.00819849861943 -0.0306723232791 0.0054950245999
-0.0832434550299 -0.0256621461622 0.0429807433255
-0.00123282911032 -0.0130848042804 -0.0243049510827
-0.0447057058438 0.0032141044292 0.0212336099876
0.0270305603717 -0.0792647456948 -0.00854236674072
0.0195273447117 -0.0714364425303 -0.00153333706966
0.0198843042746 -0.053026049495 0.00645838223504
-0.0510359652979 0.0380392808913 0.0387367246172
-0.042637505532 0.0295035675535 0.0234989967017
-0.0304395786204 -0.0164795992482 -0.0120347943043
0.0176941536588 -0.0307734538114 -0.0377070108101
0.046397220086 -0.0179328028135 -0.0110587006804
-0.0373229861417 0.0463923730526 0.0179779221066
0.0710756429296 0.00963687431899 -0.0294266545116
0.0762272518049 -0.0204117923466 -0.0399593847167
-0.0205306579881 0.0234733602713 0.0238875914384
-0.00247355080093 -0.0158473570471 -0.010960716602
0.0157284017459 0.0198718057146 0.0788318785512
-0.00889147622919 0.0215079173389 0.066982599837
-0.0374990914371 0.0360720391893 0.036613376971
0.006631744514 0.0237978445357 0.0517917625716
0.0290383560274 -0.0126583034635 -0.0170727129183
0.0139836622151 -0.0170099491471 -0.0238777937055
0.0603143747711 -0.0521531969469 -0.0116199311015
0.0744638514042 -0.0728528583749 -0.0369353293379
0.0227962563398 0.00107534109426 -0.0021945071247
-0.0102955830801 0.0685784220735 0.0186330304744
0.0190073982329 0.00984655248651 -0.0189715477603
0.00629871848321 0.0187491977735 -0.0172968993568
0.00326464720832 0.0162835893816 -0.0176319411495
0.0112375159164 0.0076996906524 -0.0168327472929
0.0302287473544 -0.00496151767781 -0.0113426775812
-0.0177614846797 -0.00650311559942 0.00672829783086
-0.039562045754 0.000349497931011 0.0258360731124
0.0357454639081 0.0317164182641 0.0263492088375
0.00499299936537 0.0461764943179 0.0545141709284
0.0558357252963 -0.0165631403289 -0.0437927293567
0.031981728383 -0.0103020094501 -0.0308288989121
-0.0358963580086 0.0081956720481 0.00992969466059
0.0457967959511 0.0133717610386 -0.0157535556967
0.019870778998 0.00821242433371 -0.00990802368224
0.0703440104904 -0.00155337480425 -0.020866195192
0.090061748565 -0.00281657498828 -0.0268643271973
0.0968754947502 -0.0227598659205 -0.0430426549647
0.0285403339794 -0.0361952636473 -0.0384383616052
-0.0675717207476 -0.00977485769033 0.0114046746778
-0.0258630921785 0.00717076630893 0.0130000177454
0.0285607642543 0.0345449493157 0.0445681304185
0.078870110193 -0.0218866741456 -0.0382787791429
0.0622104338252 -0.0373280289 -0.0453454662169
0.0460961623556 -0.0211948426769 -0.0333594839856
0.0104769048972 0.0101174451707 0.00998550828776
0.00812883156525 0.0171559393085 0.0220336688939
0.0140226939719 0.0117092222581 0.00456572906334
-0.00789366932411 -0.0154945087091 -0.00896668713262
0.0152307690466 -0.00171534200398 0.0104341751498
0.0252272989368 0.00053874109548 -0.00173748113154
5.93752293695e-05 0.0293330949058 0.0500897421117
0.0103340834181 -0.0124438288629 -0.0126449606625
0.00714108404967 0.0193423050088 0.00758838104456
-0.0466211340859 0.0463187902596 0.0306506990197
-0.0198031148064 -0.00392735054072 -0.00893649790764
0.00577959189051 0.00601478700328 -0.00206120714115
0.00408127728585 0.0142986618436 0.00397577244714
0.0256665356993 -0.0135941378085 0.0165291237438
0.0295460919524 0.0462458689189 0.0138535056365
0.00745326680653 0.0490936356729 0.0163671896875
-0.0123469989688 0.0398920979553 0.0261685595621
0.0424808195464 -0.0102546897142 -0.033196589021
0.0415074596249 0.0039364831342 -0.00999751541984
-0.00058480485206 -0.00447201427884 -0.00709651835556
-0.00616642059255 -0.0138018993876 -0.0267459126718
-0.0337726495183 0.0313808380904 0.0156469994477
-0.0944879040113 0.015809075276 0.036985272823
-0.11097660404 -0.0510037094204 0.0727030693505
-0.00694780511128 0.0374190690842 0.0171007236603
0.0580883266041 -0.00739548023972 -0.00523135109765
-0.0589543792535 0.0487716137603 0.0391996476992
-0.0619681303679 0.0552401923622 0.034276496374
-0.0997485631362 -0.00252398966306 0.0589417932424
-0.0152903409222 0.0284585721766 0.018917617246
0.101358542203 -0.0979086573715 -0.0280630418997
0.00756414230963 0.0251972811197 0.00691766075038
-0.0936549825962 -0.0519111425396 0.0635715336674
-0.0209692965442 -0.0409586241084 0.0294552761685
0.00822985646226 -0.0115333904012 0.0137894535068
0.0729973185732 -0.0454414300756 -0.0184048698161
0.0754389863928 -0.0567862622467 -0.0336991141435
0.10208877474 -0.0750311192882 -0.0381632865674
0.0829191451704 -0.0711717314546 -0.0398447146987
0.0131110172834 -0.015516923443 -0.014410210343
0.034645845185 -0.0394528188122 -0.026305074155
0.0299415733239 -0.0283901776034 -0.0168853783064
0.024798303808 -0.0170830773718 -0.00863225392798
-0.0176555711082 0.00775086392495 0.0119329925606
0.00383049626579 0.00203680341509 -0.000346145107942
0.00596435252175 0.0101454193222 0.0109575040966
0.0262613095082 -0.0306113196722 -0.025853722335
-0.0223089328989 -0.0181753468585 -0.0179395345851
-0.0346058751293 -0.0117240050647 -0.00715304788177
-0.0304693507844 -0.00724214616278 -0.000279565363668
0.0189679591445 0.006349199252 0.00645654597162
0.00514505824148 -0.00588337177826 0.0035608088476
0.00797438135792 0.00686922794051 0.00153560434203
-0.0459084654064 0.0222646157384 0.0242838320989
0.0184808753157 0.00104913325092 -0.0151380503315
0.0482210775608 0.00556535290511 -0.0180375087514
-0.041230133778 0.049305313435 0.0398033522387
0.0167352988967 0.0487568100273 0.00884242464929
-0.0575683474138 0.0453450128304 0.0347649108729
-0.0753925028083 0.0155881264455 0.0480084768155
0.0268271133404 -0.0556772375556 0.00269387049993
0.0489222920723 -0.072013403194 -0.00108452242787
0.0869155920119 -0.0707194736347 -0.0279252988162
-0.00394448235474 -0.0697338588841 0.0288845204538
-0.0742931649742 -0.0743354947212 0.0622509493582
-0.100792156672 -0.044048291701 0.0632079780516
-0.0458422453383 -0.0540550535045 0.0435855170768
-0.0368706936941 -0.0278330221156 0.0316550103411
0.00797379620762 -0.0150062144537 0.0278104763609
0.0506096140313 -0.00313962783887 0.0339637756034
0.0606998084767 -0.0523663647578 -0.0304690970171
-0.0666426111953 0.0118579926862 0.0207190141679
-0.0323704800848 0.0375425687366 0.0447153820648
-0.0490903571502 0.0185751786835 0.0444840908584
0.00458090821135 0.00883937774724 0.0125112907558
-0.0135898968038 0.00214438929308 0.0128877189005
0.0168474974422 0.0265593730077 0.032663117522
0.00745543186085 0.0007904105608 -0.0122973610758
-0.00839912129781 -0.032905813397 -0.0197469961313
-0.0305712454684 -0.00783557607192 -0.014415895976
0.0023941086574 -0.0208732588903 -0.0388089109778
-0.00602801238907 0.00189329320737 0.0128758688465
-0.0209251913413 -0.00832848437791 -0.0185613376038
-0.0289282587115 0.00144902948833 0.00606086270569
-0.00445568655361 -0.0139599308299 -0.0104230706548
0.0236577594256 -0.0134290049635 -0.054488406891
0.024457765024 -0.00343835005735 -0.0125934597193
0.0409666182247 -0.0102164551739 -0.0310521115964
0.0655601179283 -0.0299248314884 -0.0715590056768
0.0331596500559 -0.0127718217596 -0.024552685305
0.0582357290725 0.056867067329 0.0484127548081
0.0829772162233 -0.0837100431772 -0.0390776264104
-0.0125833823906 0.0150240232502 0.031008839418
-0.0322822064269 0.00593483117961 0.0304885208391
-0.0628670317322 0.0381222624575 0.0332224865911
-0.0505455475606 0.042658793507 0.0303135431818
-0.0225919249856 0.048779098101 0.0425631967133
-0.00790417276757 0.0643641787908 0.0398985398152
0.00179342808759 0.0486637804615 0.0240971573406
-0.00514703480519 0.0221219837964 0.0117881949285
-0.0248936221912 0.00868941869602 0.00633974972885
0.0122270380772 0.0513802467331 0.0249347824828
0.0133028508962 0.0693367521181 0.0186877494059
-0.00372282378808 0.0703243832362 0.0156772877262
0.0190417071174 0.0517194613082 0.0264443547399
0.0339622801763 0.0120018463914 0.0152585065709
0.0512504979085 -0.00275128026747 0.00104345447136
-0.0695355022497 0.00590537202159 0.0159166457053
-0.0932868974415 0.0247876037432 0.0124228118313
-0.0115959949386 0.0560559996449 0.0150025844622
-0.0334236957081 0.0604250167744 0.0221022295508
-0.0237987875586 0.0709396240815 0.0196640615375
0.0189568120554 -0.0128088565094 -0.0286046837855
0.0250338306886 0.00726892464149 -0.0118632194473
-0.038253087118 0.0317219163287 0.0369869516135
-0.0176351924697 0.0279071614718 0.0418993395298
0.0124166203711 0.0650720790885 0.0128828714946
-0.0263775805509 0.0568920348015 0.0412966236847
-0.0388536763671 0.0455257249401 0.0342288304911
-0.0560048333681 0.0554759679339 0.0406689815422
-0.0540972304766 0.0510346466192 0.0381854712886
-0.0449161639363 0.0415762042101 0.0378023228631
-0.0526437694108 0.0462998366456 0.0348890332547
-0.0295588676518 0.028439386531 0.021559466763
-0.0367129565262 0.014117975048 0.0108073971966
-0.0427165975731 0.0115683696389 0.0114668826463
-0.0567152424066 0.0474910617565 0.0356053158952
-0.0582474433068 0.0432449326923 0.0359796365651
-0.0492702655212 0.0369344132021 0.0330236232557
-0.0464300498466 0.0414433040967 0.0304374986338
-0.0298348936233 0.0299116982624 0.0235892175677
-0.036672642612 0.034144918756 0.0250404903033
-0.048600856523 0.027148951832 0.023576970336
0.0218523190076 -0.018404425495 -0.0283035420432
0.0560793220811 -0.0246560458659 -0.0494899204375
-0.0548523381215 0.0447609008097 -0.000930854295498
0.0386636229045 -0.00942703084658 -0.0307628388285
0.050259554933 -0.0230174043869 -0.0596619743291
0.0199045169154 -0.0194516649962 -0.0460579775808
0.0354336458529 -0.0263114013983 -0.0598804211433
-0.00888351882896 -0.0163111276731 -0.0294373288159
-0.0889897834911 0.0107207193277 0.0316642540248
-0.0856313416015 0.0192028048023 0.0513269574177
0.048774190986 -0.00729007618956 0.014059106055
-0.0604073512874 0.00099552532883 0.0286611298985
-0.00532930909288 0.00802465875957 0.0303675545651
0.0356767059706 -0.02564773716 -0.0546396230004
0.0173269278858 -0.0120064576823 -0.0249640644107
-0.0277769295832 0.00606749611912 0.00587979394144
0.0103873766637 0.00662824110537 0.00734349192877
0.0166318194262 0.00557206267442 0.0143456833483
0.00297139279347 -0.0101131052585 -0.0272182256622
0.0611026451398 -0.0267296818832 -0.0581632243487
-0.053256949113 -0.00100198616364 0.0038141465407
0.0712171225291 -0.0267759511173 -0.0645800800272
0.0655145462602 -0.0226509996904 -0.0604968688568
-0.0236251428532 -0.00725768269168 -0.0140068121634
-0.0706893814252 0.00539174104694 0.0237609732263
-0.00257145792699 -0.00969201244864 -0.0250185407327
0.00858938907461 -0.00324974372045 -0.0160690962956
0.0146703628206 0.00466777919994 -0.00398915887274
0.00847132815248 -0.0122853732988 -0.0151673760124
0.0287463417591 0.0215837535683 0.0358605358211
-0.00163876344115 -0.0163362023081 -0.0371218627646
-0.000771988425651 -0.0288889012491 -0.0439845416217
-0.0103563500178 -0.0152036281227 -0.0296941172282
-0.0398003162706 0.000548066391895 0.0088632541951
-0.0281200806682 -0.000255460063284 0.0251755546642
-0.0303186275023 -0.0012506991251 0.0276916328089
-0.0350780440604 0.00922206799611 0.045969204691
-0.00878701691916 -0.00762351771814 0.0222777948841
0.042494754386 0.0153359499472 -0.0274747370051
0.0218923618384 -0.0266735884355 0.0227170083084
0.0373177519273 0.0083325848772 -0.0204040973095
-0.0218296820009 0.0427526688155 0.0673332598457
-0.0109820914031 -0.033185185 -0.0393916602485
-0.0152543506827 -0.00288971849689 -0.00659378602065
-0.00695492299097 0.00809334954775 0.00715269055867
-0.00319756204798 0.00995913079879 0.00889363963797
-0.0248453309104 -0.000200638678759 0.00239600288674
0.0172694556446 0.00718086754793 0.00587973716619
-0.000213031462548 0.0255894932 0.0383959478892
-0.0224087320725 0.0223861384651 0.0409374851633
-0.00107639987802 0.00751731680055 0.0234231546956
0.0179957565851 0.00684608346208 0.00104835931611
0.0185394203073 0.0185060844556 0.0169158851486
0.0230078230068 0.0444508422157 0.0502653364754
0.00961006527205 0.0375289483815 0.0450071671554
0.00605251573365 0.0219081810109 0.024251875208
0.0348676417921 0.0406401351537 0.0399207864897
-0.0739557705542 0.008663564246 0.0221911771934
-0.0466134464431 0.00414790187507 0.0100093975493
-0.0911585407214 0.0153779394137 0.0390465172241
-0.0713555010448 0.014339102218 0.0337478238078
-0.0415777685365 0.0127547044415 0.0355757441054
-0.0541291147541 0.00316383155875 0.0200841549007
-0.0404616556577 -0.00841781666518 0.00897211039728
-0.0989949543654 0.0180043470771 0.0497788128027
-0.0504596203608 0.00913952809652 0.0371089248392
-0.0147141719365 0.0141004776256 0.0177239454824
0.0119500220581 0.00399460020057 -0.0259163286876
0.0346342677326 0.0180492092795 -0.0100587938774
-0.0874075235344 0.0187786785237 0.0555830009698
-0.0663425999485 0.0167994606474 0.0529971045222
-0.0314734882892 0.0115539533858 0.0420571603914
0.0113273685137 0.00224588913375 0.0303349787654
0.00476911990495 -0.00646423630528 0.0279689670157
-0.0613887969332 0.0133864107539 0.0509141738566
-0.0289444744733 0.00335424198128 0.0390400732042
-0.009762550799 -0.00594794050006 0.0261396195423
-0.009869005385 -0.00784110260712 0.0115245128228
-0.00674341576249 -0.0071207301819 0.0100285926667
-0.0268249964753 0.0146888458178 0.0389883104151
-0.0686309525173 0.0856842850718 0.0353476805563
-0.00151127784859 -0.0207976910431 -0.0122643045607
0.00226847350182 0.00107260869899 0.0339662167551
0.0281996787218 -0.016949455969 -0.0370983258531
0.060052542034 0.0646030255572 -0.0272194506703
0.0597460902896 0.0740823378813 0.0493143008445
0.00758475655838 -0.0129070976062 0.0210616468736
-0.00397027739369 -0.0172157523822 0.0258752065417
0.00589711059342 -0.031609150447 0.00404358412603
-0.0368248913114 0.0230348259159 -0.0245168431834
0.0463216774201 -0.0247020907239 0.00355325320623
-0.0906087175293 0.0167862899157 0.0465998489503
-0.0582465197302 0.00489674605239 0.0181950864752
-0.0533554174648 0.00390855261098 0.027386902831
-0.0247470719723 -0.00923574198731 0.00467123744331
0.0196345216655 -0.0111583963196 -0.00837205416074
0.0300039444256 0.00841906827522 0.0178329118305
-0.00269708047999 -0.00705691290332 -0.00686392100369
-0.0497323776001 -0.00448921554825 0.0184004461222
-0.0307879467344 -0.0114642262484 0.00541513529698
-0.0041554492351 -0.0120671560053 -0.00154260624812
0.00142863857431 -0.00913890697388 -0.000129626552964
0.0185314207719 -0.014058358894 -0.0151297218803
0.0408586859273 -0.00141802633735 -0.00746466087567
0.022734017431 -0.0173366966509 -0.0290678590262
0.0215207765174 -0.00881424253468 -0.0224568415593
0.0041312111793 0.0144054004736 0.0142749537485
0.0274114984288 0.000873556004056 -0.0172065570196
0.0384350893601 -0.000864428019894 -0.0238085782033
0.0356794142724 0.0011248635483 -0.0174074208008
0.0481988299989 -0.0100063377572 -0.0353656601289
0.0117926329685 0.0140322627072 0.00919160468094
-0.00755854004904 0.0313914434841 0.0434715030085
0.0425686855559 -0.00528042529826 -0.0192698240904
-0.000380519291001 0.0329906413683 0.0468118632691
-0.00967793766929 -0.0116982118755 -0.00773120689833
0.0543427751974 -0.00813088229668 -0.0394749068606
0.0538454487317 -0.00980169133318 -0.0345885004996
0.0502131544294 0.000238368062895 -0.0288923717432
0.0418427835341 0.057267787088 0.051585275538
0.00897264422272 0.0480728978433 0.0465473588754
-0.0408294579211 0.0183558512685 0.0265814381166
0.047347053516 -0.000256745134453 -0.0330413214118
-0.0194391212517 -0.00198222222249 0.0305593857819
-0.0379475143471 -0.00286681648531 0.0122331227209
0.0094746660738 0.0236020322453 0.0376546716977
0.0542095717325 0.00545592582383 -0.00956959382153
0.0362484480347 0.0125541475735 -0.0175554946198
0.0335186024698 0.00776723706733 -0.0337506640007
0.0368970562627 -0.00438448145904 -0.0492377498957
0.0370770020111 0.0273341157118 -0.0183566037959
0.05774247659 0.0357241894783 -0.0113815499834
0.0488569474223 0.00918464920358 -0.0229296219597
0.0209787328951 0.0299277749374 -0.0380633458572
0.00633034333951 0.0901258265816 -0.0789331804351
0.0598090918527 0.148924887195 -0.0169575796091
0.0695185105287 0.0335073792784 0.00762035808863
0.0812622777841 0.0637093668295 -0.0024284486502
0.0623380197587 0.0961045499373 -0.00307233623389
-0.0241145713805 0.125426826779 0.0714653368512
0.0722670267345 0.123390020915 0.0322919106935
0.0462700662868 0.112237328837 -0.0516053856447
-0.0598159712686 0.152852224403 -0.0176503238387
0.0153602110441 0.107961450559 0.0865447929755
0.00859727893753 0.0526972676044 0.072244323789
0.0496746205731 0.0743314088999 -0.0648386673456
0.0108015522951 0.0507258249249 -0.063856427708
-0.0389164825802 0.0609011651815 -0.056456307881
-0.075397204807 0.0591581653365 -0.00710216276103
-0.0601033569835 0.035960088981 0.0311197066023
-0.0434574374046 0.0514940718039 0.053232387686
-0.0514190993564 0.109613313738 -0.0566019073276
-0.0214724777586 0.084592752712 0.0880112452191
-0.0419741744826 0.088099728492 0.0669419934694
-0.000710774040372 0.14111125508 -0.0736182835226
-0.0057795980125 0.1913902664 -0.0262425166554
0.0232542318807 0.0166668063492 0.0211429448037
0.0172046522806 -0.00612970011771 -0.0229982695823
-0.0027436754264 -0.0208760590686 -0.0303033276501
-0.00243866952876 -0.0380495918219 -0.048256430303
-0.00944087572866 -0.0396651756546 -0.0330544756404
0.00259830254859 -0.0308968708641 -0.0441315914945
0.00711662095636 -0.0242686569651 -0.0465449960194
0.0219420507756 -0.0209419490872 -0.0550080596365
-0.00148142479533 -0.0150776667585 -0.0195144554245
0.013711377701 0.00625512632228 0.0131584496825
0.00737766327591 -0.0252581156919 -0.00805286123899
0.039612682603 -0.000712093796136 -0.00129048143072
-0.0361903924934 -0.00879933223332 -0.00476085532771
-0.0113300821199 0.0463142976638 0.0542839917777
-0.0472352181757 0.00298103631896 0.00729140255923
0.012152873058 -0.0151888402491 -0.03721368954
0.00894077107018 -0.00636787680831 -0.0327091962377
0.00926493841628 -0.0143702497694 -0.0235539760634
0.0118619055844 -0.00460785782314 0.00224059130573
0.0191132596956 0.00663238354778 0.0214657051072
0.032778943962 0.0285011060353 0.0458852023179
0.0519610526092 0.0438190802079 0.0475326738779
0.0231537607647 0.00696422532028 0.0222989321388
0.0256562629585 0.000513583176964 0.0105228718304
-0.0376258005457 0.167505119792 0.0379448267789
-0.0620616039997 0.128612019531 0.0351933972646
-0.00963127050246 0.00253276153758 0.0278947512344
-0.00202209898345 -0.00390518685118 0.00318482907807
-0.0179585911818 -0.00796973340167 -0.00224027777708
-0.0316776897181 -0.00380260665532 0.00695172931198
-0.0142330948572 -0.00818637985085 -0.00734663327262
-0.010032012928 -0.0185930702846 -0.0202738007766
0.00117566960199 -0.0231755000161 -0.0179668990014
-0.00615060511651 -0.0238898598852 -0.0199071476132
-0.0214749454913 -0.0166533112133 -0.0115027054097
-0.031163585958 -0.0186497341128 -0.0137675371846
-0.0355277137581 -0.0167887682002 -0.0103084291897
-0.0293018548761 -0.0165210491413 -0.0117048289508
-0.0150657630167 -0.0112759242891 -0.00874166906292
-0.0376162475778 -0.00765960656682 -0.00326562006811
-0.0325941619308 -0.0149684226748 -0.00995354737423
-0.0178786378316 0.000595341932675 0.0116993912293
-0.0320982146818 0.00802685961599 0.0173316636344
-0.0377963860514 0.0220729529718 0.0312146975322
-0.0287756868968 0.0267460223293 0.0406897195183
-0.0152594479588 0.0270703805572 0.0470993875684
-0.0229894671538 0.0232872107922 0.0336006681739
-0.00852849218435 0.0200567093745 0.0281473852976
-0.00839610307844 0.014060247816 0.0217615701505
-0.00657158977141 0.0286040996456 0.0350369064782
-0.0167666767622 0.00621944348837 0.00930988734413
-0.00823791405406 0.012503377158 0.0209148905868
-0.0116953758254 0.0165855881811 0.0264037860329
0.00462632614181 0.00508057065276 0.00869973692859
0.0272480530031 -0.00476423352924 -0.0159017866825
0.0143395021327 -0.00793367959331 -0.0128473426891
0.0409246172571 -0.0154779744163 -0.0321955899881
0.00790818657913 -0.0199709027806 -0.0256541985603
0.0318367363613 -0.0196240196422 -0.0292025445646
0.026174517168 -0.00998454880548 -0.0135061017506
0.0838553174814 -0.0388614781532 -0.0537791426118
0.0709050650333 -0.0346110560688 -0.0429523365593
0.00512521086551 -0.0240349160603 -0.0184478904188
-0.0663544664438 -0.00140864861827 0.0123689258875
0.0183960399247 -0.0103430680965 -0.0132315170933
-0.0160761489508 -0.00432841842371 0.000223378085291
-0.0133600829477 0.00175366472758 0.0019234311797
0.0660811633197 0.00771022101423 -0.0186985309337
0.0222317159392 0.0333840224483 -0.00485222185095
-0.0256397575144 0.0440949376646 0.0151839571986
-0.000111100502349 0.0379762009238 0.00717381654914
-0.0443522416904 0.0337613131272 0.0227685839291
-0.00149425520229 0.0384182748846 0.0102271350245
0.0409006630725 0.0232657962895 -0.00161894203838
-0.0568751488324 0.0167425276749 0.0251114439071
-0.0619695117187 0.0393927237912 0.0278148246643
-0.0392440570361 0.0255438108593 0.0222435735064
-0.0285816876545 -0.0121821258643 0.016281121692
-0.0287149370328 0.0092751843338 0.0183689076989
-0.0154531990259 0.0147283611622 0.0131246973108
-0.0216310768269 -0.00346349542192 0.0120540606597
-0.00844763529541 -0.00321633638592 0.00575496010563
0.0779615853834 0.0104335976127 -0.0170677349904
-0.0293573388065 -0.0249070841713 0.0147812884078
-0.0458291188099 0.0307768996718 0.0504362221172
-0.0603782135464 0.00834143600245 0.0381457220126
-0.047808367987 -0.0024262860197 0.0242399334177
-0.0444925744823 0.00714375945974 0.0327191016542
-0.025318562012 -0.000584421416396 0.0179257535929
-0.0210031433409 -0.00309156375594 0.0169153860526
-0.0215675745139 -0.00490213960291 0.0153659269815
-0.00472245256647 -0.00316720612242 0.0127507398657
-0.08574828955 0.0545644507793 -0.0173166730444
-0.037838956958 0.0404848504057 0.0460421752208
-0.0648969190924 0.0240949366077 0.0335948688439
-0.0452381761635 0.026260179058 0.0292446487749
-0.00443797294887 0.0223958825355 0.0079706162205
-0.0662628135658 0.0191342252561 0.0347779799781
0.0164821846331 0.0354114532356 -0.0016845951591
0.0408682613058 -0.013046374591 -0.0283071167825
-0.0153704817304 -0.00184048110626 0.0509884506878
0.055956888088 0.0491210229739 0.0411945563184
0.0531131375811 0.0402550446053 0.0369586213521
0.0310002590744 0.0208775922079 0.0211387262086
-0.00199923756109 -0.0215860375051 -0.0302413477239
-0.0173212287765 -0.00956227904631 -0.00949764379696
0.0512979451545 -0.017180418741 0.00427649213711
0.0423171243686 -0.0185521570565 -0.00969473953566
-0.00753098232795 0.0131381711208 0.00706137387245
-0.0153445734897 0.028850585241 0.0279090209149
-0.0556263953827 0.034561269971 0.0139926737243
-0.0369965509485 0.0265372860344 -0.00470694091122
-0.0322557661614 0.0137942443556 0.00115771811486
-0.000186258375881 -0.00496702818256 -0.013362058835
0.00736736374427 -0.0116052558265 -0.0150869133304
-0.0095255939964 0.00810237932291 -0.0102258927402
0.0665735433123 -0.0414862977474 -0.0151341292723
0.0674798168788 -0.0315993200473 0.0166060243232
0.0519589513433 -0.0528115118552 0.0155149901708
0.0401322045564 -0.0349109813767 0.0267461094348
0.0324240052668 0.0210925321335 0.0413066885302
-0.051558347525 0.0450269478333 0.0308124478637
-0.0349819958157 0.0278291075154 0.0297059251249
-0.046576298812 0.005277637395 0.0268506312678
0.0306029101639 0.00988267765347 0.0141678135894
0.0348089459445 -0.0400478149858 -0.0392720752088
-0.0261488818444 -0.0302439398982 -0.0146434337205
-0.0323656554091 -0.0237646036993 -0.0107444102626
-0.0486785692637 0.043593973096 0.0268829766912
-0.00141608245098 -0.000530099507359 -0.000586394722867
0.0124634352171 -0.0131923350309 -0.00975649827134
0.0227175404122 -0.00428040561694 -0.0056088249121
0.0307195720923 -0.0236865595 -0.0179343448693
0.0525606420275 -0.0352618186161 -0.0270337906381
0.0470521549831 -0.0398830081203 -0.0312690862903
-0.108213634183 -0.0231246426211 0.0632231121163
-0.106872605396 -0.0166332137703 0.0651722068375
-0.0914654515688 0.00687799974664 0.0511595890094
-0.0136252481572 0.0338330740794 0.0521243898229
-0.0371053367885 -0.0213629534781 -0.010541976842
-0.0429080705433 0.00811227461843 0.023794257003
-0.0147268473612 0.00423833329624 0.00673313553383
0.00906807620229 -0.0074036577363 -0.00878282591199
0.0277091027052 -0.00572362669927 -0.0178065386082
0.0229135695368 0.00254141700475 -0.0208445384951
0.00197732822034 0.0118882351353 -0.0169455499962
0.0287972234248 -0.000452435231475 -0.0164189096451
0.0284927836626 0.00157999926129 -0.00769984947494
0.017867191908 0.00938441528487 -0.0189591475801
0.0166483496891 0.0213641468461 -0.0135900786059
0.0136764836014 0.014297734398 -0.00835489906896
0.0229283938002 0.0336151504971 -0.0115285240254
0.00853106663856 -0.0119513367489 -0.00514306309872
0.00506225762313 0.0206954815276 -0.0160814910723
-0.0161787995451 0.0239242647877 -0.0118975776357
-0.0167097298375 0.0176665266392 -0.0115780239726
-0.0400558018851 0.00637021139408 0.00793729569493
-0.0115524886937 -0.00705993630114 -0.0128538601547
0.0255743954093 -0.019236779035 -0.0136632254582
-0.0020810768395 0.0108724889271 -0.0465753827153
0.0214575680914 0.024041333343 -0.0040291970623
0.0674436747767 1.82441793212e-05 -0.0287673402405
-0.0547103551147 0.0352028043008 0.0176442209389
-0.0481112969089 0.0180115821886 0.0162390822473
-0.030265715207 -0.00452224399455 0.0119429772521
-0.0447348089625 0.0273357627935 0.0372048322692
-0.0181464104072 0.0283219618768 0.0546570492302
0.0841644142589 -0.108907490033 -0.0446872445131
0.0578465363274 -0.0822702474387 -0.047892427191
0.0700129248301 -0.111289176356 -0.0300121803908
-0.0139291774231 -0.0183583470181 -0.0222606727953
0.0223947704187 0.0234219183721 -0.0186048705278
0.00581948349077 0.00278533316122 -0.0220298147991
-0.0176152149904 0.0178900308603 -0.0104745798615
-0.0343052366332 0.00817615231649 0.0143892035586
0.00102911420476 0.0318389817668 0.0122050999171
0.00370230778147 0.0330997215862 0.00967892379177
-0.000133681559336 0.0132395353915 0.0150395456206
0.0226848182311 0.00755458115074 0.000398473185924
0.0381111458338 0.000615717169423 -0.0110601449355
0.0534362388813 -0.0100626654806 -0.0226867083563
0.0715089301055 -0.025652967417 -0.0444413288733
0.0602520207173 -0.0316131557827 -0.0521406957265
0.0441854003859 -0.0131142333942 -0.0211105740352
0.037018786605 -0.0223579643478 -0.0387414728174
0.0202146485075 -0.0192889739836 -0.0369484851351
-0.0170415052132 -0.00999217043041 -0.00991940910268
0.002625948855 -0.000519022082375 -0.0110587855877
-0.0591941982516 -0.00102315910488 0.00468387755657
0.0236238678086 0.00272577030144 0.0373602442667
0.0437272734872 0.00201460274908 0.0557461363087
-0.0149120165812 0.00731877853409 0.0188498291755
0.0112781354402 -0.0267269644613 -0.0147161586804
0.0254041101114 0.012771978749 0.00418492354772
0.0465313319737 0.00958100881984 -0.000201523849796
0.00711840361106 -0.00495572155754 -0.0081093161293
-0.0380515080609 0.00504006437903 0.00887338155354
0.0275851504195 0.0112950593475 -0.0107402856617
0.0127924066777 -0.00153834420857 0.00503749080206
0.0026762835934 -0.00453821521615 0.00472746774579
0.0124959875359 0.0160708154079 0.00713217476749
0.00064011243988 0.0118973055693 0.0253413775227
-0.00171012282249 0.0113267809286 -0.0014270234619
-0.010468256284 0.00374433954999 -0.0077204152172
0.021868628979 0.0122994610953 -0.0187113717229
0.0295225006094 -0.00157338773942 -0.0477033959514
-0.0367086948338 0.00829274470674 0.0208158692183
-0.0460275447873 0.00190549382242 0.0109986880838
0.0251458356735 0.0207519293973 0.0342357414186
0.0885619459422 -0.072299990122 -0.0387355913257
0.0913398453144 -0.0656262013377 -0.0333262780272
-0.0628922410521 0.0182295122855 0.0247569549751
0.0757692687903 -0.0956385279239 -0.0156100842376
0.09481353932 -0.121475477171 -0.0287742101877
0.0208623863773 0.00017889997916 0.00107858893037
0.0162161588045 0.00952158764881 0.0153766977406
-0.037815217104 0.0367726717776 -0.0281953255549
-0.0582032935554 0.0607539801253 -0.0450961518805
-0.0648528668276 0.00939106918588 0.0260572440131
0.0152284422976 0.00674903844513 0.0202448402985
0.0139948375969 0.00821659542627 0.00150430139946
0.0184370797082 0.0112882538967 0.00550577044789
0.011884138714 0.00968347241924 0.00228070133522
-0.00151412665556 0.0261670067652 0.0309321334132
-0.0113287326105 0.0147282088356 0.0329107394117
-0.00264744267105 0.0199457007877 0.0399070321096
0.00738601398823 0.0165228050648 0.0332461499316
0.0421168205119 -0.0203087955291 -0.0372590289577
0.0250511688219 -0.00279231948375 0.00372368734021
0.0123674135032 0.0157327473095 0.00635897960433
-0.000382694646879 0.00017799850759 0.00192355118864
0.0080956551742 -0.0101750725831 -0.00858548445106
0.0147360035295 0.00421262365374 0.00549252168646
-0.00535133828917 0.00831615433474 -7.40589652764e-05
0.00266310476112 0.0263339425323 0.00254510789141
0.0193977907602 0.0285949285601 -0.00515207738836
-0.022609320653 0.0294433132681 0.0159640525267
0.0346216022857 0.00780303212613 0.00735650321558
-0.0145480963654 -0.0168740118376 0.0314023227012
-0.0811306723867 -0.0550007556345 0.0583955481664
-0.0566318319797 0.0400288437275 0.0235098356168
0.0423326969886 0.0459538015059 0.0489909588229
0.0428488284838 -0.00569191905656 -0.0177488069593
0.0417023149288 0.00942487226971 -0.0147998291335
0.00374603279082 0.0177594744978 0.0200047074383
0.00474718045684 0.0242757760348 0.0318048544878
-0.031522670538 -0.010613764722 0.0231317301357
-0.00434308820733 -0.0439931277135 0.0102730231395
0.0594831353138 -0.0477283155974 -0.0307139187402
0.0513499110819 -0.00969726018126 -0.0153330575236
0.0325838649113 -0.0158902266495 0.0195269820695
-0.0235900246145 0.0235485661589 0.0341364561329
0.0376906809522 -0.0209398628848 -0.0430643089856
0.00289786296639 0.0199210473716 0.00831848507607
-0.0348750558089 0.0147040812346 0.0289749035599
0.00898723138074 -0.00847224798394 0.0437580578049
0.0117067863381 0.0213006952054 0.00744277803423
0.0233659185247 0.043849711458 -0.00426705174155
0.0871078997721 -0.0778350611992 -0.0293670031268
-0.0933480278512 0.0169145295775 0.050535805179
-0.0144359161772 0.0185297952849 0.0193842183548
-0.00309916421878 -0.0202165773031 0.00121634893579
0.0118775906642 -0.0428411012908 0.00981009517413
0.0180561243948 -0.00309704689123 -0.00963125971545
0.0537048633106 -0.104512623685 -0.017382499659
0.00124583942757 -0.0321881095729 -0.0354555629289
0.0401160894835 0.0425610073416 -0.0276306700008
-0.00813722846215 -0.00463244984279 -0.0131464224645
0.0468142468737 -0.0509573707949 0.00226268575731
0.0279388971272 0.00205461327281 -0.0218488905538
0.0325567084164 -0.0367824545967 0.0121837361335
-0.00843789282595 -0.0211191550458 -0.0123025630294
-0.0403389654285 -0.00798504210986 0.00236052529762
0.100326094162 -0.0154427024716 -0.047060431092
