0.0536696352638 0.146364578972 -0.0251848137989
0.111396329382 0.0618940885052 -0.0323263173941
-0.00535691299129 -0.0303465911631 -0.0379622053602
-0.0217256286276 0.0066052299862 0.0111885407083
-0.0354513520939 0.00453948578255 0.0330554090255
-0.00328259792811 -0.0114655471881 0.022531303741
0.10612097343 -0.0309620457753 -0.0666450600068
0.00987093384514 0.0343782780479 -0.0807581522138
0.010633174445 0.00769163306935 -0.00269335770475
0.00210076641779 -0.0653168878895 -0.0537726895162
0.00414524293955 -0.00827711674102 0.0273960999516
-0.0249167765558 0.0157148203572 -0.0177597632697
-0.0126623626243 -0.0105574046998 -0.0310096313626
0.00993004379465 0.0934802676725 -0.0833229872927
0.011294140959 0.0453518772802 -0.00256245165981
0.0369080629639 -0.0425348698746 -0.0553455499992
-0.0271761164582 0.0153147420843 -0.01017768519
0.0472630188573 -0.0774494958441 -0.087517762523
-0.00822879088757 -0.0368325127288 -0.0104679191541
-0.0244347204764 0.00832553542345 -0.0179440811676
-0.00696106973269 0.0506228517684 -0.0579317576148
-0.0215148833346 0.00334735707961 -0.00771716480491
-0.00560091950006 0.00812395118472 0.0113267465565
0.0123933069402 -0.0818893257261 -0.0552176583133
0.0177087419885 0.0254830111571 -0.009711252012
-0.0134973032948 0.00108187065607 -0.00940331097747
-0.0162507111933 0.0217983192544 -0.0246988264508
-0.0534067537062 -0.0197552635109 -0.015262519438
-0.0617707437159 0.0103623456802 0.0603449018852
-0.0253485847417 0.0134550899307 -0.0167552320531
-0.0178156355515 0.00551791615392 -0.0171220359449
0.00957908787154 -0.0139598537036 -0.0543210212883
-0.0240000769378 0.00797676195876 -0.0123499820382
-0.0149413689666 0.00654374368012 -0.0319815088778
0.00615884492188 -0.0169213174732 -0.0263873182764
-0.0241586188802 0.00410946959201 -0.00601055383646
-0.047964341315 -0.0342991539472 -0.0209853347639
-0.019137374514 0.0240322200723 -0.047287210549
-0.0219352113361 0.00150579527565 -0.0241708159637
0.0615534678095 -0.038642146022 -0.0507115108286
-0.00288281565839 0.0191554358196 0.00842486129255
0.0294552241118 -0.0140125724781 -0.0974965512397
-0.0521011901997 0.0512994653942 0.0537452567749
-0.00764107505254 -0.0373311581391 -0.0235701756738
-0.020698155254 -0.0278611351461 0.00124642402693
-0.0331773008361 -0.0251985901426 -0.0203573241933
-0.0197089622719 0.0500063616599 0.0412855191126
0.00603485250097 -0.0275377221735 -0.0505332334356
-0.0309172344291 0.0220503012789 -0.0082185387579
-0.0270719706775 0.0229249368627 -0.0206237930413
-0.0323828446627 -0.0170920552601 -0.000648151966848
-0.0646856816867 -0.0492472268649 -0.0213577148691
0.0409897120919 0.0292435301788 -0.0287282195594
0.0315619460253 -0.0132456906607 -0.0547124896244
-0.0749613220196 0.0303209626318 0.0306741456234
-0.0505818502055 -0.012253670629 0.0574103558054
-0.0103972908243 0.0459182927929 -0.00387063710547
-0.00184798186629 0.0628352654113 -0.00851463484905
-0.0084405013342 0.0203694729257 0.0168944082485
-0.0105297110634 -0.00337792709644 0.0266107060443
-0.0117793882608 0.0385316879743 -0.0695960473261
-0.00693631730964 0.0586310714468 -0.0707533517446
0.00712670723152 0.013434924546 -0.0794628716109
-0.0244706488569 0.0134505158775 -0.015721684067
-0.0243775218227 0.0214655074464 -0.0229378684094
-0.0103705326963 0.0299603008297 -0.0536427593979
-0.0106833789941 0.0376206871997 -0.0322277776491
0.00933882942239 0.0609252710556 -0.0400112260473
0.000508883141994 0.0161559794714 -0.0224200567714
-0.00937025082612 0.0304069687579 0.0163677056191
-0.0545026538455 -0.0254456362138 -0.00997638087319
-0.0328472632204 -0.033540974187 -0.0186696406332
-0.0162888169018 -0.0618160901832 -0.0461664797829
0.0343476868817 0.133314898995 0.0243192273812
-0.0208623938083 0.00801810141705 -0.0228846738272
-0.00468309473936 -0.00759260660437 -0.0532545894273
0.0172686288683 0.00970971474363 -0.000933339459273
0.0611776346523 0.048293851711 -0.0231870426461
0.0374245953936 0.0604521746486 0.0125311823744
0.0185922866705 -0.0774979104285 -0.0796114624338
0.10444543396 -0.0116534805876 -0.083724646746
0.0847557896585 -0.0139342816422 -0.0123846902584
-0.0493098841904 -0.0564299612234 -0.0289889921385
0.0588461059707 0.0310457336008 -0.0959763620989
-0.00749860408099 -0.010583639177 -0.0237044830864
0.00741803844575 0.00215280628534 0.0100472018092
-0.00741915201114 -0.00170866979638 0.0257307175878
-0.00376605970455 0.0153384139151 0.00701587188709
-0.0299803326015 0.0389677791023 0.021490723215
-0.0303113293403 -0.0166539815936 0.00734894181869
-0.0450028832059 -0.0420699935071 -0.0498585474107
0.0746093453788 -0.0246814849615 -0.0202786991015
0.0200673995175 0.0151574253773 0.0182622483459
0.0565391152525 -0.0200900365134 -0.019027093949
0.00198810616657 0.032757648089 0.0169789064948
0.0165476022166 0.0438334182857 0.0159959067515
0.0228835139411 0.0272042529841 0.0214570803066
-0.0679707633107 -0.0101190904224 0.0134489292079
0.0173109893891 -0.0532310330057 -0.0140347009956
0.0282941526082 -0.06510087843 -0.0661308236008
0.00813049308608 -0.0587142520226 -0.056277329707
-0.00591825371334 -0.0344560917001 -0.079092527555
0.0175300055941 -0.0503887630755 -0.0845947002093
-0.0515861013301 -0.0364801846383 -0.042866226277
-0.0421121990468 -0.0476583322082 -0.0518738706272
-0.0110459340711 -0.035667164776 0.0297248870791
-0.0551697806725 0.0144266283161 0.0487983478827
-0.08440801234 0.0355220837212 0.0161667780932
0.0578963701085 0.200587658207 0.00721996115136
0.0397903295807 -0.000240457437955 -0.0475021081071
-0.0583702713014 -0.100651706977 -0.0557405696224
-0.0161764848228 0.0261217519169 0.00895551731609
-0.0240232864809 0.0553710428383 0.0338775482861
-0.0962246222368 0.0502373763829 0.0583637473937
-0.0749023280456 0.035546281692 0.0625088213553
-0.023866514207 0.0229102870355 0.0416855516811
-0.134254956747 -0.0295707779018 -0.0148269706401
-0.068420251617 -0.1048620534 -0.0741334213434
0.0359964309027 -0.00241897269427 -0.027822562997
-0.0838251165634 0.0112601017668 0.0619132829248
0.0528723522202 -0.0523115276292 -0.0501449791422
0.0720103131032 0.0244353199015 -0.042252311642
0.0445628310155 0.0182749698013 -0.0115101279689
0.0614572980448 0.0497943593205 -0.01697525379
0.0363786209664 0.0521520308775 -0.0107116861633
0.028758841444 0.0523901448569 0.00627444150882
0.0396205668206 0.0107856068379 0.00144847636161
0.0275480070698 -0.0150569033931 -0.0100956322282
-0.0156276002763 0.0142833521888 0.00808048585526
-0.0372867183365 -0.0157367846022 -0.0510363780096
0.0248395487545 0.0435300399228 0.012367280058
0.0300308434377 0.0335071315152 0.0196265886164
0.0238343714715 0.0328631453053 0.0185636602237
-0.0520405509733 0.061790453144 0.0370033574883
0.0180439461067 0.021739379825 0.0516177297777
-0.0346702439294 0.0415723942187 0.0332684431382
0.188661731333 -0.0270939830047 -0.0891992777278
0.132354693223 0.0330587889343 -0.0284492758621
-0.0154092200972 0.0311822924178 0.0228110442164
-0.0277545382361 -0.00670914713733 0.0370922934685
0.190721044314 -0.0690922336891 -0.0632795437048
-0.0268906959898 -0.0131383094997 0.0142988894455
-0.0593758473398 -0.0756339741855 -0.00473025677596
-0.0405398363333 -0.0685694364109 -0.0421047875876
0.0112094094289 0.0106160810421 -0.0123024255903
0.0593207174876 0.0628714809422 0.00704520442641
-0.0185504407743 0.0561299486919 0.00596628671672
0.0160417426162 0.115224093323 -0.000646832956513
0.0158126560726 0.039628044225 0.00124297404004
-0.0277467091088 -0.0284587658006 -0.024728036292
0.0827936523449 -0.025697860512 -0.0436292376555
0.0284786604146 0.00708015703 -0.0118366237611
0.10696405761 0.0193566371397 -0.0149691209645
-0.0673771645032 0.0535660758753 0.127194743435
0.0136104772945 0.0495137943893 0.0125812346717
0.0273130226732 0.082297350704 -0.0478047422735
0.0994718856548 0.0500810347999 -0.0518049732134
0.0377000461408 0.0999639462983 0.00146010787134
0.0194140114648 0.0805839402342 -0.00477961923447
0.0603184824126 0.200759438598 0.00194956422244
0.0581489601881 0.141945096419 0.0161730363689
0.075591538883 0.0946338497451 -0.00974283960252
0.0627616356802 0.0261204418767 -0.0162262362788
-0.0510049995631 0.00613071705195 0.0357527200887
0.052123902091 0.00768773388606 -0.0177982857873
0.156134090993 0.0574889260638 -0.067900526477
0.127022038185 0.0160212640748 -0.0524971930646
0.0800219546503 -0.00125422126745 -0.0310704997649
-0.0195261735714 -0.0383682959907 0.0295773842279
0.00245535427765 0.0141949248706 0.0244877003994
-0.016698715012 -0.00695695568335 0.0221970592468
-0.0578364522108 0.00481897250606 0.0564781819401
-0.0253364904679 0.0449408804026 0.0314461210714
-0.0199199978681 0.0254031771715 0.0139290353689
-0.0413026326983 0.0324161519056 0.0121576654176
-0.0615969933042 0.0559387249277 0.0263507868601
-0.042154599122 0.053005629423 0.0388531554192
0.0257042877722 0.0250282681416 -0.0016200046244
-0.0933795877981 0.0478787852363 0.0285750870604
0.0341833504456 -0.0189630727982 0.00842136952615
0.0208103771502 -0.0181426471053 0.0190384953219
0.00483696007048 -0.061985019568 -0.0416482493735
0.0495709696723 -0.0655494281973 -0.0771654570792
-0.112128631962 0.0354681394322 0.0360640780546
-0.105107184709 0.0398974183102 0.0646061306345
0.0320340131146 -0.0338734574149 -0.0237615861537
-0.0290713335042 -0.0398090411022 -0.0601797235231
-0.0459919466928 0.0204065159552 -0.00582708649022
0.00766290028013 0.0196414961664 0.0165137189886
-0.037095424016 -0.0343118503891 -0.0208928799711
0.00749063628137 0.100951939735 0.0192200761113
-0.052819480196 -0.0643469082804 -0.040253825197
-0.09665106318 -0.00761873459728 0.0191471798761
0.0126213447548 -0.0257060285281 0.0295052155891
0.12045183271 0.00537335807577 -0.065147184696
0.0286704773188 0.00369696596328 -0.0075994454064
0.139217706867 -0.015381357166 -0.0720331557382
0.143996175687 0.00855190173012 -0.085171037111
0.0757619176337 0.0328629969045 -0.0654782100433
0.109294767372 -0.0136129417169 -0.0707704672395
0.0891352260673 -0.00912671407244 -0.103495373506
0.0935293591189 -0.0370579264833 -0.0958599695251
0.0581028342674 -0.0483700100969 -0.0952918547193
-0.027463720194 0.0441478854069 0.0268212119712
-0.0120099061975 0.0484147706551 0.0500542442889
0.00341724595894 -0.173660881356 -0.141415847224
-0.00153572154669 -0.0139966533945 -0.00166794388774
-0.0362835080724 -0.00691218755771 0.013469951335
0.00327174224873 0.00991126999228 0.0147779539574
-0.111096065638 0.00894537349964 0.0406152836494
-0.127140527752 0.0370078099794 0.0955008175414
-0.000322105608034 -0.0903792812685 -0.152008421351
-0.127627852802 0.0209943494329 0.104313661782
-0.0745806639168 0.0100222279959 0.00316597176983
-0.0173601102754 0.0175579121292 0.0166456428001
-0.0838064360303 0.034542818911 0.0578165213458
0.0818116478721 0.00975860307428 -0.0731192827045
-0.00215195345197 0.0400147006784 -0.0659577503899
-0.0288811928403 0.0153488048481 0.0027563654609
0.0156510922603 -0.00663669974768 -0.0180527229752
-0.00459645073502 -0.0177698156274 -0.015410390403
-0.0283209585584 -0.010113963742 0.0212712144726
0.0920788610194 0.0121781539035 0.0394671481497
-0.129543056735 -0.134664525652 -0.101641193571
-0.037577372621 0.00641453508037 0.0354125375408
-0.0232364916807 0.033617096957 0.0118842114242
-0.0214902942655 0.0213760293111 0.0118819613097
-0.018390114506 0.00785171454306 0.0203444823188
-0.0259093833738 -0.0225575053182 0.0130059922414
-0.0258285608328 -0.00276983059018 -0.0139302477906
-0.0222764942442 1.48940682831e-05 -0.015447345419
-0.00874309549479 0.00219683907722 -0.00910754982533
-0.00293663328122 -0.0449727490848 -0.0306963873504
-0.0288691738917 -0.0710671323326 -0.0488737293317
-0.000921272097168 0.0501849355603 0.000976234231834
0.0122850983422 0.102117882256 0.0150942017916
0.0299636034427 0.0984709640272 0.0189499859682
0.005815761456 0.0831085167509 -0.00705662703498
-0.00388010611199 0.0766133085155 -0.00172988085469
-0.0168248575663 0.0648648629685 0.0129205051237
0.0315892438126 0.043947518394 -0.131374115482
0.0101267122546 0.0793722629088 -0.100620716339
0.0529461444594 0.0719170412944 -0.00171173060343
0.0644454604248 0.102671358383 0.00139666974349
0.0295298102007 0.129049531296 0.0257894534782
0.00360684939018 0.0199971292797 0.0173935885602
-0.0145556088336 -0.0069066953479 -0.0131107191411
-0.0779773199737 -0.0177070230846 -0.0089951452474
-0.102084240868 0.0368721166673 0.0401769463333
0.0170119205341 0.118662369847 0.0175084221074
-0.0330407713439 -0.0253111550375 -0.0253807663633
-0.0406733955323 -0.036449364368 -0.0350660433874
-0.0478062490048 -0.0671309166198 -0.0424292679113
-0.0513161159395 -0.0700655831776 -0.019530196783
-0.0349484349426 -0.0264120099851 -0.00225652552161
-0.0429655862236 -0.0536806609374 -0.000130953586909
-0.0417057955221 -0.0434021144282 -0.0405065617774
-0.0431641514282 -0.0651110403652 -0.0597034538921
-0.0294547424821 -0.0558277849562 -0.0699569214738
-0.047044581512 -0.0580072124131 -0.0576661167668
-0.0462628419428 -0.0586515068677 -0.0614662448147
-0.0655244302268 -0.0475084965766 -0.0266572426823
-0.0705987927261 -0.0684867860342 -0.0144015345525
-0.0509963164654 -0.0375889377078 0.00520953479146
-0.0285138752822 -0.0282615753161 0.00772136319926
-0.0401486935907 -0.0421855670968 -0.0578544595688
0.116043692131 0.00372744239532 -0.024286630724
0.0890011428175 0.00653673781398 -0.00649904602501
0.0298128496421 0.0842843396193 -0.0370097725582
-0.0520815119074 -0.0229022687875 0.0105246332108
-0.0745209424976 -0.0278271337252 0.0279344131241
-0.106770438457 0.00692222824635 0.0800647870766
-0.083934655879 0.0016194267178 0.0690598196632
-0.102360499391 0.0368297074413 0.0966248579955
-0.119142541279 0.0489600606975 0.111641588491
-0.0614812795747 0.0132773129882 0.0285657168575
-0.00121223699936 -0.0202735194598 0.0795508563091
0.137494453909 0.00300706949267 -0.0896792909094
0.0621425931808 -0.0337077887813 -0.0371843505837
-0.0201196476407 0.0195928174407 0.088133987899
0.00948864607834 0.046219486269 0.0888470069036
-0.00407919103563 0.0682964915484 0.082172361421
0.0640735784241 0.0194881256737 0.0569367690436
0.0971718420781 -0.0177204842397 -0.00400512945939
-0.107652763711 0.0320690379786 0.103977939287
0.0266235065902 0.0157313920975 0.0220596318316
-0.0998732821864 0.0677140150833 0.131993186707
0.0243956875471 -0.00408621255025 -0.0109905055969
-0.0177535757075 -0.021755506057 -0.0114913554265
-0.0915751774396 0.043181044425 0.0955179170218
-0.111102215996 0.0296390801138 0.0753338513057
-0.0805644137087 0.060577580512 0.098069501148
-0.0969268493197 0.0498498091081 0.0674399160664
-0.0967976142547 -0.0264841127235 -0.0304052271083
0.0501694225573 0.0184928631074 -0.0311332393548
0.00895944041522 -0.0308056739414 -0.0914062505708
-0.0778397620636 0.0339325383944 0.0439132282619
-0.0359975832603 -0.0127319014695 -0.0583565733517
-0.0622052976057 0.00938780825954 -0.0102371897382
-0.0805721459442 0.00680859164065 0.000951412383179
-0.0307679735788 0.0201215887679 -0.0405761317486
0.288061560678 0.00978410030229 -0.0733090257238
-0.0300738800098 -0.00457780955021 -0.00748012064078
0.101909289227 0.0398402818051 -0.0897184548433
-0.15638572255 0.0367003412478 0.0963364494422
0.148611850188 -0.00184102293129 0.0204599486022
-0.107075627441 0.000936723011123 0.206791304424
0.17918325545 -0.0380482066093 -0.209698950388
-0.0860008395657 -0.11628778311 -0.0819737056373
-0.0295304249272 0.0699387459611 0.107142092888
0.0205351815355 0.049076267575 0.0841956609159
0.0422320099824 0.0396540877697 0.0475144005581
0.124475609055 0.0383857109558 -0.00565114274717
-0.0667711145602 0.0235503699834 0.0513947336775
-0.0628911793239 0.0059066796876 0.022535446923
-0.0283853895732 -0.0156815835688 0.000665964464664
0.0802684385803 -0.0458716325595 -0.039818390144
-0.110785288133 0.0218698580862 0.0733449319579
-0.131149821052 0.0302859841098 0.0682733426946
-0.108602132254 -0.0608105819636 -0.0320766919373
-0.0596641053576 -0.0558792398306 -0.0614339558535
-0.0316625537918 -0.00121744569994 -0.0207829432357
-0.147007234099 -0.0399399519177 -0.00713733614612
-0.0685955054739 0.0700928758941 0.0965109690014
0.0167661673675 0.063391938761 0.0406180851945
-0.0722021416339 0.0463101926821 0.0685077544937
-0.00697124613957 0.0223747149643 0.0149030401019
0.0196079010701 -0.0136259001116 -0.0133566726643
0.10006912262 0.0257959951255 -0.0384543270009
0.194352102579 0.00555724851252 -0.0802620855598
-0.10954804449 0.0261967112759 0.0716879254525
0.076618271454 -0.00673994274703 -0.0753631661542
0.0343312115969 -0.0174687195011 -0.0690494734912
-0.0252879088175 0.04452067795 -0.0184000542403
-0.0784755657838 0.00784929794181 0.0313909093012
-0.0919963807994 0.00739001678424 0.032867899709
-0.0521042426973 -0.0015612813154 0.00675290696873
-0.00543233134148 -0.0180245929626 -0.00560023875287
0.00307084959563 -0.0156550914022 0.00610084236908
0.0113997012723 0.0176979282525 -0.00994889171948
-0.0652130689042 0.0012997875641 6.26386383387e-05
-0.0273986021855 0.00998842891232 -0.0235488099259
0.0184802847102 0.0278618965573 -0.0471079193809
0.0180967509796 0.038807528143 -0.0717786054174
0.0708956391137 0.040446905628 -0.109809662888
0.199187238056 0.0249976519827 -0.140959485652
0.307313638918 -0.0467791573178 -0.152472897171
0.0342139579718 -0.00200403567179 -0.118320650434
0.029743408962 -0.0767340839972 -0.158486377963
-0.167638469646 -0.0854187801849 0.0295824783388
-0.239169682989 -0.0662703135589 0.199329021216
-0.143013312017 -0.126675206988 -0.060232947765
0.0646500624883 0.0357990225896 -0.0225613526392
0.1998829457 0.0183662963499 -0.0463702163404
0.210405700348 -0.0192733314966 0.10617627828
0.164703147949 -0.040665723391 0.11707753332
0.041413227811 -0.0192963452483 0.158956146057
-0.12420997545 0.00502438700534 0.0614182170793
-0.106463909036 0.0159094118966 0.0494518783236
0.101471933927 -0.00160336021588 -0.0923669792214
0.167719484947 -0.0126102090528 -0.0886522584509
0.148202753801 -0.000917587647357 -0.0458067262071
0.0777380586957 0.0355425759948 -0.00789461725275
0.136871363097 0.00683881524791 -0.0601942181751
0.150785774009 -0.00484397075839 -0.0964743196228
0.192820238382 -0.0214158215231 -0.101759951032
0.194622157042 -0.0396801785121 -0.0992188309381
0.167357267046 -0.00478347427888 -0.0653294933496
0.165051978923 -0.0373500840658 -0.079177435663
0.105047808652 -0.0349646300811 -0.0603157173909
0.122411805965 -0.0161886109204 -0.0584545093617
0.087458756637 -0.00165171231897 -0.0293406024825
0.0146083166239 0.0248862845155 0.0414021130348
0.0384322320937 0.00441569669698 -0.00243913393856
-0.00328081815396 0.0277605812827 0.00451777156614
-0.012536285835 0.0441016696924 0.0238791206871
0.0115115381259 0.0257498927624 0.0145962943521
-0.0596545198771 0.0592035436653 0.042648570271
-0.105261786779 0.0440009489008 0.0682011304886
-0.00492936140735 0.0443681484706 0.0304426741927
-0.0624105969045 0.0180358347413 0.0767289009006
0.194401102445 -0.0119894133312 -0.0644602304244
0.0263373554944 -0.0036587900324 -0.022462745529
0.0550804159718 -0.0111968063581 -0.0306175814743
0.0162620366007 -0.012779522081 -0.0205448588585
-0.10094657587 -0.160886788471 -0.122005370779
-0.0483681414931 -0.183184424239 -0.150476612714
-0.0190055989034 -0.0993209774815 -0.0899806412585
0.00198994595994 -0.0105868058163 -0.0104339408662
0.199248208763 0.031044409217 -0.100556007532
0.133972131506 -0.00526741147008 -0.0911896631962
0.0198919965008 -0.00569754740222 0.0408128464603
-0.0912737122556 -0.00972024407765 0.153274813252
-0.110540319751 0.0533322841989 0.0880808458282
-0.0961435066506 0.059970917425 0.0340657384306
-0.114259535487 0.0224280162168 0.0476202316687
-0.156508114533 0.0201662715409 0.16045851137
-0.227309103607 -0.0318815445654 0.147344777972
-0.201438218702 -0.038355909805 0.091713708223
-0.116894747914 -0.0340774909374 0.245200550685
-0.11751265402 -0.0956328256196 0.213316134672
-0.198430960464 -0.112550734752 0.0252667079181
-0.257747035662 -0.113072783757 0.0810907176076
-0.277786598434 -0.0984864954204 0.13513539276
-0.194855961826 -0.0960376091124 0.079578148426
0.163645642514 -0.0864145846497 -0.224154408609
-0.1800872028 -0.129110623855 -0.0498632845728
-0.200710997233 -0.100608641396 0.15297437145
0.124902122574 -0.081083997921 -0.075445586514
0.0546032116996 -0.118047820472 -0.224530053654
0.05722947697 -0.0899177100291 -0.181738763979
-0.241400931639 -0.0905654846356 0.265601604732
-0.111511213411 -0.0746342291159 0.261867129428
0.0794817166473 -0.0748420842631 0.15250386094
0.307912485449 -0.0525923048704 -0.0302430060913
0.344406233804 -0.0162840820023 -0.114959367998
0.256188055115 -0.013006209211 -0.165813767779
0.0834261369374 -0.0846100305749 0.0685781627148
0.191204627341 -0.0799692946719 -0.252821163907
0.242243553302 -0.0524279162852 -0.208117798516
-0.10520187556 -0.098945827167 0.109653140694
-0.0671965250333 -0.0898412091304 -0.0536906372133
0.00600209073519 0.0399922876239 0.00967877707341
-0.111681677731 0.0207287829495 0.0887573481444
-0.0722300389182 -0.0559203624342 -0.0611049323934
-0.046815323787 -0.0355349576674 -0.0573429198853
-0.0753457602796 -0.122881591028 -0.102139768688
-0.137522712809 -0.13241081364 -0.0327297642899
-0.0430931685685 -0.0534833343428 -0.0346820300457
-0.097478475061 -0.0406496574564 0.0121149793383
-0.0377347323073 -0.0877438487264 -0.0923344541603
-0.00455718115369 -0.0721664246909 -0.115228127728
-0.0714528695926 -0.100410151026 -0.0868216795963
-0.196832549012 -0.125582833552 0.0123389262588
0.00110378144449 -0.0162544152915 -0.0104680355522
-0.0284879731493 -0.152013863421 -0.116604617874
-0.053757457331 0.0786116413779 0.10860301679
0.0367042508299 0.00123199177851 -0.0316261085214
0.046107587615 0.029879312321 -0.0282674279126
0.089108907537 0.06396824682 0.00481408050985
0.101525146671 0.0382124840763 -0.0257746198692
0.0750161365429 0.0590373199707 -0.00336573893197
0.0168508642517 -0.00902999148868 -0.0682604566103
-0.0746352011911 -0.0645146894756 -0.0881115192608
0.0984505617238 0.0451525361975 -0.0116914909546
0.131186356744 0.00052111890029 -0.0469875031001
0.125112877988 -0.0873808390458 -0.192224512914
0.236310467894 -0.0711729204365 -0.175124935999
0.100197118486 -0.00371287898661 -0.156797490325
-0.0549809401896 0.0661532686111 0.0465983270668
-0.0165726260221 0.0458200672846 0.0479278786144
0.0186019010683 0.0379394754074 0.0267363349189
0.0673303130403 0.0171955449294 -0.00119928563043
0.127999815357 -0.0299538276152 -0.039205002403
-0.00176172442953 0.0242219885009 0.0430018594485
0.0199764642055 -0.0349130380021 0.00980812351289
0.00803809208841 -0.0558998901902 -0.0171076717035
0.0250121112345 -0.0426810899568 -0.00838044605616
0.0428819077161 -0.0476000632522 -0.0341555104858
0.0857635463766 -0.0614782096128 -0.0615245202145
0.146604992076 -0.0992524998516 -0.0983678027065
0.0155942982832 -0.0662243063535 -0.0663201631035
0.0344225926621 -0.00800702149411 0.0116019564895
0.069023494287 -0.0647018591269 -0.0754269227204
0.00795349679953 -0.04324083892 -0.0633884009692
-0.0332501536923 -0.0246064077009 -0.0371877747077
-0.0665703328799 -0.00113390977456 -0.00065959615797
-0.0503903251644 -0.0035963306429 0.0110242912013
-0.0863857409449 0.0252113529439 0.0237373132718
-0.0878719569091 0.0532011264406 0.0413145839393
-0.0579031613166 0.0355863972241 0.0253424223675
-0.116841386189 0.0561722017855 0.0631102775416
-0.00127329541229 0.038678501438 0.0208818977977
-0.0313721400606 0.0322314646016 0.0124147014828
-0.0690858528929 0.0457943796571 0.0265753210174
-0.000386089218137 0.018782190214 -0.00328137036013
0.0367614187327 0.01056021394 -0.0196127788326
0.0647698860911 0.024586540384 -0.0154067173969
0.0671860850946 0.0169677150189 -0.0242090843913
0.171968423513 -0.0473185523797 -0.0527608341699
0.140675016324 -0.0106272900563 -0.0271476452532
0.161089296574 -0.0298388653896 -0.0150231167647
0.0346501326063 0.0345285897827 0.012507170688
0.0349240666372 0.0399764655743 0.00933403289628
0.0461583174823 0.0211027762689 0.0016963378502
0.0572415032701 -0.0828273806644 -0.0724052930746
0.0484737940493 0.0367234182106 0.00382628448275
0.175029058139 0.0186376973501 -0.0262109981918
0.0896867822378 0.0411610015395 0.013124486901
0.0192314530295 0.063475054964 0.00336315368436
0.008504051952 0.0451169663285 0.0138097020436
-0.0025498982821 0.0318240387903 0.018167280453
0.00962023037129 0.040098521291 0.0072404012615
0.0061609895312 0.0267564243396 0.0124875551781
0.010575663468 0.0081376228572 -0.00642520699858
0.0312389402097 0.0315085480927 -0.0180949472709
-0.00239822670319 0.0293690784578 0.0201254149578
-0.00607924848692 0.0304173607086 0.021388063762
0.00950797321072 -0.00409126699143 0.00357965289806
0.00931004256365 -0.0117295028217 0.0113816731339
0.0107259507143 -0.0127604502088 0.00818760326246
0.0257066924738 0.0228267327748 0.0118360704053
0.00853690121864 -0.000836597936492 0.0248931205394
-0.00759943726382 -0.0415368924351 -0.00165296552792
0.0439274310142 0.0348606975237 -0.027657710892
-0.00193967714542 0.0151520653699 0.015664097099
0.00294415091769 -0.0984517831171 -0.0718873283544
0.00131660524375 0.00376786323915 0.0185529695039
-0.0323029907873 0.027497893748 0.0490024830432
-0.00242348666177 0.0113249517838 0.0249132517216
-0.00600909909396 0.024376349828 0.032185839667
-0.0326425411852 0.0334461745523 0.045024048925
-0.0669513865389 0.0344294211679 0.0593724434377
-0.074285639768 0.0403474290942 0.0539095565399
0.00161346169053 0.0637726356174 -0.0837700006211
0.0228927669302 -0.193041516241 -0.150286481017
0.0490415469991 -0.160428580764 -0.1285432031
0.0218218575802 -0.119405868919 -0.0837065395882
-0.0372704784825 -0.0694509920301 -0.0306796070796
0.0322937322139 -0.126865306059 -0.105048331163
-0.0279179272589 -0.110652511425 -0.0650277800588
0.111662515664 -0.0305015530861 -0.0566155573168
-0.00756546515237 -0.038761410608 -0.0246119017712
-0.138881451066 -0.0940318031665 -0.0707463383621
-0.0958079714457 -0.0840062027128 -0.0935149665311
-0.0616292376198 -0.0674731544114 -0.0930762933979
-0.0184995733542 0.0177030408737 -0.0563885244156
-0.0407311188572 0.0136797704445 -0.0402461823585
0.0166332956087 0.00830935276465 -0.0246878118299
-0.00207706893278 0.0313201070393 -0.0177474137131
-0.00621584819048 0.0414425061301 -0.0138601299524
0.00563673576298 -0.00995866887331 -0.0819649692246
0.0153413873335 0.0596869288486 0.00322397212722
0.0224357085669 0.0618334612893 0.0129720359021
-0.00123997405905 0.0641460330081 0.0331180681529
0.0041873164036 0.0297686491371 -0.0207045006369
-0.0126841729964 0.0290106729893 0.00198614045325
-0.00192388359229 0.045233112518 0.0154336661244
0.020615326469 0.0181492257449 -0.0170778977306
0.101729168982 -0.0425529179372 -0.101680100897
0.140048966433 -0.0384213434855 -0.105037783111
0.123346217649 -0.0520969808302 -0.103284562061
-0.0961416255235 -0.124345590449 -0.090907690619
0.0771169360179 0.0935213551993 -0.00697358074297
-0.0755650633466 -0.0180023094917 0.00122088778196
0.113326194302 -0.000392435231359 -0.0620713159778
-0.0187054767422 -0.0225754184476 0.0189920000062
0.0250445085771 0.0358390747868 0.0262565498979
0.0242168758567 0.0320337673461 0.0307492038211
0.0431092629671 -0.00385041153591 -0.00710430572262
-0.0112586927219 0.0137253330158 0.0179636913828
0.0134689569683 -0.0530829240845 -0.0275195483875
0.0327816740732 -0.0441657357247 -0.0142978455381
0.0472845179283 -0.0281508629859 -0.0171666749692
0.0428376721859 -0.0312859786341 -0.00550733539186
0.0518505510214 -0.010189970565 -0.0070366079693
0.0211966776227 0.019273667699 0.0181454973428
0.0557370909612 0.0732216284045 -0.0486922724271
0.0662035271622 0.0925060540652 -0.0282971338567
0.0448236356662 0.153500570605 -0.0649513876035
-0.106230429101 0.0276245416 0.0526000530955
0.0186066662294 0.00745572838352 0.0119067371628
-0.024743098288 -0.0228747698381 0.00350025493329
-0.0556114846947 -0.00139601584779 0.0259253741805
-0.0822037468563 0.047808751136 0.0672170718649
-0.0797504423183 0.0563308944298 0.0638142393593
-0.0444485453657 0.0574185240122 0.0479562274305
0.00593770907368 0.0711473061252 0.0377836963132
-0.0633053958219 0.052731089017 0.0464814798068
-0.0864696861902 0.0377322673836 0.0313834778041
-0.04783833127 0.0254437700604 0.0256182911585
-0.0452545561087 -0.0423572012068 -0.0203709987074
-0.0566725254145 -0.0207453725553 0.00386745776176
-0.0575656328938 -0.134798356564 -0.0724955624974
-0.0883475659425 0.0595830584264 0.0787412019509
-0.0382801397119 -0.0412958416185 -0.0278584707502
-0.0385661172044 -0.0239503383819 -0.0288104922217
-0.0387608385484 -0.053611677862 -0.0400954079701
0.282089174391 -0.0129811807346 0.00559072120142
0.138288769251 -0.0207257334137 0.144560383829
0.0282134734384 -0.0281039653223 0.221512028413
-0.00509694658934 -0.0582582663983 0.263858926909
0.00547940006655 0.034358662026 0.0137755509249
0.0167947216105 0.0383668202439 0.0155455752427
-0.00345213910575 0.000691984610315 -0.0420045389933
-0.00744106515148 -0.019440304402 -0.0313158309598
-0.0360113343392 -0.0711782761476 -0.0422077563658
-0.00832417262835 -0.034700489636 -0.0506732439586
1.80491255385e-05 -0.0757789550198 -0.0903542719952
-0.030960298486 0.00760846060189 0.0309830513587
0.00167505038896 0.0160098570495 -0.00942543905887
-0.0121357452649 0.000520137472679 0.0199203570085
0.167958357928 -0.0898123625422 -0.0824594329503
-0.0340515348737 -0.110211873895 -0.0768718939299
-0.0408206995891 -0.0812552313911 -0.0570461848038
0.0100902296111 0.0602764063885 0.0222162899366
0.0533347568872 -0.0017779879662 -0.0918022894687
0.0183982402204 -0.0145716249257 -0.0200611438623
0.0411063826595 0.0107386267575 -0.0159084137388
-0.0432829895051 0.014173260604 0.0195145585677
-0.0231247703548 0.00865531379802 0.0200716316051
0.00310479316092 0.0138947024279 0.0146199730503
0.00574367089529 0.025278873117 0.0235195683983
0.0272482408768 0.0291524349482 0.0230396048039
0.0288595274756 0.0186060708884 0.0178413299707
0.0130494765681 0.0367354502723 0.0210027567704
0.0179325480866 0.023013679458 0.0190478238208
0.00698091839837 -0.000801127946786 0.00575692510776
0.00022798173842 0.0250769714902 0.0242869447248
-0.0119536260927 0.0143515345828 0.0102997402392
-0.135470915226 0.035846558745 0.124042754464
0.0682635677123 -0.0446747824676 -0.0717421038607
0.0780629029071 -0.0743873344587 -0.0979294527066
-0.00710384298574 0.0153200992725 0.0218014831254
-0.0422483920429 -0.0216768260731 -0.0304945665939
-0.00503708856868 0.00842726981749 -0.00974743275392
-0.0649395928666 -0.0087762257807 0.0757112447683
-0.0492856080144 -0.0548348667741 -0.0736997390752
-3.20657391816e-05 -0.0605357937379 -0.0785004287929
0.0786996938398 0.0609696856915 -0.0177461741059
0.164378841293 -0.0596268912298 -0.0445239774915
0.138078570239 -0.0591465370205 -0.0612851088855
-0.0230690217177 -0.00770942881836 -0.0223887482622
0.0236930496129 -0.0249244007289 -0.0370848811107
-0.014120369176 0.0195723638284 -0.0415390149238
0.0255270729671 0.0279594629273 -0.0483792743808
-0.0637920608989 0.0370991256085 -0.000926215803571
-0.0608044597168 0.0460571788654 0.0159275839037
0.0584023456908 0.000353262307197 -0.0812904769056
0.0827864900362 0.0434406747761 -0.00831863465982
0.0142511514057 0.0558096132749 0.0138389897235
-0.0284489784128 0.0156988213363 0.033329606081
-0.024827418723 -0.0126321576901 0.0358473377805
0.0580519225193 -0.129489133017 -0.105311788791
-0.0258214080965 0.0312592402654 0.0120282285642
-0.047265503726 0.00954857435434 0.0356885043867
0.124639872838 -0.0144746303957 0.0146627844049
0.0577183700453 0.00699323735138 0.0270739499727
-0.00357300976245 0.0474737526649 -0.00435332931011
0.0323153632532 0.101315919029 -0.0908444997881
0.0143623982093 -0.0786088154937 -0.0679716841688
0.0564351321701 -0.0149148134327 -0.079958415938
-0.115049949252 0.0505324668473 0.0800902551325
-0.105999312603 0.0299151205259 0.0369036664428
0.00664483835376 0.0241853695755 0.0262551706375
-0.0565594745326 0.0330683713977 0.0671418465379
0.0194185484879 -0.0295382080666 -0.0265968146057
0.0119556317844 -0.0198951829457 0.000356615254306
0.0553626674152 -0.0253842608849 0.00177905822053
0.130972075144 -0.00624720133699 0.0121716265342
0.060626180412 -0.0116552329987 -0.0230281887637
0.0553367310968 -0.00169230622474 -0.018841747716
-0.0105828776372 -0.00828000100039 -0.000983233050847
0.123492395158 0.0581205049715 -0.00220124522776
-0.0289918842034 0.0497683809299 0.0273945093299
0.0442105919043 -0.015176844672 -0.0267830010496
0.0197083392929 -0.0687029871526 -0.0550252672079
0.0378298186301 -0.0669193502596 -0.0721109794419
0.0261757756592 -0.110579307651 -0.0801026355486
0.0464774123692 0.0282998454255 -0.0020217303657
-0.0392870709948 -0.0881251117539 -0.0454700151067
0.0970323137018 0.00305809752891 -0.026755117558
0.0566773027139 0.150291187909 -0.0617661297531
-0.0815565484733 -0.073238432953 -0.0830411610348
0.0545905416873 0.0606505956584 0.00819411955479
0.0671934377199 0.0225957398168 -0.0315296978088
0.0289148805228 0.0232610019041 0.0567308085853
-0.01452847783 0.0198049254948 0.0641847457216
-0.0171343144623 0.0266580784066 0.0159614890181
-0.00837485336221 0.0241671696368 0.00791627143264
-0.0330014859565 0.0267330572313 0.0306731375726
-0.0685530323706 -0.0373800540615 0.246920137485
0.0426775596901 0.00275269925161 0.0455917987246
-0.0322100327032 -0.0362506508504 -0.0405656183365
0.0392571717235 0.0245178445238 0.0709740362753
-0.00315800358184 0.00392644440016 0.00761927544397
0.0790309154036 0.0305265489224 -0.0212578545566
-0.0279804416314 -0.028009649165 -0.0234805957349
0.0385446014063 0.0390984440215 -0.00502346216229
-0.0219537885891 -0.153534084451 -0.0993478544755
-0.0727864412035 -0.0184653932718 0.0637511512484
0.101844458761 0.141189405913 -0.0146651511974
-0.0348036461244 -0.00683537830501 0.00985295327686
0.0320091435569 -0.052875672492 -0.147859009909
-0.0698186579872 -0.0534640024581 -0.0254481739374
0.00650537680936 -0.00969824428596 -0.0103680481879
-0.0300483158799 0.00846575796136 0.0365989776322
-0.00586379208472 -0.014494901136 -0.0880939260548
-0.184484804144 -0.0248971011529 0.212572082046
0.0885674264007 0.0233335240141 -0.0489868295127
-0.0263451399853 0.0482872921594 0.0118971592791
0.000788107934453 -0.0279090933615 -0.0641716514449
0.163910345993 -0.0196218001556 0.102295123084
-0.0404334552071 -0.0495455953573 -0.0351235522973
0.0559706576936 -0.0275349585779 -0.0321594889341
0.0283312159062 0.0445317460093 0.011638330123
