0.074863846123 0.0277504014024 -0.0614709327614
-0.0173840108342 0.0486679211862 -0.0271561140581
-0.0567318419532 -0.0874764134824 -0.109448278606
0.00317166091647 -0.01274467033 -0.0106182628924
0.0570004105217 -0.062492361694 0.00938584213708
0.00497129356766 -0.0208130516266 0.012226906334
-0.016721873897 0.0357658465456 0.0259100808233
-0.0139449642029 0.0437373591793 -0.00747188315086
0.0525848791161 0.0171575635392 -0.0062699432015
-0.0309702034343 0.00112696404943 -0.0376979916355
-0.010795256355 -0.013707002588 0.0166824197716
-0.00865307511694 -0.00177105687576 -0.0200380224646
0.0237008420103 -0.0137533308335 -0.00839367313577
0.0331354117196 0.0160681448882 -0.0532584615061
0.0190214059872 -0.00636074036962 -0.00749467859766
-0.0421285618367 0.00610873673441 0.00442789164043
0.00515886203464 -0.0115546381234 -0.0214566672186
-0.0340912084397 -0.00754364713182 -0.00103789423185
-0.0299443029741 -0.00797379241343 0.0216460282237
0.00197570032259 -0.00814389894859 -0.0213375017675
0.030518323151 -0.0315904638195 -0.0398371654503
0.0138992589546 -0.0185050304421 -0.0156446641255
0.0345925826504 0.0260900942427 0.00667284471645
-0.0138493881663 -0.0228358536677 -0.0140627559273
0.0080571362276 -0.0114177662708 -0.0160118591761
-0.0194243150323 0.00282621853959 -0.0241296173172
0.0379243834805 -0.0397599848924 -0.0261321052924
-0.0223446266222 0.000821788072387 -0.0177485378745
0.0680185774702 -0.0849272044715 -0.0157102256301
-0.00333583220195 -0.00488349407394 -0.0215014327863
-0.0169381080791 0.00302904225447 -0.0204129296699
-0.0384404079665 0.0150356553882 -0.00658923430569
0.00950224465532 -0.0143980923631 -0.0195552777828
0.0259047041638 -0.0263564696443 -0.0220771075605
0.0437543697589 -0.0417486782208 -0.00212616289702
0.00103687689002 -0.00856858408763 -0.0176497126473
-0.0156528145114 0.00139968644562 -0.0212285758391
0.010120300104 -0.0133568730995 -0.0289214645212
-0.00898500419592 -0.000111838005089 -0.0221788844389
-0.0342502589063 0.0035853105245 0.0249538423772
-0.0272790154807 -0.00888135767213 0.0191908347197
-0.0139426218077 -0.018094326614 0.0136709609878
0.0176045875374 0.00242176456719 0.00674783511875
0.0203008173419 -0.025456189477 0.00230881946041
-0.0123535311249 -0.0117733140075 0.0106973093249
-0.00555624181605 -0.00439603056186 -0.0152264465535
0.0388014909444 -0.0072581483856 -0.00306864790386
-0.0359055543279 0.0102677026223 -0.0194532903111
0.00262366947011 -0.0108301329779 -0.0220857569073
-0.00858557145737 -0.00207821572248 -0.0186239553187
-0.0110267424867 -0.0070916308439 -0.0049731654071
-0.025751798503 -0.00389379819094 0.00881814321122
-0.0154015306471 0.00110375587967 0.00278814541064
-0.0371719759823 0.0246639427268 0.014880925868
-0.0901001510216 0.0450277527698 0.0605241520104
0.0745325936805 -0.0918442781662 -0.0120513856814
-0.0794736933282 0.0385993032722 0.0349726044161
0.00855170344961 -0.0441703830171 0.00921400996336
-0.0304113087984 0.0106122991881 0.00305403910868
0.037886873577 -0.0420499545232 0.00923094096577
-0.00136666808907 0.00123184831027 -0.0288774201417
0.00634432381309 0.00738846178543 -0.0340459184858
-0.0332224230992 0.0276858908382 -0.00480820547509
0.0148619144352 -0.018893943028 -0.0220625421995
0.0200767498273 -0.0239541182323 -0.0263153481037
0.0292130525816 -0.0298068182103 -0.0333494842391
0.0489382166217 -0.0527496162622 -0.0332857622426
0.0640911061778 -0.0672998565848 -0.0416598262969
0.0631956919472 -0.0611705907324 -0.0159237767691
0.0805152216299 -0.0886043150113 -0.0286368271805
-0.0196516676572 -0.000750037467653 -0.0155065387358
-0.0214731207465 0.00141883959239 -0.0396236322747
-0.00200709726799 -0.0133596828055 -0.0307191279974
-0.0238499609212 -0.0394801443049 -0.0143329409545
-0.012389717316 0.00136285523898 -0.0207134911176
-0.0297348599694 0.012714143671 -0.0168600573717
-0.0278083086294 -0.00365907415503 0.00254723884743
-0.00138060484988 0.00423253758173 -0.00516916376336
0.00348447338913 0.00337185870387 0.000282648563774
-0.00413811426925 0.00860423724162 0.0138409937908
-0.0298412880117 0.00623524665164 0.0281109481132
-0.0148676866812 0.0445397634561 -0.00163759483497
-0.0160640703091 -0.000514146186519 -0.0354831678063
0.0256548424105 0.0805496979893 -0.0191369833646
0.030711954056 -0.0311058292443 -0.0102579323292
-0.0209980053596 -0.00972838067171 0.00662237204933
0.0140538178123 -0.0277874340458 0.0139906655638
0.000369851685961 -0.0212841504199 0.0111981580379
-0.0399944178387 0.003008052142 0.00928144767672
-0.0503538770047 0.0715456917217 0.0426632809041
0.0636296998358 -0.000760201724432 -0.0171486664538
0.0466066571475 0.0254202738328 0.0252885737318
0.00302304453443 -0.00542411819569 -0.00696186570361
-0.0306565197345 0.00773587872395 0.00328775166199
0.00432840014084 -0.004515004058 -0.0151664955685
0.041870085534 -0.0115000285803 -0.0228660031876
0.0218309211556 -0.00107908322854 -0.00651483429649
-0.0503068161416 -0.00208146374378 0.00486111629903
0.115652646815 -0.0011063038604 -0.000391605010593
-0.0366261719123 -0.000714356901847 -0.0172314892435
-0.0150429878805 -0.0133010539607 -0.0213988049642
0.00731468980395 -0.0205731867492 -0.0058355262869
-0.0135368664228 -0.0180145018682 -0.000496720896087
-0.0287305997499 0.00176462800796 0.00589793860492
-0.0200891921837 0.00612852962577 -0.00597516301923
-0.045542145175 0.00958403215308 0.00750076412053
-0.0093022938582 -0.00966907870388 -0.0172559308954
0.00643309467009 -0.00574483961408 -0.0107808467179
0.0731434620457 -0.0558279034683 -0.0312204473585
-0.0032391715694 0.004273914919 0.00449366160897
0.0114979645445 -0.00236382607807 -0.00214628588294
0.0314615837639 -0.00523336696469 -0.000376135642135
0.0266858232068 -0.000210166851521 -0.00860449233582
-0.00817467564099 0.00817215923332 0.0119797490632
-0.020951156947 0.00257640893937 0.0138592641466
-0.0528117871363 0.00982211834279 0.0181220239346
-0.0062265517056 0.0171910375378 0.0326791229592
0.0248870727628 -0.0306118631777 -0.0287981671955
-0.0406411879417 0.0433685594937 0.0210286608426
0.0338836946225 -0.0105327307816 -0.00841144798482
-0.0196638730481 -0.00506239728417 0.00626706800142
0.00270896036812 0.00724544089877 0.0062749614102
0.00662867685832 0.00618017130271 0.00978171860788
0.00834324953551 0.00595511763542 -0.00126415684004
0.0171349742797 -0.00303337758088 -0.0144699837558
0.0219786691523 -0.00673313915447 -0.0129773140728
-0.0132085019692 -0.0127610478961 -0.0043536312072
-0.0258599532847 -0.0195418638134 -0.00730088467837
0.0404298435734 -0.0165506643387 -0.026800649398
0.0462491214705 -0.00603209893832 -0.0125382411812
0.025394252125 0.000310308779463 -0.00545660553237
0.00105954528568 0.00367538306797 0.00298574627246
0.00278845531579 0.0180143831112 0.00958254739018
-0.0592040597309 -0.00478856834091 0.0184959957783
0.0149341702094 0.00671763375835 0.0281830314642
-0.0345541268786 0.00248165053347 0.0392886744121
0.0346022146558 -0.00974228059259 -0.0438254847369
0.0321180281599 0.00211957847781 -0.0116011151434
-0.0252053896467 0.00874398087523 0.0150368724138
-0.0471343397237 -0.0560699857081 -0.0548842381915
0.026633199696 -0.0196901386446 -0.0354615973764
0.00382223136021 0.0186096252259 0.0139287818591
-0.0242550779775 0.0538260211274 0.0373503897266
0.000766898881895 -0.00499619935909 -0.0187328054144
-0.0261842306773 -0.00268333613058 0.00840085900348
-0.0171312971497 0.00375058796439 -0.0025510634275
-0.0680856668092 0.0164503840502 0.021193610234
-0.0378499944876 -0.0318592116562 0.00529134727038
-0.0298786120979 -0.0154373209279 0.00569859776532
0.0374211158797 0.017146569115 0.0151785575009
0.0477864217982 0.00720722556892 -0.00895227041057
0.102717711924 -0.00477843990186 -0.0424494117245
0.0104634532194 0.0123295208346 0.025698443115
-0.015928067035 -0.00732992549869 0.00972893206731
0.0735048461919 -0.0506119713567 -0.0390533954602
0.0542265621781 0.0429916321867 -0.0579721137391
0.0368536102923 0.0837429147224 -0.0447315437913
0.0836592227868 -0.0621064560346 -0.0305065416773
0.0687754424032 -0.0833871572693 -0.00652309530714
0.0740526989764 -0.000539462244016 -0.0505240265381
0.0121676485063 -0.000168460948111 -0.0339958873619
0.0334365914519 0.0505504462275 -0.0493405634467
-0.0428832628277 0.00743408811793 -0.00921404580725
0.0564132525004 -0.0756759872119 0.00527813702983
-0.0303864364853 -0.00845513503876 -0.000808451647531
0.00264184736555 0.0824585059605 -0.0323849854363
-0.0364557453669 0.0508049149744 -0.00635551027963
-0.0489182108866 0.0276480879674 -0.00192335530041
-0.0471626504887 0.00582564729238 0.00276211765619
-0.00433540275913 -0.00254886057871 -0.00612108288806
-0.0342449327173 -0.00246705431486 0.00437366478756
-0.0218588706799 -0.0111351023885 0.00448465214857
-0.00373524972044 -0.0111457770731 0.00567096658692
-0.000324275531146 -0.00994411703804 -0.0112969991197
0.0135886041609 -0.0119627946334 -0.0285514427235
0.0168861743492 -0.0117487523531 -0.0150530510391
-0.0200399776087 0.032959790045 0.047524363613
-0.0915406211304 0.0693105122909 0.0660995142716
-0.0198877800575 0.00908713671527 0.0214765803381
0.066480966774 -0.00393004382021 0.000754953263187
0.0963087317022 0.00983191490343 0.0220927019165
0.137216539586 -0.00832152355994 -0.0105385208569
0.0470731866496 -0.0408183495948 -0.0544264361602
-0.0344515111572 0.0144347029831 0.0250210295373
-0.0549840148403 0.0188124934073 0.0344270028429
0.0373722478377 -0.00507717869989 0.00193577669541
-0.00737913262982 -0.0525108491901 -0.0754675050769
0.0173053752747 -0.0107808205202 -0.0177109298186
0.0356653614843 0.00553486350727 -0.00466294699325
-0.0305538471768 0.0727752765581 0.0497807967505
0.0114887288455 -0.0557981524354 -0.0128980778044
-0.0351963740815 0.0159776289345 -0.00144664445561
-0.105339504364 0.0142583556984 0.0337241059672
-0.0349370008749 0.0167243273124 0.00821222398212
-0.0304292910475 0.0244891199233 0.0206391878218
-0.0386309797975 0.0041559659492 0.016306983946
-0.0115798911361 0.0465816520879 0.0155791096167
0.0162933781366 0.0810281195941 -0.0136634147206
0.0379606207882 0.0814078112312 -0.0348881577715
0.00645367873831 0.0613009777744 0.0057192466492
-0.00441218119704 0.0622023914012 0.0142404435502
-0.0321018370844 0.0360160606477 0.0286318700918
-0.0280128553866 -0.0110947241512 0.0168640482114
0.00971171900014 -0.0130074432736 -0.0181419284867
-0.040076475945 0.01099174338 -0.00380421546813
-0.0209829963978 -0.0309829793872 -0.0220658411533
0.0034511090901 -0.0242298190485 -0.0212916100886
0.0428694360093 -0.0165158447511 -0.0253371861997
-0.0276811863598 0.0135591120202 0.00687660201913
0.046174844139 -0.0184027675664 -0.0114062904455
-0.0199905379014 0.0116481113547 0.0365899142096
0.00750079691898 -0.00663292463001 -0.00969280499428
-0.0846044878922 0.00563746818129 0.0324379496525
-0.037467418543 0.0313955793424 0.0507245223276
-0.0954628889784 0.048794506494 0.0524100849748
-0.0869341125329 0.0321123495329 0.0500863311841
0.0230456855879 -0.0012234140565 -0.0468041851615
-0.00790476435491 0.0140244148104 0.00603064911529
0.0247302552573 0.0129107471757 -0.017668002911
-0.0696328905307 0.0476174711744 0.0343301261764
0.00171626404835 0.0164797986668 -0.00303539485737
0.0149698962498 0.00174923036022 -0.00806747743926
0.039140474497 -0.00836740773834 -0.00984001063753
0.000894637494941 -0.000504645130375 0.00123110029426
0.0885661078869 -0.0985794896399 -0.00427336991586
-0.0750220023415 0.0607643634714 0.0375240189845
-0.0627763713952 0.042677442898 0.0243912382376
-0.0208670911073 0.0391868153036 0.0119298613966
0.00257030397302 0.0565296642445 0.0301708943514
-0.0683326563268 0.0721472357265 0.0531417832586
-0.0490942732597 0.038465128277 0.037418239437
-0.00656055396661 0.00347294201528 0.0151630904195
0.0677279193444 -0.00811063547491 0.00180647970728
0.137857027677 -0.0113853015279 -0.0116195813729
-0.0577627506985 0.00900076049373 0.0206133278598
-0.0489390385186 -0.0275277634136 0.00430100221548
-0.0330441732587 -0.037370883759 -0.00571187085539
-0.0700790470226 0.0018151753542 0.0218540959293
-0.0600785611271 -0.00363120391264 0.0165040216616
-0.0189482212027 -0.0391460826492 0.00269208791537
0.00224423302541 0.0808846964265 -0.00844213325107
0.0276382562047 0.0694334062783 -0.0414748680331
-0.0342742683336 -0.0238754569104 -0.00723549122433
-0.0284811182019 -0.0134429885889 -0.0162757959626
-0.000186953776508 -0.035152590864 -0.02211749914
0.0382244018559 0.00684655852487 -0.0129800892578
0.0920765138354 -0.00383607583184 -0.0371140388147
-0.0824148110899 -0.0595677375305 -0.0641522081535
-0.0921394505612 -0.0613625430027 -0.0426501586317
-0.0321536256299 -0.0407210622994 -0.00547543656398
-0.0253280809284 0.0559169822036 0.0414823523667
0.0196225549832 0.0378150085631 0.0202146938692
-0.0262676173817 0.047661929569 0.0271503686647
-0.0361248546392 0.0709225602421 0.0488616621734
-0.0406445539901 0.0817151182975 0.053654529561
-0.0239334168667 0.0723919821596 0.0474839949367
0.0836090468953 0.00803717063751 -0.00190961496421
0.124264313878 -0.0176007672557 -0.0254284554465
0.0764937745139 -0.035945075478 -0.0521681642872
-0.00133692158579 0.00283097459229 -0.0183208459495
-0.0361612001481 -0.0329461868889 -0.0563982905108
-0.0602102227057 -0.0223986119367 -0.032707223404
-0.0446351592562 0.021969976656 0.0124947130855
-0.0188564076701 0.0290259408155 0.0237206499066
0.00845626748524 0.0476182763537 0.0315544728869
0.0331649700358 -0.0219355250021 -0.0420302219473
-0.028946986541 0.0395993464577 0.0229142214338
0.00276404522892 0.0156732209983 -0.00145066231356
0.0668946976939 -0.0319617613975 -0.0523765300646
0.0402637970973 -0.00738970789214 -0.0187136129001
0.0211997238521 -0.00555604535685 -0.00999104892401
-0.0183527012472 -0.00446340454181 0.0095125225755
-0.00436232558778 -0.00733640300081 -0.00028095461296
-0.0469770838953 -0.00471747712941 0.0170316916998
-0.105970023157 0.00424174380504 0.0262821837052
-0.0746966961614 0.00530074969326 0.00539337133987
0.0503301875179 -0.00289341854859 -0.00218430900625
0.0159712261688 -0.0106443051472 -0.0606583035251
0.0416153445039 -0.00679097712821 -0.0671080761189
0.0130705396429 -0.00758160406781 -0.00604912671438
0.0252434133848 -0.00604678496769 0.00455980390663
0.00381669442093 0.0149004898672 0.0272099632011
0.0387712849256 -0.00229308061093 0.00736219121419
0.0100615473034 -0.0298735793787 -0.0302300809873
-0.0380124117057 0.00661913919465 0.0284144054846
0.019053193566 0.00216828737532 -0.00504769037548
-0.0622332112446 -0.00108983831117 0.0219019672045
-0.00129667887411 0.0199174954804 0.000362261157238
0.0132884023832 0.0116261311899 -0.0072111746588
-0.0839905668185 0.0196246711463 0.0435765841209
-0.112011914729 0.0124568004342 0.0372050288547
-0.0590497447224 0.0262032499154 0.0496909319301
-0.0313496543868 0.025589358785 0.0511157728339
-0.0249447767897 0.028578512504 0.0506031487048
-0.00678034101891 0.019642862834 0.0269370396492
-0.000689865595197 0.0179584799592 0.0307330347455
-0.061494312779 0.0352029470194 0.0529737302635
-0.032205760045 0.0259672335992 0.0251671791259
-0.0658258495368 0.0332399630634 0.0388094739119
-0.0873655016058 0.0254275007892 0.0378378587297
-0.0321965133713 0.00931383124709 0.0213919396594
-0.0161441107531 0.0109074047251 -0.0169976594223
-0.0231655245109 0.00165982661508 0.0120396551504
0.0157077007476 -0.00333114850598 -0.00231329380571
0.0353504080866 -0.00766114367649 -0.0288681895682
0.0209385867546 0.00167386066196 0.0212882632448
0.0186505867844 0.000622780767496 -0.00474703372392
-0.00876603915446 -0.0151234847106 -0.0404772259145
-0.00984830594215 0.00617393025371 0.0249919347843
0.00226761589858 0.00126982588464 0.0197786323278
0.0280867637163 0.0107806327568 0.0250388037586
0.0210136485742 0.0222415885273 0.0380086666037
0.0190462082463 0.0143240368886 -0.00545970225256
0.0576007745854 -0.0194018072849 -0.0226118936173
0.0521953592186 -0.027078156382 -0.0285992678462
0.0323027911965 -0.0265370053207 -0.0289047225353
-0.0253149463487 -0.0647348995912 -0.0803489927662
0.0371033260158 -0.0123365827299 -0.0021527769964
0.0177660238637 -0.000629061661705 0.0173151891428
0.0336012095708 -0.021279424891 -0.0178906352883
0.0242389105518 -0.0179511546502 -0.0192736889494
0.0705119229517 -0.0147323130751 -0.0320253469522
0.0202424035316 -0.00343212198281 0.00674863791324
-0.0624422844757 0.00614738223661 0.0179426482313
-0.0148452898056 0.0117281147696 0.0113838305267
-0.0818657496739 0.00608285044023 0.0112079586776
-0.0435715420692 0.00501211650989 -0.017011131973
-0.0128799089597 0.000954918972705 -0.0343199301552
0.00153006723133 -1.77092607652e-05 -0.0399806892256
0.0229257800071 -0.00618714003337 -0.0441551541992
-0.112183446701 0.00760307074244 0.0249772945676
0.0204854500329 -0.00929309743902 -0.0608168287938
0.0531070686371 -0.00940809485153 -0.0687247364427
0.0400001665435 0.00671384677807 -0.0305450093297
0.0623559483294 -0.00707432776584 -0.0380600879754
-0.0960082619008 0.00861025156608 0.0240319951257
-0.0558671784548 0.00421688280028 0.00874028036854
-0.012904362699 0.000917202235112 -0.0120287608603
0.0298445937558 -0.00328356791509 -0.00895288293524
0.0198333221649 -0.00330359111596 0.0184096405311
-0.0637298419601 0.00717087478767 0.0233747846568
-0.0224433862132 0.00304215072701 0.0215028053652
0.00338567923426 -6.35312397462e-05 0.0162592483772
0.000229051532892 0.00496241545611 0.00715601543045
0.0165646601865 -0.000646756174275 -0.0151132953886
0.000834013990818 -0.00364799256079 -0.0282424455899
-0.0857262044179 0.0439364720975 -0.0414852410606
0.00884549231308 0.00350801891408 -0.0150065886195
0.0182362665367 -0.0291342202906 -0.0358228536468
0.0192836146421 -0.0190042326899 -0.0250641274362
-0.0434979265956 0.00375207942387 -0.0240315957629
-0.021382096368 -0.0403101475041 -0.0203273874624
0.0269727123 -0.00489369630974 0.014387614082
0.0109866061045 0.000248635163205 0.00382910707898
-0.0057921991588 0.0211255576925 0.00484491760003
-0.0678235859079 0.0506180887392 -0.0343864589443
0.0327669211191 0.00516923739479 0.0158765613616
-0.126570596811 0.0132905200234 0.0364034939652
-0.110361751653 0.0221448074469 0.0436269621332
0.0192075643501 -0.00932735594924 -0.0576655739863
0.0263913430438 -0.00946558759664 -0.053595049499
0.0514604897623 -0.00863080695732 -0.0411179557899
0.0735097734857 -0.00724979566097 -0.0279545927675
0.0250497201434 0.00314754069513 -0.0334135513201
0.0170757660009 -0.0112133050392 -0.0563999898567
0.0290192054678 -0.0127707189841 -0.0572806378771
0.0473162004584 -0.0125326418411 -0.0586569329448
0.0369703914817 -0.00598136986686 -0.0423358145636
0.0558923123338 -0.0094640744953 -0.0471799811971
0.0928995954758 -0.00711872843148 -0.0485958821566
0.0329089666308 -0.00103334073405 -0.0144132920943
0.0146076500271 0.00930296654105 0.0190617858755
-0.0123354686774 0.0137233352132 0.0496351638747
0.00561416674796 0.0133718846417 0.0281147080446
0.00159738713597 0.0154461303352 0.0233926928362
-0.00893514162842 0.0136393901814 0.0186905004912
0.030067499595 0.0168347115575 -0.000569305176757
-0.0527631741044 -0.00536867923289 0.0269566581128
-0.0704297788 -0.0347935637663 0.000505860289754
-0.0105946238244 0.00791415334158 0.00979201864269
-0.0335368171807 -0.0131769102725 0.0157403459197
0.0268181736071 0.000775043548109 -0.0179290206467
0.0543365845777 0.0136868159976 -0.00703110118019
0.0806852668839 0.00150757752398 -0.031952826739
0.0943867310021 0.00702016664047 -0.0325827693128
0.00467379898046 -0.0157890922334 -0.0148530055012
-0.012212578288 -0.0235153261086 -0.0192695226664
-0.00397278444204 -0.02569599813 -0.0197614477144
0.0855061446652 0.00711020322532 -0.0283279398759
0.00692072747114 -0.00209576777232 -0.0130911960312
0.0222495494213 -0.00738925864455 -0.0556143099157
-0.0053452844466 -0.0223545455849 -0.0133424813103
0.0488213835685 -0.00484779698596 -0.00892529811138
0.0472057377675 -0.00701519329401 -0.0131403079177
0.051418907935 0.000745563790574 -0.0258422797123
0.0373853948129 0.0010356948034 -0.0298324766845
0.00953114318278 -0.00500490987435 -0.0193102667531
-0.00269112178374 -0.0162528631485 -0.0284912474498
0.0202630493148 -0.019657177308 -0.0340471620144
-0.0336351934006 0.020240509937 -0.0211334596233
-0.0891357577937 0.0696311943701 -0.0426520183417
-0.0635639546187 0.0210165686783 -0.00946171892361
-0.00553699599899 -0.0399218631112 -0.0277413710416
-0.0305074200075 -0.0225033521059 -0.0217286574731
-0.0540615911989 0.000909450212968 -0.0195247354628
-0.0626318070452 0.010793441274 -0.0253646752069
-0.0419097005995 -0.0216285716241 -0.00696792432452
-0.0753923167058 0.0393873302396 -0.0263931540763
-0.109441429147 0.0871380325883 -0.0340433671144
-0.0316860903245 -0.0270788829884 -0.0205704822897
-0.00779723479501 -0.03210166963 -0.0346098057001
-0.0652472099789 0.0328392044424 -0.0296314775848
-0.0682333238775 0.0479328492854 -0.0354494118091
-0.0963657451594 0.0773040062762 -0.0486425304891
-0.100893626708 0.0702150039387 -0.0471779761079
-0.0576298498942 0.0298157808869 -0.0366598507806
-0.0371645576613 0.00779722909646 -0.0380318917887
-0.112904637742 0.095232386994 -0.049354399687
-0.0324849170757 -0.013706512433 -0.0350882031541
-0.0560132500407 0.0114603227931 -0.0370815248831
-0.0945443886196 0.0826915284646 -0.0359011811285
-0.0798615547824 0.0679296476114 -0.0113390854041
0.0854051076979 -0.011651684291 -0.0331846749814
0.00633241764632 -0.00386392242236 0.0111487133301
-0.0236435507035 0.0239347898813 0.0450171382936
-0.013353303135 0.0168673567666 0.0247423573937
0.0065272805343 -0.0110536133694 0.00109409652844
0.0056420156079 -0.0115797179528 -0.00202418286371
0.00256530142194 0.0107503804683 0.0087322746019
0.0192957760449 0.0016045066844 -0.0152947130783
-0.0176313701475 0.0185953082963 0.0379117660531
-0.0162623620019 0.0227026684077 0.0415022371125
0.0197510667308 -0.0261579960375 -0.023357684413
0.0128033889962 -0.0411621934859 -0.0296316283467
0.00765349850103 -0.0185449415638 -0.0176652090674
0.00647069260528 -0.0340783493512 -0.0305413992214
-0.030757805131 0.00575226367317 0.022556432284
0.00968458017523 0.0160186002184 -5.71562793276e-05
0.0241597914813 0.0126548037465 -0.025526693091
0.000620352102927 0.0177674351512 0.00670444830515
0.00886298532565 0.0125280000932 0.0114856616213
0.0170771049956 0.00883325675343 0.014227670136
0.037798955971 0.0038689445231 0.00218824823164
0.00190485034154 0.0113338690698 0.0158404461497
0.0464453119416 -0.00113026472136 -0.0109193073898
0.0662363022823 -0.00722728629359 -0.0357601372529
-0.0845650728121 0.0467396552732 -0.0167499015682
-0.0955604386574 0.0525833855479 -0.0338232262767
0.015952247475 -0.0110751741365 -0.0333018201976
0.0200575869719 0.00649058077894 0.0122593292562
0.041121855952 0.0195117079736 0.029380388539
0.00978132011223 0.0452288102421 0.0504068750525
-0.0323091403762 0.0551611158338 0.052541074946
0.00959181290114 0.0262669199578 0.0171194940495
0.0725479951121 0.00343717822241 0.0103091796671
0.117171079933 0.000209218990757 0.00567112402906
0.145168700493 -0.000929395525737 0.000184899904339
0.123606391174 0.00744250061261 0.0116304770531
0.0980410978571 0.00323387190437 0.00213745673305
0.0609526801778 -0.0066788653563 -0.0128113968699
0.0369960160976 -0.0356611241264 -0.0511701930788
0.098230847169 -0.0254448968072 -0.0337448182093
0.0718084351469 0.0249554362271 0.0314311838593
-0.00538390011342 -0.0670780044083 -0.087974551826
-0.00906456545341 -0.0672479173084 -0.0889194663766
-0.0559301621149 -0.0724986160559 -0.0912488253349
-0.085480266411 -0.0797799510516 -0.0856894073559
-0.078077283258 -0.0853414806513 -0.093334790246
-0.0860148943302 -0.0462137077005 -0.0319364311383
-0.0829954680854 -0.031974374559 -0.00555320073373
-0.0645492278189 -0.0093268614489 0.00796591066993
-0.0818470857712 -0.0369566463578 -0.00108234685241
-0.059500791362 0.0578364314962 0.0663169882659
-0.0973651360982 0.0629078194717 0.0721797207732
-0.0572862607525 0.0417680325987 0.0549918842761
-0.104996052188 0.0667652315527 0.0658892399176
-0.0851565771184 0.0641044380151 0.0501808548879
-0.0675016005047 0.0620015011911 0.0496887872088
-0.049829781141 0.0489374496469 0.0301909539396
0.0146913992486 0.00911413938837 -0.00631780188486
0.00604298740643 0.00690428617347 -0.00801831420094
0.0334681773521 -0.0151075407874 -0.0252445867412
0.00894143926642 -0.00906871508798 -0.00844019317082
2.74191602699e-05 -0.0055227818495 -0.00356589380503
-0.0187938018944 -0.00392191772926 0.00491141495013
-0.0367223146029 -0.0187062244319 -0.00202294299662
-0.00512945450294 0.00458486852194 0.00858547526833
0.0233542375367 0.0114767739848 -0.00117432049854
0.0163036736507 0.0186770297296 0.0234645532388
0.0296869126253 -0.00635336181759 -0.0222801658333
0.0281836227192 -0.00926459552426 -0.022280502582
0.0282401734502 0.00927903675458 -0.0123631111169
0.00686952798891 -0.00923880637765 -0.0186994498434
-0.0151201223952 -0.00641132467278 -0.00924947864363
-0.014204519238 -0.00937354129012 -0.00527955042939
-0.00619765934221 -0.00257128866218 -0.00980729874015
-0.0200897521762 -0.00088269621066 -0.00699475623335
-0.00737288465497 0.00953118258607 -0.00914582179545
-0.0261990993912 -0.00844053486857 0.00607840279189
-0.0185185201197 -0.0119507454245 0.0149707383591
-0.0290979668116 -0.00701318805034 0.0152277814095
-0.0302283950054 -0.000728919433062 0.00693616675058
-0.0236557344924 -0.00726961721359 0.0155155832385
-0.0157823715333 -0.0136973782517 0.0215272158254
0.00580069157056 -0.000597069887708 -0.00967093997952
-0.0180232672832 -0.00887158004908 0.00462504019387
-0.00237082391109 -0.0314729284877 -0.025586083066
-0.0213492995791 -0.0141171440515 -0.00668657278033
-0.0349758612184 -0.00118665509258 0.010016535635
-0.0240577890914 -0.00432518498407 -0.00159569896303
-0.0606475035832 0.0238093347962 0.0259108528819
-0.0821365688078 0.0333871443512 0.0430851100242
-0.0650534535759 0.0184929678221 0.0324678763941
-0.0787949823761 0.0340948103581 0.0491737944247
0.00894287058886 0.0435338957422 -0.0309470477945
-0.0184350565507 -0.0317576345884 -0.0235741272331
-0.035169675863 -0.0247775699613 -0.0104820544265
-0.0133652152202 -0.0160744565289 -0.00698466811439
0.0114328286423 -0.00529809128823 0.00113278332483
-0.0311053416922 -0.0282892902099 -0.0146328042854
0.0102783652429 0.000977226653496 0.00679622352665
0.0672412188496 -0.00349119481401 -0.0359845854262
-0.0145293539219 -0.00634169800594 -0.0371504227276
-0.00395504374285 0.0119182475428 0.0181807910024
-0.016498672114 0.0236602136489 0.0329215353199
-0.0228529003797 0.0281664474901 0.0452717893112
-0.0276267290551 0.0236077038274 0.0155710348336
-0.0523712871707 0.0244876885449 0.025064634564
-0.0228385865815 -0.0121308074955 0.0219238550439
-0.015450610693 -0.0152913371599 0.0171426817714
-0.00124445250552 -0.0148249048642 0.00919886932077
0.000308633955949 -0.0198060115551 0.00473954137906
0.0166118886067 -0.00967870227029 -0.000782240573979
0.0288647592247 -0.00559175371108 -0.00517007389779
0.00900834265106 -0.00608995878569 0.000101479405371
0.00705798079416 -0.0107210482264 -0.00564058974609
0.0142660320311 -0.00779196560485 -0.0202410223927
0.0230678552526 -0.0024543028205 -0.016408876621
-0.025441118167 -0.00879185959456 0.0232090508914
-0.0324579977986 0.00131051402838 0.0278081674934
-0.0278926781258 0.0213911374024 0.0312973016727
-0.0321232904143 0.0235495556366 0.032263109764
0.00830589222199 -0.0470003423435 -0.0315961169967
-0.0219987877224 0.00898567064863 -0.0224601742774
-0.0660377205299 -0.0229973416462 -0.0205942725057
0.0191530341985 -0.00600128171104 -0.0677339371831
0.0596474881296 -0.00760260681122 -0.0403267512245
-0.013805981736 -0.000691565251654 0.0042318293058
-0.0283336630498 -0.00593412358455 0.00438334901749
-0.0285036797519 -0.0127272182258 0.000588661513103
0.0176464925078 0.0331931227058 0.00525205360493
0.0910987191241 -0.00346367207781 -0.000103867032746
0.0658977661965 -0.000651449190607 0.000395070474108
0.0040545499453 -0.00037858269331 0.00135965529835
0.0359288727803 0.000492850476846 0.000293845725609
0.0174852635937 -0.00108953226337 0.00120932586771
0.0359536765262 -0.00745052147205 -0.00222120236563
0.0535894214434 0.0723383303499 -0.0558719992233
0.0533819274191 0.0635361753849 -0.0579499652087
0.0759373827162 0.0580937587149 -0.0717418947132
-0.0839277125912 -0.0654810504688 -0.0490505941014
-0.0146673142064 -0.0136678939622 -0.00670668901989
-0.0106923330492 -0.0105600254295 -0.00159778198557
0.00187718758025 -0.00379393548469 0.00439852665165
-0.00225079951966 0.00383336951125 0.0123162026156
0.00755777534831 0.00441703654627 0.00806715393817
0.0246564270752 0.00089240740981 0.000560881652623
0.0311030127908 0.000231259432758 -0.00411801019994
0.0150275593939 0.00276959571945 -0.0025689168441
0.00421483302046 0.00097202214789 -0.00304769996375
0.0290636297036 -0.00308089829556 0.00236085646608
0.0255912365595 -0.00360193931804 0.00296206831951
0.0225876407987 -0.00296751051055 0.00381730382041
0.00849037584702 0.00253029500177 0.00568425039115
-0.0264229157699 0.0120188206194 0.0226337742766
0.0252471585915 -0.00622627818724 -0.000330593197158
0.0303916417624 -0.0125626031798 -0.00418542645638
0.0202840559435 -0.00985714436752 -0.00723769790329
-0.0454133044131 0.0318992590096 -0.0248282399095
-0.0291222252002 0.0289762497497 -0.0131486717924
0.00407798090418 0.0161177613189 0.00400407766521
-0.0487764353193 0.0429808706211 -0.0256232289227
0.042653621454 0.00577872454326 -0.0109782884157
0.0413449873434 -0.00333759680576 -0.0142343948578
0.0194814480733 -0.0166820913756 -0.00695081501776
0.0120872546383 -0.0141082924488 -0.0173783688611
-0.000816621403596 -0.00931086736146 -0.0297700626246
0.00693920320001 -0.0175209421339 -0.0167241558315
-0.00430562471344 -0.0197366428481 -0.0142345400889
0.0754661002716 -0.0780027105554 0.00143070444405
0.0780105800424 -0.0747208019582 -0.00632521361795
0.0513319034644 -0.0526766394768 0.0117661267277
0.0433908517945 -0.00405405497498 -0.0155451723319
-0.00530700264637 0.00783649104671 0.008219568802
-0.00564037321622 0.00361672931892 -0.00380794651344
0.0285568475877 -0.00188648466037 -0.00929098579069
-0.021961307859 0.0506185790155 0.0153165092735
0.0211299963675 -0.0152564074081 0.00274973650805
-0.0125041439932 -0.0161640394194 0.000742005136043
-0.0388972765794 0.00514275917596 0.0143879605212
-0.0104990610894 0.00906966844051 0.0107181294291
0.0144559883118 0.0122140000811 0.00751052731913
0.00395606965707 0.00486698120309 0.00297298422355
0.0152595907084 0.00137537628748 -0.00466457800619
0.0199974474063 -0.00214853884443 -0.0101530728533
-0.00886845050753 0.0140271615469 0.012958661661
0.0197390480385 0.0102697303645 -0.00325879211337
0.0318436949363 -0.00731138535904 -0.0186560924196
0.0223113991449 -0.00448362382342 -0.0145585539384
0.0593479331721 -0.00497439101807 -0.0269402916646
-0.0978250767448 0.00101358275495 0.0287679067603
-0.0419163974531 0.0165397339887 0.0229912689859
-0.0434982411751 0.00323389960076 0.0149017165181
0.0172756159088 -0.00794644816302 -0.016647913914
-0.0216424446263 0.00239876833844 -0.0122497917978
0.0983354134973 -0.00816327094057 -0.0402751324949
0.0597585984453 -0.00721475544497 -0.023256136416
-0.0247093342037 0.0261287819882 0.048153315213
0.0458174650444 -0.0529569222036 -0.0718402473494
-0.00182065210727 0.00492265119404 -0.00035411175197
0.019562049257 -0.0344193173041 -0.0473031355382
0.00390990315222 -0.0428994955881 -0.0572548624411
0.0595871555668 -0.00797118106069 -0.0519539012906
0.0531404144195 -0.00917380199699 -0.0596935220539
0.0457187257035 -0.00182723519552 -0.0418083657655
0.0296605394503 0.00414279964072 -0.0367721964382
0.0541900172791 -0.00101279551659 -0.0332817448836
0.0410032104126 0.00874010042482 -0.0282313132958
0.0305311386107 -0.00643242357224 -0.0550628877356
-0.00125667383072 0.00765914351807 -0.0149197966334
0.0603811840768 -0.00740523022638 -0.0155755642226
-0.014030671581 -0.00719895795128 -0.0109088278002
-0.0315861423114 0.000323161682229 -0.00209511798619
-0.0332632419335 -0.016796159479 -0.00213121790436
0.0133978871798 -0.0387756549786 0.00968627108413
0.0386760398107 -0.0545026636527 0.00834504525492
0.0383345343133 -0.0160965246414 -0.0177463992883
0.019596064279 -0.0137570119788 -0.00276601220607
0.0607646314436 -0.0607984660675 -0.0413113064452
0.0530196794699 -0.0319658409311 -0.0561448730741
-0.0200226529708 -0.0271897492171 -0.0160150710669
0.00198401251685 0.0157303103772 0.0264230674749
-0.0089598794355 0.0136110534273 0.0373823569469
-0.0151102073442 0.0210720155774 0.0440180588719
-0.018558231307 0.0105538674015 0.0454519691044
-0.0410315094174 -0.00151437168351 0.0410380855513
-0.0524852449422 -0.0811758542137 -0.0986474870149
-0.0497216922135 -0.070730642546 -0.0802797932502
-0.0197621786452 -0.0490700467339 -0.0537616229772
0.0316239530888 -0.00159821165986 -0.0145665643779
-0.0487082520549 0.0138196799083 0.000728900437849
-0.042945236751 0.00204311147233 -0.00149369539664
-0.0248888536769 -0.00637026049849 0.0112048293655
0.0110261074005 0.00913159946793 -0.00527141484545
-0.0468998130329 0.00542864902304 0.019589461334
-0.00543684452431 0.00224424417285 0.00970926810125
0.00143897119145 0.00209841427571 0.00933032568486
-0.00240372404384 0.00694348557974 0.0136760581833
-0.00903144958738 -0.0046849415397 0.00424827927126
0.092510404728 -0.00905514795884 -0.0380812106188
-0.013400092635 -0.00590221425825 -0.0438225485572
0.00739343964406 0.06466528187 -0.0223113575769
0.0832866627488 -0.00519744658085 -0.0626523487153
0.0122333923296 -0.00255457391832 -0.0019562347471
0.00752445485067 0.00837299962725 0.00578537053215
0.0051034202712 0.00777526299712 0.00812711127908
0.00937540953502 0.0212094441271 0.0456637429968
-0.00776853729869 0.00604803543181 0.035304700509
-0.0454697749409 0.0199936750495 0.0108804396941
-0.024331261818 -0.00396460149816 0.0100590102705
-0.016305851525 -0.0130465412496 0.0104003381253
0.0253290668138 0.00649233188689 0.00228008124951
0.0370291134307 -0.00288979100875 0.0187215904141
0.0249336074634 -0.0235446789815 -0.0253948884626
0.0302026482281 -0.00629303783805 -0.00739519499095
0.0259954001372 0.0252254804498 0.0142135184503
-0.0366659685257 0.0256682536873 -0.0148572529111
-0.0226684132181 0.00456042005076 -0.0341407585702
-0.0185036247251 0.00118158267656 -0.00463033127491
-0.00582303137531 0.00808138439393 0.0133767936127
0.0722057738086 -0.0926373588608 -0.000394177561327
0.0153518233935 0.0448490643345 -0.0428522631006
-0.0201532172113 0.0206088452761 0.0221520620806
0.0171909833278 -0.012253853324 -0.0254215044224
-0.0242619716947 0.00416800424492 -0.0379225273007
-0.0268465190807 0.0240970315672 0.00936406195444
0.0186131688884 -0.0332166987992 0.0092955570991
-0.00305613527299 0.0118706317319 0.00120874038957
-0.0251450960906 0.00506027015226 -0.0223110774432
0.0205491463802 0.00669075964757 -0.0333725594011
-0.0369794589059 -0.00864064218848 0.0123863991448
-0.0183566691003 0.00572228562986 0.00616171573296
0.0187990287756 0.0108648327062 0.0206322167491
-0.0118861118321 0.000381145824688 -0.0212433524129
-0.0272660346397 -0.00873828811097 0.00434942403279
0.0358711726218 -0.0126536310584 -0.0202723702128
