-0.013981021511 -0.154688643683 0.0250723519361
-0.0188147705969 -0.0873826130537 -0.0128518090289
-0.0121763081686 0.030171046521 0.0335681585374
0.0599557382662 -0.0460281141901 -0.023772510276
0.0126156296382 -0.0075016101722 0.0334759922972
0.080748943027 -0.0699036785783 -0.000465210134727
0.0120689469343 0.00193568460705 0.0645637043411
-0.102045395736 0.12379251637 -0.00479162945842
0.00102823902899 3.97304192098e-07 -0.0340120538834
-0.0386548911053 -0.00966846786444 0.0146913180428
0.0455120179634 -0.0401218086967 0.0178401055086
-0.0365070451717 0.0411079349718 -0.000923693521246
0.00128892393713 -0.0182167998392 -0.0427127879082
-0.0455669890747 0.0733682150479 -0.0884166125831
0.0224665463153 -0.0353412149378 -0.0262353946724
-0.0590146281357 0.0379025273739 0.129840149166
0.00333736786356 0.005432723414 -0.0223850262382
-0.0231092720758 0.00915073984218 0.122416812628
0.0309441991194 -0.0197634302955 0.0239960202916
0.00634989622914 -0.000227866528739 -0.0210537160409
-0.041650373818 0.0575686671934 -0.0760104644454
0.0454961669697 -0.035939003262 -0.0285781235589
0.0992819394336 -0.0505349480398 -0.0626430199587
0.0592879913395 0.123875590738 0.0744746579104
-0.0353204634783 -0.00413808535919 -0.0150202593899
-0.0124351016518 -0.00197779434063 0.000415411439533
0.0204450219115 -0.0164482039392 -0.049129613962
0.00636236980584 -0.0287509908993 -0.0414583848228
0.0393828896922 -0.0501568278162 -0.0462554230558
-0.0154217390242 0.0207695372333 -0.0120695191353
-0.02677853276 0.0212692157294 0.00809773609693
-0.0844020902641 0.0668389020371 0.0772672869122
0.0251720050924 -0.0166198860432 -0.0271636650913
0.0283150554691 -0.0239004718785 -0.0386631554306
0.0785809452287 -0.0828526904675 -0.0237382606678
0.0332232880931 -0.0253100992439 -0.0235451558825
0.0340456739493 -0.040248725233 -0.0343688461455
-0.0382698989701 0.0475576354068 -0.0368049375099
-0.00640217504904 0.00546412602048 -0.0111330133005
-0.00974533472212 0.00677191648627 0.135036063835
0.0433113995712 -0.0163778019346 0.0140330995918
0.0438794904782 -0.0163685351553 0.0692788115679
0.0444062737769 -0.0281701918517 -0.0225193063543
0.0834272891378 -0.0756518670942 -0.0184129656709
0.0735957095268 -0.0523190947164 -0.00347195499875
0.0472567826333 -0.0419798772178 -0.0278614405141
-0.0283140647183 0.055402805967 0.0340866456249
-0.0573681914012 0.0310572845346 0.053082958749
-0.0211888810819 0.0317795218691 -0.0179640703893
-0.0647493222108 0.0754585691835 -0.00151745666455
0.0633617327293 -0.0491368387806 -0.0224096588174
0.0368832973592 -0.0203521320655 -0.0042493865193
-0.017820999112 -0.00898002579237 -0.00308013496095
-0.0921373081504 0.0803053278434 0.102136555722
0.051205295272 -0.0565647090592 -0.0353293409726
0.0244976133589 -0.116945679366 -0.0117831794928
-0.0446429217598 0.0579696050682 0.0221949048209
-0.0547166775584 0.0759106849365 0.0651307588134
-0.0199140448405 0.0596430361606 -0.00124049148974
0.0661677828315 -0.0675060555848 0.00147528764185
-0.086257729453 0.102532410245 -0.0391621885781
-0.0868120124316 0.119279062034 -0.0683259098912
-0.117959256828 0.115054793122 0.0426763108193
0.015195225635 -0.00651406605757 -0.0314660929575
-0.00267317739177 0.0120435909724 -0.0393607585761
-0.017146274736 0.0240679458574 -0.0565999661739
0.00544789883998 -0.00199884747123 -0.0666450763428
0.00473657768048 -0.00870704459439 -0.0861008138892
0.0553440249025 -0.0651909654837 -0.0418863297939
0.0361566914994 -0.0864279569531 -0.0550980787958
0.0340817775714 -0.0390426491684 -0.0357910210581
-0.012812733107 -0.0364627322242 -0.0479475846573
-0.0264825159473 -0.020576023765 -0.0351771030108
-0.0639080316077 -0.0568917610345 -0.00367596006145
-0.0288402467506 0.0280597021182 0.00131966696757
-0.0683941460043 0.054608867861 0.0373475760637
-0.0149370625557 -0.00283255959546 0.015056059898
-0.0460872958472 -0.0251525467135 -0.00547371133639
-0.0511143117608 -0.0516707382128 -0.0259373642256
-0.000466927722697 0.0612661310995 0.0309316787711
0.0677136630702 -0.0367840146111 0.0624420548459
0.0869312404404 -0.0473891619351 -0.0521819208491
-0.0396834834913 -0.0253843719441 -0.0613652600008
-0.0174249244456 0.0541744454903 -0.0192775920367
0.0654311269999 -0.0625392222692 -0.0303491343256
-0.00974930959859 0.0198635686268 0.0127120520997
0.0203035480386 -0.0109330929031 0.0294730694727
-0.0328353775477 0.0665502074711 0.0470354689042
-0.0756670004464 0.127400947778 0.0656785592725
0.0101205456019 0.00423214677322 -0.0396707731074
0.036275603524 -0.0527160384471 -0.0287568918234
-0.045451550749 0.00989344356225 0.017699931342
-0.08065546953 0.000538316548182 0.0320555459839
-0.0633995247612 0.0436818903941 0.0232105707453
0.0220734472166 -0.00232843894275 -0.0415739077567
0.033615567268 -0.0344200212181 -0.046924275592
0.000864635459158 -0.0159036153939 0.0102072896703
0.00954650761064 -0.0121300334511 0.0197794774785
0.0527796818963 -0.00884011128095 -0.00987438215606
-0.0441812516883 0.0136095755078 0.085045231001
-0.0159239015839 -0.00962080254963 0.031029931932
0.0145753765926 -0.0154279118201 0.00429787264246
0.0127241345913 -0.00747894610671 0.0699506461671
-0.00830817383919 0.00410207244779 -0.00320527521091
-0.0389615759094 0.00822288558077 -0.0255578265789
-0.00447234896857 -0.0156209701088 -0.0186441270481
-0.0970861419764 0.0856045579499 0.0637322339267
0.029939432353 -0.0330191045682 -0.0342467320615
-0.0306233366329 -0.187933211764 0.0093835990756
-0.0297287734093 0.00669422550721 -0.0076224363282
-0.00597410002931 0.0493632621551 0.0064244406408
0.0276612906055 -0.0229448741604 -0.0319545031754
0.0408572354985 -0.0787838546969 -0.0647377659815
0.0571249803544 -0.0870462902393 -0.0646288555546
0.0470120212927 0.0119391745989 0.00967273207398
0.0199712424727 -0.0121572620908 -0.00574670202598
0.0133272682406 -0.00972926647992 -0.0296825299992
0.0590858233171 0.0428784002392 0.00486623520248
-0.0329949324592 0.0055943380534 -0.00919632650251
0.0795221110874 -0.0319850597898 -0.070358386288
0.0261384879791 0.0791545960461 0.0477420834922
-0.0406212439765 -0.0080689158405 -0.00298537385191
0.00173914057727 0.0130400986091 0.0094926900314
-0.0543790310134 -0.0369515300716 -0.0177807696672
-0.046265187369 -0.0394805072491 -0.0268410543373
-0.0256806003899 -0.0460192814927 -0.0307508921757
-0.0812033312232 -0.00500605135776 0.0149506593785
-0.0357585155958 0.041403083745 0.0473329442068
-0.0226981221356 0.00398094137899 0.0233921107191
0.0113421107572 0.0146448927844 0.0319210531636
0.0192260315997 -0.0440546135905 -0.0250183134824
-0.0388696849307 -0.0243758076355 0.00901396820063
-0.0452941200377 0.00451497598743 0.0282362454017
-0.0488016084924 0.0370742023615 0.0411859548503
0.0615536756062 -0.0101673568313 -0.0304903929606
0.029728403906 0.00568795012947 -0.0471746252228
0.0780913659256 -0.0244792300899 -0.0502294129286
-0.0511604055423 0.00231950849307 0.0428763500558
-0.0160666783789 0.00898327318659 0.0400371018798
0.0126919211289 0.0185101453443 0.00593693809859
-0.155518006915 0.0343374131462 0.0343342105321
0.0595250954448 -0.0362217828088 -0.0156325339606
0.0621981432825 -0.0731505671888 -0.0661265930398
-0.0380987940978 0.00110843790757 -0.0413920102464
0.0133020750031 -0.0136330679678 0.00881428978786
-0.00550962443641 -0.0266783307138 0.00140658679574
-0.0784605688751 0.119375713654 0.0621481254733
-0.0516014699472 0.0330665505252 0.028371170592
-0.0163362092772 0.00832237434884 0.00162817459499
0.0349074738432 -0.0360224718843 -0.0247197669781
0.0921167112749 -0.0300999793691 -0.0973884568357
0.0514541564296 -0.024603508637 -0.0435800130095
0.140618738034 -0.0307434412434 -0.091388864054
-0.0468072630195 0.0121128102731 0.0197287288979
0.0247694940737 -0.135890439421 -0.02415573403
-0.000340846434272 -0.0225831209074 -0.0334808301596
0.0307458466178 -0.0519306767479 -0.0109043883089
0.00537335563594 -0.183160352291 0.00394075717319
-0.00963644153706 -0.0810205540121 0.0216353357094
-0.0424410056937 -0.204659621532 0.031912502936
-0.0692823404068 -0.140498521065 0.00855060031841
-0.0194770671917 -0.128609027102 0.0159977121441
-0.0626352593921 -0.0349255226651 -0.00205634892703
-0.0161835791619 0.00209721873256 0.0444170351619
-0.0431147808592 0.0172225955206 0.00906914796154
0.0370686200818 -0.0693749235978 -0.0225271980128
0.0404007158682 -0.0571135701639 -0.0453848781267
-0.0279503187131 -0.0308048706513 -0.0177403203491
-0.0731625611855 0.0369031286759 0.0251804419378
-0.0913662522082 0.0892968515342 0.0589525184578
-0.0725148826943 0.0510408178975 0.037385112428
-0.0360843324503 0.0346314924257 0.0348945481705
0.0156589590181 -0.00130183611353 0.0244863087634
-0.0403232350324 0.0335659302659 0.0326814127062
-0.0446209592555 0.0367560816014 0.0199507596316
-0.0220807468467 0.0420213971408 0.0214148692776
0.0282329867587 -0.00131102874222 0.00435719899608
-0.0266046003022 0.00869327573444 0.0142598570119
0.0437648522113 -0.0181178329256 -0.0181026705532
-0.000659010322912 0.031464971374 0.0136776009569
0.0276485100577 -0.0143125661617 -0.00789655249708
0.0318053600311 -0.0268810996255 -0.0140718808326
-0.0410720371306 0.0171394981439 0.017034792545
0.0651692082641 -0.0708333391844 -0.0544859429517
0.0524427870302 -0.0587834418451 -0.0400156771476
0.0207144741747 0.0112921501348 -0.000341621041876
0.0124416939677 -0.0140587985353 0.00296988466275
0.01939413397 -0.036392876497 -0.036213097116
0.0669679306817 -0.0420665550345 -0.0346345896497
0.0179027834994 -0.052755884035 -0.0486642362434
-0.0507634984129 -0.0710934592511 0.0154246720137
0.0301399573099 -0.0710787548416 -0.0453463699443
-0.139043560148 0.031277476664 0.0987771271552
0.0641836072008 -0.0453308197972 -0.0484810066895
0.0948053950951 -0.0474714796922 -0.0168532183734
0.0236670157865 -0.0142940313666 -0.0105560093053
0.075958126781 -0.0301011455754 -0.00405439721446
0.0642298695023 -0.0200645099373 -0.0276566936117
0.023147212212 0.00151923945049 -0.024875992206
0.0316066636896 0.00679399685193 0.000515018203762
-0.0355685220348 0.0473468238944 0.0449765415935
-0.0553816483126 0.038222172806 0.123662217552
0.0221927615754 -0.0102451046529 0.119952908614
-0.0867462310792 0.0907341978248 0.0606222058827
0.0270667392955 0.0240934540698 0.0369119471683
0.0641385518522 0.117790451576 0.0624948909376
0.0226435592127 0.0246760013554 0.0142771797914
0.0627732558613 -0.0384923924986 -0.0642272746817
0.0245090084694 -0.0367761218591 -0.0372795889623
0.0670320021831 -0.0197593530634 -0.053373195408
0.0143891640535 -0.0102272323287 -0.0370760889899
0.0296883661195 -0.11624957844 -0.111277855815
-0.0359539083744 0.0221213233151 0.0367563319687
-0.0521638234273 -0.0541191194545 -0.0659445145179
0.0213806334354 -0.0415017204741 -0.0281198426063
-0.0953627200641 0.00403859612897 0.0352765390892
-0.0754849578225 0.0197965136827 0.0558198173627
-0.0238593274327 -0.0493644521902 -0.0298097929393
-0.0178286041742 -0.0100010585918 -0.0613656279354
0.00802353322154 -0.0225368555777 -0.0305345878266
0.0405088461241 -0.0351665483566 -0.0610437089148
-0.010135262283 -0.00189927801438 -0.0245977747471
-0.118899388906 0.0193012247409 0.0300254698542
0.0576661160827 0.0327240085098 0.000977948406315
0.0380999272252 -0.0743795388422 -0.0131063270999
-0.0460271337417 0.0695603103618 0.019543250232
-0.0430909633975 0.0834453013851 0.0139822681401
0.0268755813273 0.0133876408555 -0.0433031054979
0.072432520069 -0.0429899351993 -0.0643074055422
-0.0137642017742 0.00134380786653 -0.0203046179499
-0.00268090873842 -0.0123274533408 -0.0195636488515
0.0131768536129 -0.0100683716839 -0.011409891817
0.049706710629 -0.0243871098386 -0.0197622592604
0.0672879548977 -0.0486199723237 -0.031229539894
-0.0281824909693 0.0295891349217 0.0116750469795
-0.038280142344 0.00862641489014 0.00609801150487
-0.038749924703 -0.0214334635284 -0.00743766549119
-0.0462990595613 0.0549348009458 0.0237604210251
-0.0680367218268 0.0882644235724 0.0521830411019
-0.0647049920594 0.0444282747909 0.0520242372824
-0.0794497432563 0.101539213505 -0.000571208406433
-0.0500164396187 0.0871185106787 -0.0547298828488
-0.0534998592125 -0.0201218916659 -0.00290179046676
-0.072909771812 -0.0632848916075 -0.00384125924046
-0.068095925102 -0.105379204011 0.00209945238236
-0.0475032515923 -0.00295779210649 0.0138520751604
-0.0119219555976 -0.000363255086591 0.00168015127921
-0.0001618184488 -0.00621753556094 0.0199872152352
-0.0258759221086 0.0326019424542 0.0398310471688
-0.054877055639 -0.0141303151991 0.0109581496912
0.0120642393426 -0.0423825626163 -0.0372848287234
0.0290137592693 -0.0619827632464 -0.041485834844
0.0299494240105 -0.0824527481959 -0.0625413748147
0.0401765217657 -0.0745822406556 -0.069290931469
0.0191637563006 -0.031196073375 -0.0471956310284
0.0527218109172 -0.0566691835217 -0.067639298136
0.0469396126464 -0.0525523195954 -0.0310002729966
0.0515645636873 -0.0499013812255 -0.0296221891821
0.0215734293639 -0.0258629703381 -0.011199928693
0.0299453528425 -0.0705125802713 -0.0442928634049
0.0260706271202 -0.0548686236061 -0.029443300688
0.0179723276576 -0.0417767499951 -0.0129083167135
0.0382979093642 -0.0648070645906 -0.0406012851875
0.0514645343918 -0.0442477129355 -0.022078403624
0.0792918654456 -0.0521863829916 -0.0476772960331
0.025639472298 -0.0399897945373 -0.0177770257383
-0.122033375663 0.0420250160617 0.0429023586534
-0.118921398983 0.0335662947313 0.0313186906204
0.0127042777143 -0.0570999464012 -0.058686511754
0.0730206746191 -0.0396461421844 -0.0795761328438
0.048655114383 -0.0200051216898 -0.0579739620423
0.033830524754 -0.00493582895583 -0.025033257679
0.00328804862002 -2.64195472597e-05 -0.0178314205897
-0.00793442148021 0.0115592406881 0.0161222414251
-0.0762721130191 0.040659340422 0.0789447367845
-0.0821819547445 0.0448289768991 0.099405152967
0.131429090571 -0.00153457666144 -0.040216719149
0.0192322699818 0.0109022322947 0.0228954225621
0.0298533239719 0.0214899859612 0.0245018997814
-0.0654844399639 0.010703107834 0.007327879752
-0.0678549308791 0.00880502298483 0.0189411303579
0.0485279854938 -0.00293891344268 -0.00303377556063
-0.0443682354476 0.00254053347747 0.0124064536414
-0.0828102287877 0.0298817007804 0.0310788272232
0.0142411806228 1.66175272438e-05 -0.0115590365933
-0.0750663544178 0.0174361453033 0.0124257935087
-0.039111305457 0.0226061189029 0.0413237192996
-0.0449026666262 0.00996833649452 -0.00734071544032
0.0268107215097 -0.0196858854372 -0.0511375251855
-0.0584280123221 0.0176083761152 0.0448748054594
-0.101854602063 0.0374186667295 0.091344673757
-0.0445347295397 -0.000945698060186 0.00584833094791
-0.0268042193771 -0.0209320489335 -0.0348027225153
-0.0398240022513 -0.0364682431121 -0.0426756299389
-0.101816382048 -0.00937224686106 0.0224006065908
-0.0630120632427 0.00889315111103 0.0503367060472
-0.068461859004 -0.024656685207 -0.0226455013177
-0.0357294504115 -0.0783391169738 -0.0868785909844
-0.0806237826648 -0.0329055927627 -0.019406590714
-0.117085397497 0.00213862559757 0.0497543636511
-0.0694649204945 -0.0138002519476 0.0378120223817
-0.117310527547 0.0108078771562 0.0602627151815
-0.0567011567609 0.018547543088 0.0771512033737
-0.00998882985476 -0.0357749432704 0.0116336985771
0.156358385096 0.0186921243668 -0.100226065801
0.0412476076239 -0.0387227208423 0.0167848030584
0.151678525133 0.0144212088475 -0.116043722829
-0.0745114598699 0.0718431649356 0.1400362289
-0.0379399203149 -0.0855612004037 -0.103444973067
-0.0196223143977 0.00486374299373 0.0149655899667
0.0110436772278 -0.00557875332549 7.21534500689e-05
0.11985387534 -0.0215658217274 -0.0501593798403
0.149955429845 -0.0179970842214 -0.051845717973
0.0806774756209 -0.040642611426 -0.072937699691
0.0594929959252 -0.0188297629043 -0.0400602810393
0.0427212819282 -0.00629047359563 -0.0234577287348
-0.0644936394206 0.0425003423478 0.0373991694973
0.0724883608582 -0.0279765153439 -0.0681000382015
0.0445973598493 -0.0174236062242 -0.0511759026585
0.0614227697312 0.0115236110429 -0.0212381153966
0.0294934619646 0.0319057022398 0.0299471179809
0.00227001302551 0.00620633605738 0.0206753073015
0.0512797578898 -0.00222950005503 -0.0366957682219
-0.0158369488687 0.0257108440372 0.0465178047526
0.0702808157732 0.0036751091843 -0.000517047752037
-0.0498705876681 0.039677338211 0.0762771028429
-0.0109559857029 0.0345376529274 0.0629640588182
-0.0139991438375 0.0326551835194 0.0663199275333
0.0667780825931 0.00975314657007 0.0087785460194
0.100462183458 -0.0154542357723 -0.040774128118
-0.108842550649 0.0481034269076 0.104926940391
-0.0117039086359 0.0232997472024 0.0453655806845
-0.00654965224796 0.0251604004722 0.00995338677297
-0.0135458242593 0.00924143353493 -0.019385255877
0.11510492877 0.0237328069715 -0.0818054728269
-0.123839860741 0.0431000823969 0.111663868106
-0.088086315042 0.0368662918787 0.099704960489
-0.0326826774479 0.028501453338 0.0742448086704
0.0353281727594 0.0090305295085 0.0254492984276
0.019242574111 -0.0171074506999 0.0224096284709
-0.10744557295 0.0256216557379 0.0949495098792
-0.0579588913739 -0.00052602836468 0.0585143393672
-0.0164513448437 -0.026387276715 0.0213672805615
-0.0208742737525 -0.0383572541827 -0.00275519446286
0.000661211841497 -0.0428621198317 -0.0113561321788
-0.0797045905645 0.0179164175401 0.0737963046096
-0.2560789563 0.195200805067 0.119509852277
0.0172433989513 -0.0761351903517 -0.0642744426374
0.0499799795418 -0.0286458838361 0.0206750446301
0.119050857051 -0.0271196074902 -0.12408124561
0.132100506282 0.107384547281 -0.0679047639825
0.112774148092 0.135429493676 0.114362465997
0.0300043329904 -0.0331684967393 0.00666664767361
-0.0211897280638 -0.0315568682093 0.0310231995173
-0.0101938881647 -0.0262398760008 -0.0128500862476
-0.140140208598 0.0736600021538 -0.0498217144858
0.136322971506 -0.021066620051 -0.0597137150588
-0.137523091354 0.0447348394773 0.108040196328
-0.125260877811 0.0276120093761 0.0848271029816
-0.0410595824583 0.0195708414449 0.0510116712054
-0.0228210395549 0.00219727202785 0.0295940883692
0.0296315801379 -0.0164836310106 -0.0124125954348
0.0231401634577 -0.0129031873503 -0.00206286821159
-0.0892213787807 0.0118774556189 0.0565778827091
-0.00834563221794 0.00739698014771 0.0294357926615
0.0339942339585 -0.00965968030107 -0.00911630459088
0.0219995474314 -0.0146511776894 -0.011865295142
-0.0315956163456 -0.00101685564951 0.030627369547
0.0673200691124 -0.0272331850295 -0.0516127733264
0.0550204724222 -0.0243715015531 -0.0465667297098
0.108093007858 -0.0317757386728 -0.0846913103293
0.113741283491 -0.0296178125242 -0.100162612184
0.111216367304 -0.0237067555607 -0.0858487517107
0.0712841037977 -0.0185704335214 -0.0896152522034
0.0173001906314 0.00470910237908 -0.046971390693
-0.0346786222032 0.021039644743 0.00255533159476
-0.0439832561705 0.0124512114493 0.0114504915375
-0.0252229323526 0.026845010721 0.000486182987792
0.00811433323256 0.0155406764719 -0.00836978343748
-0.0542301237234 0.0224915662646 0.0395628048358
0.0718635497352 -0.00971073872911 -0.0456881220759
0.133333003569 -0.0351396262234 -0.0912077089229
0.0578204176656 -0.01828142604 -0.0752695574193
0.0828692095895 -0.0318025503801 -0.0787771984366
0.0305731032267 -0.0145276278132 -0.0468369335525
0.0682602341281 0.0550470875805 0.0132253267126
0.0647631833451 0.0894241673308 0.0453190978122
-0.00128634830154 0.0664982956983 0.0588936081092
-0.0227189727986 0.005248427301 -0.00693846241184
-0.0565338839263 -0.0122843477092 0.0462954267084
-0.0530315617012 0.0138968506969 0.0503885479989
0.0155508642472 0.00640938607611 -0.00584583198776
0.194789741939 0.0152893847489 -0.117780221549
0.145371053106 0.008017717657 -0.0932563138534
0.0967692660783 0.00312883087649 -0.0900241169037
0.101379775405 -0.00727041026771 -0.116106895634
0.134346115783 0.0362057552334 -0.0807584098091
0.170566896453 0.0618676793159 -0.0557307065478
0.173235212156 0.021117993285 -0.0943050865575
0.0640880181424 0.0509432112728 -0.116786569298
-0.0135603317549 0.176425876139 -0.160103520569
0.0861284094402 0.271689216136 0.0197363827871
0.192154178377 0.0686008838729 -0.0139795614187
0.182162769404 0.116274908688 -0.0115612642298
0.102079952914 0.172669339557 0.0150631735348
-0.13235617304 0.246740749167 0.201412221098
0.112835141505 0.224186407053 0.111240091328
0.0694981596583 0.202738564837 -0.0857530921306
-0.204335618612 0.312967721285 0.0309454578619
-0.0181951409513 0.197253478832 0.215296381392
0.00465375667326 0.0895518008993 0.149285689289
0.105212284155 0.127712224232 -0.149432384149
0.0141315504761 0.0984520016455 -0.155461965084
-0.141256867753 0.144396206772 -0.111760133984
-0.270209014058 0.15779336978 0.0193122447811
-0.226427718141 0.0974469411308 0.093706909313
-0.165934123432 0.10959713388 0.135665616548
-0.177246615889 0.237392684982 -0.0826591924937
-0.10526995998 0.160823731318 0.208816802849
-0.175927395201 0.182991402722 0.178548257812
-0.039196062516 0.275435837305 -0.109517318653
-0.0605038849255 0.363159215876 0.0348850642973
0.0323502941666 -0.0152675654077 -0.00927192889695
0.0562737008937 -0.0176907172081 -0.0515495463563
-0.0562470079308 -0.0716157534177 -0.0773900136453
-0.0224661721817 -0.0958701023934 -0.112637744924
0.0285159125793 -0.11395644165 -0.132167222379
0.0314218875633 -0.0616698637061 -0.125251900551
-0.0521643324695 -0.0328184112892 -0.0632165811063
0.0387542321502 -0.0290183114213 -0.113171379826
-0.0961953944225 -0.0364669197335 -0.0224742210908
-0.101283744363 -0.00635095097519 0.0341544676505
0.0844886053553 -0.0749606091232 -0.0830389030663
0.157360891951 -0.0016026893757 -0.0584536509817
-0.0627976854778 0.026300087548 0.0474998462332
0.0628456794454 0.0894074788012 0.0375624350238
-0.0001716261451 0.0119239476227 0.0237330109915
-0.0912079828295 -0.00508246572819 -0.000852080170537
-0.0789335903768 0.00940237471345 0.0171092667339
-0.0957250432042 0.00185312771543 0.0415207148275
-0.0889456690167 0.00393984481924 0.0493245757886
-0.0470097952259 0.00140830956104 0.0387194872682
-0.0203440081827 0.0118777417839 0.044489998391
0.0102229884853 0.0210441323835 0.0317853120381
-0.0157473608569 -0.00289941204177 0.0261121127342
0.00580715811771 -0.0103196609027 0.00515981589681
-0.158458238688 0.325760479726 0.156023176952
-0.231600904189 0.269160851577 0.133031880159
0.000808101721897 -0.0244611269796 0.0232546864667
0.0152864039712 0.0228587386479 0.0137553193084
0.0207540503274 0.0107412934809 0.0118493573776
-0.000206909860976 0.0123232653056 0.023190239974
-0.0580723429904 0.0224028238322 0.0301929912434
-0.108708583784 0.0288922271109 0.0316638607318
0.0125843425494 0.0212880207795 0.0134602229923
0.0410416106758 -0.00592509100264 -0.00666084925484
0.0547358974869 -0.026641471811 -0.0168508785743
0.0279797659738 -0.0194938340788 -0.00884040323021
-0.00950348775066 -0.00512030851794 0.00380453212167
-0.0618209692839 0.0139055594863 0.0159329603079
-0.107385943321 0.0233723825182 0.0166457216849
-0.0022616187532 -0.00972074055297 -0.00212015045683
0.00390432950303 -0.00454437600176 0.00564109185205
-0.05527984994 0.0352757298352 0.0302821552817
-0.0157864498388 0.0205280652569 0.0251255370539
0.000569252272611 0.00962058473022 0.0249133507856
-0.00828328292574 0.0215920352564 0.0359502439464
-0.00402209814211 0.0300313926853 0.0301625693141
-0.0267527351529 0.0260139001301 0.0481725602579
-0.0432330299851 0.0373977220786 0.0497667140376
-0.0271643714578 0.025607861499 0.0525375358203
-0.0321357689527 0.0249392376046 0.020769783405
-0.0011516007783 0.00295463884131 0.0128409625844
0.0261365788928 -0.0219653688269 -0.00747579401902
0.053795793303 -0.0323934432852 -0.0178720909545
0.00691126741008 -0.0188763143675 -0.00980997275952
-0.0313616502899 0.00610750417831 0.00336131057757
-0.0697531525472 0.0313734482791 0.0340188962908
-0.0805307454865 0.0324191386608 0.0279934509915
-0.150602065743 0.0354807818503 0.0354022623409
-0.151189131107 0.0445448904256 0.0468387436867
-0.150176321147 0.0304409465713 0.0381965174031
-0.0507809977662 -0.0285236251743 -0.00443553180197
-0.0615935304186 -0.0359184053993 -0.0128321785217
-0.0541420715595 -0.00342154107941 0.00805765795487
0.00185876227334 0.0833105486017 0.0526042185744
-0.0285455149121 -0.00918080870823 -5.5179181278e-05
0.166272281005 -0.033631746839 -0.0896731472327
0.146871815557 -0.0238004418331 -0.0636266006514
0.00430954336471 -0.0427398466094 -0.0438012344968
0.0301096019834 -0.0239035400263 -0.0499701192545
0.0729545032187 -0.0314420371204 -0.0670401189937
-0.000130014091468 -0.00771563920854 -0.0297253731653
-0.0059078441872 0.0106139311985 -0.0114334089293
-0.0293856901885 0.007002784006 7.62624916339e-05
-0.0425413423707 -0.0106527548928 -0.00110193802258
-0.00945117440923 0.0353285648853 -0.00555542767991
0.0224369741876 0.014897805085 -0.0383670572345
-0.0112594363779 0.00637801922683 0.0112994533277
0.0107083314903 -0.00778963392495 0.0216073961257
0.0138766891074 -0.0155166495638 0.0220329119619
0.0123194756799 -0.0192570379941 0.016523473638
0.0483432537881 -0.0393317208736 0.0157111784046
0.0643557529615 -0.0485510929998 0.0130600543964
-0.0591532243756 -0.021625795856 -0.00965877929522
-0.0232306609476 0.0490847217123 0.0238564370876
0.0504374945436 0.0984543784382 0.0532080763295
0.0170012732237 0.0331794322909 0.0264720811493
0.0267755901718 0.0239842195082 0.0218795856492
0.0175439194304 -0.00522180655182 -0.00501242690539
0.0147788959258 -0.0368356821539 -0.0242995583504
0.0210216688552 -0.0468501781549 -0.0256851575076
0.0341178248507 -0.0300860898592 -0.017148295097
0.0419796932008 -0.0667645546682 -0.0394770833875
-0.0770163679191 0.116638036088 -0.0598296831883
0.0842881014919 0.157619104 0.0802867243972
0.0706332806883 0.145189387215 0.0778162586377
0.0833975278937 0.153378379012 0.0883978158986
0.0759118398253 0.113680698672 0.0698172817618
0.0414681901454 0.112122684733 0.0674242694905
0.0565247361585 0.110501938415 0.0650198674233
0.0887068655013 -0.0328838789501 -0.0779502645922
-0.0239316707152 -0.0276699598374 -0.0305789561329
0.0365461700149 0.0116138439285 -0.0111755045173
-0.00469036200259 0.00836822214417 0.0142065896122
-0.0526729626812 -0.00902130866173 0.0123514512027
-0.0380929383061 -0.0608919022254 -0.0538702343876
-0.0764509426301 -0.0315098323645 -0.00368540705995
0.0486271898639 -0.0197250573722 0.0751051761417
0.0464229156658 -0.0157983474179 0.044663713235
0.0375943605893 -0.0166279592685 0.0273335209263
0.0329869032473 -0.0156864041873 0.0324716744759
0.0311560142103 -0.0371096426087 -0.0243325180398
0.0289154785443 -0.0557068868806 -0.053713010177
0.0253889243874 -0.0224955385479 -0.00285645994828
0.0010604672792 -0.00227992591666 0.0091101221365
-0.0142273454322 -0.00172880770307 -0.00333413982814
0.020237393944 -0.0489718291337 -0.0415621196876
0.0631622910842 -0.0273872705667 0.0387984097667
0.0339157346319 -0.0217736686436 0.11907974138
0.0400885795702 -0.0265603355817 0.0910517463871
-0.00816324881965 -0.00064224964886 0.131511451006
0.109245743566 0.0267560128466 0.0507131887368
-0.0678573696737 -0.0868131400096 -0.00240270011225
0.00331653252222 -0.013412790358 0.0172306654034
0.0413297608808 0.0161097533995 0.0231524401774
0.0961683302845 0.0186388007873 -0.0402295907536
-0.0631849284236 -0.0266900644201 0.00816853888135
-0.0644809537377 -0.0060579817651 0.0226554772644
-0.0554498752521 0.0219563239262 0.0295113091934
0.0764867462402 -0.0286048040018 -0.0645320550176
0.0516371769711 -0.0114237998373 -0.0123287424908
0.0256189102114 0.0168540350245 0.00339638446883
-0.020168397963 0.0373643133342 0.015983175178
-0.0122996366456 0.0416328583716 0.0186937327966
-0.0458749564497 0.0553018432238 0.0292784020997
-0.0430543318834 0.0592597942925 0.0349226229946
0.00950683485534 -0.0447881956566 -0.00799465234154
-0.00127292727575 -0.1015874875 0.0144260825306
-0.0117633901493 -0.0916574570984 0.0122800535319
-0.00101042605989 0.022691016122 0.016787428278
-0.0689216728735 0.0135989975647 0.0383031818676
0.0563685912789 0.0917760355513 0.0595367731952
0.0608225385529 0.0638821799052 0.0411159482402
0.0506458168344 -0.0191721707879 -0.0138737666258
0.0516232624264 -0.0667087432281 -0.0502843445
0.0450638064501 -0.0658414234442 -0.0534749184164
0.0335549579345 -0.0695287488088 -0.0586240625724
0.0495914972904 -0.0877679592293 -0.068454352522
0.0511422007818 -0.0761655041133 -0.0624614561973
0.0437527268195 -0.0156667653735 -0.0214280028861
0.0374570286678 0.0462642000163 0.0187081467391
0.0570439484917 0.0520130782885 0.0283689084667
0.0281000874357 0.097416253446 0.0505419719043
0.044488292233 -0.0559244392952 -0.0353998873209
0.0154816702631 0.0249945935567 -0.0042053131088
0.015793241267 -0.00508902767233 -0.0309748429508
-0.0077310544938 0.0109355867553 -0.0251147619578
-0.159849808359 0.042448089659 0.0283823883597
-0.0497845611788 0.0121133178033 -0.0458631305128
0.0900346325592 -0.00992566461554 -0.0901259327514
-0.005245779203 0.0422205260668 -0.136056860315
0.0824062582838 -0.048098194586 -0.0611866881987
0.0515433097641 -0.0428696468297 -0.0417960967867
0.0125523539297 -0.0260803102563 -0.0338038619677
-0.0130166196458 -0.021918837957 -0.0451731698418
-0.0387962714428 -0.014752821118 -0.0515179323811
-0.00490763899651 -0.0193881220276 -0.021418629301
-0.00219989685269 -0.00914435211456 0.0253943793965
0.0463310553721 -0.0588850418122 -0.0048337130976
0.0605691977535 -0.0767111894299 -0.0267202952637
0.038839341525 -0.0383349881772 0.0193755519199
-0.124640618169 0.0165599983221 0.0135703636503
-0.00664112469832 0.0670520257729 0.0260377322503
-0.0321470594109 0.0296640397852 -0.0114010206604
0.0333411313983 -0.066508409017 -0.0570924041205
-0.082914580171 0.0821106007937 0.0636242184707
0.0224667287241 -0.00688694571008 -0.0108531815083
-0.0135986041784 0.00911580097895 0.000322694849822
0.00109812977286 0.00177692732917 0.033959916194
0.0196784819053 -0.0131171965535 0.0172261302313
0.0447566799176 -0.0279225417817 -0.00450961685877
-0.00565978266827 -0.0050024615216 0.0259664099006
-0.0412334247595 0.00211609057509 0.0324473088414
-0.0722017306212 0.00583751824525 0.0349940663014
-0.0325697976441 0.00965499259615 0.0373363866785
-0.059875067899 0.00173404272345 0.0249578266061
-0.0807687687506 0.0144309660361 0.0396451435837
-0.0495440578006 -0.00464652456342 0.0217104597502
-0.0313224805403 -0.00296476091703 0.0124357428887
-0.0609086139504 0.0319729902468 0.0564592603774
-0.0585427113576 0.0378699329093 0.149799719667
-0.0367889962699 0.0174712715342 0.162564451656
0.0366741477477 -0.0356956187462 -0.042151183214
-0.0193115314795 -0.0124977365635 -0.0358165879537
0.0188044117244 -0.0113072788253 -0.0109568456869
0.15361122934 0.0171146726826 -0.0857551779693
-0.0774296539851 -0.0371256712593 -0.0213054596626
-0.00426970945453 -0.000797259923567 0.00513321762135
-0.0288076554507 -0.0255823303673 -0.010183898772
-0.126889944273 0.0327420521659 0.0348588772869
-0.113719681171 0.0430768730482 0.0398173101096
0.0500249508953 0.0237407677474 -0.0305634872357
0.0338245588019 0.0221727022554 0.00206984168829
-0.0105739061728 0.0188256738064 -0.00064002016468
-0.0623134827709 0.0172572389806 0.0311719738183
0.0531541181005 0.0136701065504 -0.0536697261467
0.0353176876965 -0.00130268757848 -0.0749468707801
-0.0517169557546 0.0229233607703 0.0466686557128
0.0962469213533 0.000759331808891 -0.011299525169
0.0219052736006 -0.00780568830214 0.00668472715013
-0.108672453764 0.0957309187374 0.0682972317282
-0.0998559555389 0.0787613313728 0.0547285457791
0.0594650660917 0.130160821576 0.0708690004785
-0.0538183788826 0.090340148446 0.0715522402369
-0.0248489823962 0.0432795473861 0.0571681239648
-0.109105194425 0.018359285605 0.0293084380066
-0.0365362913114 0.0129648653112 0.0119734783861
0.0120345753442 -0.0248162167327 -0.0790782635157
-0.0228217283681 0.0274190750194 -0.0989789632866
-0.00176046634058 0.0722899763652 0.0588120019987
-0.0937891595188 0.00514898274603 0.0526130661319
0.0104302191209 -0.0159074717031 -0.0393966598223
-0.0104466642182 -0.0200265474445 -0.0348375829098
0.0776598038551 -0.0153661471051 -0.0817477844213
0.0635412672788 -0.0106615374712 -0.062071166846
-0.0288188253597 0.0401839840085 0.0371693618903
-0.0219780573896 0.0353830866855 0.0287514007054
-0.0386819835195 0.0292908411917 0.0234638752256
-0.149033741651 0.0283722027155 0.0346750565825
-0.0595784969665 0.00482789645381 0.00472463622325
-0.0618899621376 0.0117377556199 0.010338819128
0.0443326710526 -0.0286232588171 0.0055484940491
-0.074218132999 0.00541829047118 0.0513895220115
-0.0395706139998 0.0287472954308 0.0492909737785
0.0156274777097 0.0479593440653 0.0309752740412
0.0468357703023 0.0889304843129 0.0532216177712
0.0140613653611 0.0657414879784 0.0370811067589
0.0738299627545 0.13138184249 0.0761820170125
0.0457031788871 -0.0213992043816 -0.025660639581
-0.0442540497496 -0.0245569484927 -0.0524089254488
0.0645980866948 -0.0484671327241 -0.0397273871908
0.00691133594243 -0.119195509409 -0.0149391172104
0.0323944167385 0.0294316461637 0.0286337296443
-0.0300778460998 -0.0353568334336 -0.0171785868482
-0.0311973090875 -0.00547845775231 -0.00143073668736
0.136744061395 -0.0288607507112 -0.0752095028267
0.0952152591403 -0.017121052556 -0.057263970701
-0.0461794269189 0.0929583246321 0.0235748056178
-0.0505616957091 0.096044124044 0.0434706301639
0.00661167628259 0.008301841225 0.0302153708971
0.188070733739 0.00617999311591 -0.131023471701
0.0844939930862 -0.0223336561026 -0.00567508833466
0.00404597957865 0.0317530958892 0.0375111547576
-0.0984974025522 0.0145337083899 0.0204830092074
0.0873536780264 -0.0462493503869 -0.0370886706399
-0.0407390107845 -0.0627183805074 -0.0125966462253
-0.00312670386303 -0.0283794723723 -0.029239206107
-0.0225761860889 -0.0146945691285 0.0069223515282
0.0411528260961 0.118239030794 0.0669028391335
0.0145892345816 -0.0609644671294 0.0094968500135
-0.0537349691025 -0.129395827108 0.0161086695406
0.0374948500605 -0.0201924798617 0.00781558289473
0.0409209113659 -0.0803296024769 -0.0572479277941
-0.025549302338 -0.0333238141584 -0.0624670081392
0.0300357097314 -0.0364474005146 -0.0499172340534
-0.00924193653802 0.0299650461012 0.0456209918387
0.0067445789817 -0.0926948937182 -0.0990734475214
0.111683256375 0.0649029964728 -0.0873291782764
-0.0911031781915 0.0154629529474 0.0521478233251
-0.0803543089241 0.125514180075 0.0758119398191
-0.0376805048567 0.0164545445253 -0.00204512076011
0.0656961898155 -0.0392873779918 -0.00868338038779
-0.0411579708703 -0.00899761374265 -0.0481446436229
-0.0141520397832 0.0496913822671 0.0352139424236
0.00137456117131 -0.0344446282749 -0.030408764413
