-0.0250404574881 -0.123079868402 0.00684578439075
-0.0185945298664 -0.0509880016584 -0.00705577174612
0.00685673094948 0.0273551700182 0.0340263222136
0.0450250064618 -0.0317395140852 -0.0128880709612
-0.0312514612627 0.0427192894755 0.00605695787911
0.0562556171572 -0.0192920322291 0.0299018823503
-0.0256267389835 0.00661920701184 0.152908759786
-0.0732142553574 0.0623974210121 0.0815692989233
0.0659504184889 -0.0139024850261 -0.0441515350204
-0.0471630176799 -0.0211946995334 -0.107632817193
0.0233771526489 0.00191068896269 0.0269725971346
-0.0337032589966 -0.0015450564412 -0.0389813128391
-0.0201818848909 0.0572535338403 0.0204323265013
-0.0264660694725 0.00558229417588 0.0095042748766
-0.0085430513705 0.0175005549295 -0.0340758140191
-0.0561677918693 0.00945844836625 0.0175769019841
-0.00197756138032 -0.0193973716023 -0.0298439139693
-0.0375818336358 -0.0151755634507 -0.00463937685689
0.0743397350081 -0.0103874455841 0.0202490917955
0.00449689041795 -0.0237387866588 -0.0358954402982
-0.019549689731 0.022048619346 -0.0048299530183
0.0355013255001 -0.0330745912073 -0.0110039132658
0.0502938509093 -0.0315472610565 -0.026349867383
0.0135314138483 0.0218658470737 0.00990473479206
-0.0119462608062 -0.00740448788751 -0.0197474261246
-0.0296747317893 -0.0195982292215 -0.0825988780957
0.0127675991706 -0.0152683964399 -0.00210189489909
0.0541477972491 0.024524915095 -0.00816350542124
-0.0107514878226 0.00847379025138 0.00338954430743
-0.0162015521062 -0.0135669373457 -0.0407288697973
-0.0324239499041 -0.0131896542223 -0.0645380061115
-0.0645158934375 0.0217776671197 -0.0208374305722
0.0190072152856 -0.0284428092781 -0.0228231289644
0.0270498950508 -0.0274858776769 -0.00784997184965
0.0541836799129 -0.0283936249335 0.0233840823032
0.0250865520301 -0.0310095087321 -0.032303548828
0.0554105819568 -0.0227661177212 -0.0451033718717
-0.0183521038172 0.00524231237569 -0.0184073666972
-0.00573703742017 -0.0226111788011 -0.0556226030341
-0.0231445387663 0.00327116298335 0.119486896787
0.0426776669376 -0.0196148667607 0.0395148925318
-0.00742044265785 -0.0196571241244 0.0186431549159
0.0185099898561 -0.00909263210837 0.00575603373637
0.0787242509048 -0.0369292467942 0.0215467517211
0.0903204574063 -0.0195066342152 0.0192924361891
0.0588256393819 -0.0328999856359 -0.0303170064836
0.0272149706743 -0.0459027131091 -0.0322430628672
-0.0525921388698 -0.00818631171744 -0.0782039988289
-0.0227996501659 -0.00473236602015 -0.0268340236103
-0.0501977015686 0.0244381336749 -0.0120366684638
0.0774018892908 -0.0189956165505 -0.00709750200548
0.103610288062 0.00416740806789 0.0121906773342
0.0555002690924 0.0121028987549 0.00321523697988
-0.0732835378436 0.0525913848464 0.0989104479485
0.0098563434531 -0.00808414672686 0.0156498408957
-0.0253082360415 -0.0121959087175 -4.27709295448e-05
0.0436743518306 -0.0142730862729 -0.0061787243019
-0.0286345738941 0.0273903132844 -0.000309454749987
0.0080263776494 -0.00891823631977 -0.0235726819232
0.0165115246785 0.00310519992235 0.0249284432191
-0.0444230751447 0.0422985855699 -0.00107497424757
-0.0471396990409 0.0519741231363 0.0202041270575
-0.0727437539689 0.061512298433 0.0346755483825
0.0107397253061 -0.0226596126272 -0.0179527858477
-0.00162670000876 -0.0108926642504 -0.0133625705324
-0.00246148830355 -0.00091351959415 -0.0104262059374
0.000179518784068 1.32490766383e-05 -0.00242923910848
-0.00471271414881 0.00390492491813 -0.00694490433849
0.0244398158366 -0.0136942195903 0.0104242819076
-0.00709762580562 -0.0180273859111 -0.00542374141726
0.067214238813 0.000275139286978 -0.0207622031573
-0.00874581055588 0.000614201836897 -0.0700219060535
-0.0538266236897 0.0256945196967 -0.0366052347254
-0.00358268416817 0.0126428545902 0.0241780725935
-0.0274585153959 -0.0106171503342 -0.0531056648661
-0.0495133446929 0.00554065317482 -0.0544102046979
0.0178927762539 -0.0076994966416 -0.000194885808485
0.0157309811048 -0.029326412897 -0.0217639292649
-0.0544844813622 -0.0364721727829 -0.0141562276231
0.0119274481104 0.0458889530647 0.0335420750608
0.0455057407021 -0.0262980010615 0.109868337351
0.0402484617837 -0.0349287821374 0.0279616884377
-0.00766769190346 0.0443987221279 -0.00383804785203
-0.0569536489457 -0.00718382633578 0.0804010629292
0.0537463785632 -0.0352705160673 0.0104122277058
-0.01659120291 0.017932825559 0.00386181792826
-0.0149343346398 0.0280065162985 0.0174267319395
-0.0321068812655 0.0312811575379 -0.0021819949927
-0.0104593564505 0.00580963746197 -0.0172698983228
0.0576566299308 -0.0567597526376 -0.0414899061349
-0.0129133870964 0.0112387249876 0.0103914148639
-0.0591443931793 0.0185070821279 0.0332871233259
-0.0119877729096 0.00614635565278 -0.00497372814282
-0.00374091590464 0.022758058652 0.00329767300164
0.0129182426615 -0.00349507969296 -0.0192092382647
0.0108191770999 -0.00410350364995 -0.0154011872767
0.0111102920617 0.00540915572993 0.00337688460611
-0.00603622085588 -0.000655302697372 0.00358400333544
0.0144271072489 -0.024858836911 -0.0200031162463
-0.0533423629661 -0.0156918873379 -0.0654024240431
-0.0585572688195 -0.00959818984675 -0.0665334981464
-0.0536242122291 0.0172194928928 -0.0279945461601
-0.0394100418967 -0.013615251246 -0.018559268471
0.0829361280116 0.0267524407225 0.0137092157573
0.0373658705725 0.0611487596341 0.0381662297001
0.0151917256254 0.00180111808167 0.0117446143853
-0.00281765387314 0.00772936865061 -0.028485188822
0.035021607144 -0.0304878795933 -0.0188781756109
-0.0255058758118 -0.0677557109196 0.00926984508998
0.0276159946869 0.0361339665852 0.02393246919
0.0120720189509 0.0834367001048 0.0731291418095
0.0196608721312 0.0309073938742 0.0205974783413
0.0304922528617 -0.00675281818347 -0.0166271746174
0.0231615829728 -0.0307446911011 -0.00214564826318
0.01141083042 -0.0138620030513 0.00514321725663
0.0186599214335 -0.0128621977472 -0.0118536070226
-0.0162176493922 0.0631607390651 0.0729308670708
0.0311618892316 0.0246584541179 0.0241196682285
0.00890484927765 0.0123317592828 -0.0282118471363
0.0133303712659 -0.0137406759168 -0.0441533436951
-0.044655403915 0.00681634586751 0.00661930932803
0.00694835096401 -0.00936864322913 -0.00741830860104
-0.0154505995695 -0.00594164689491 0.00214099036342
-0.0268610465735 -0.0369715795907 -0.0220989526727
-0.0282636320367 -0.0292193711525 -0.0221776084983
-0.0310428232286 -0.0162220044517 -0.0104562768841
-0.0667507406283 -0.00360272812736 0.00268866301675
-0.0433938517503 0.00418267699168 0.00764743576083
0.0216070945681 -0.0128601267601 -0.0248331687553
0.0374241534874 0.0144995869684 0.0170881023772
-0.00022757837668 -0.00679553784353 -0.00329025492802
-0.0105093863486 0.00162397256793 0.00125170637296
0.0177471012282 0.00413429064054 -0.00604218868696
-0.00840103181749 0.0124896911104 0.0129347291665
-0.00249432553774 0.00650262934847 0.018799773967
0.00395091878642 0.0129829335335 0.00585644785515
0.0742976208049 -0.0106397615959 -0.0851960845803
0.0784407438937 0.00919979230423 -0.0253894752898
-0.00133668308267 0.00441995601872 0.00891724206139
0.0349762355952 0.0180813029923 0.0342223508714
-0.0124702725149 0.0302078595687 0.0306050210891
0.0217387526355 -0.0129412676602 -0.00858799862715
0.0364745632456 -0.0316242171199 -0.0255622701843
-0.0108300759487 0.072138255336 0.0462913914005
0.0760552302953 0.000515762823959 0.00688341328237
0.0495814524082 -0.0164610301628 -0.00825365440291
0.010639617123 -0.00671131103362 -0.0123062212748
0.0115255892899 0.0123335575794 0.0122589838731
0.0420958554351 0.030060834684 0.0197429955253
0.0361055945215 0.00870119028046 0.00490466059007
0.0796110879709 -0.0209763173066 -0.0725623709154
0.114335121369 -0.0398549307432 -0.0860764374801
0.00283422329137 0.000550451100035 -0.0248176428255
-0.0975122298873 0.00112600039032 0.019263237885
-0.0110564158359 -0.0682641719298 -0.00110946896542
-0.02273795709 -0.0662266339747 0.014840055919
-0.0163338042349 -0.0767713138288 0.00730115339033
-0.0218441726584 -0.0687888744078 0.00198582084244
-0.0308672411318 0.0038380923458 0.00482154200974
-0.0333316460682 -0.118964329045 0.0094305690114
-0.0388634123159 -0.0597596309685 0.00965433701625
-0.0286095017 -0.100026060995 -0.00189174222312
-0.0272473615154 0.0112259776302 0.0145379108674
-0.0428310748602 0.0423143297414 0.00160240560351
0.00773650707545 0.0341050373803 0.0178518242294
0.00378829702468 -0.0660531077841 -0.0126549606758
0.0263413260601 -0.0308931829532 -0.00568017557278
-0.00922418659577 0.000587221372125 0.0042719919665
-0.0142784634754 0.0252572138567 0.00696960933957
0.0108904224588 -0.00459458424532 -0.023645457731
0.0018860411613 0.013275175766 -0.000416409676611
0.00295471547353 0.00513044679274 0.00097861667402
-0.0174382055599 0.000238543265952 -0.0146576419729
-0.00468880543173 0.00610015399069 -0.0314701963265
0.021515591528 -0.0126761306528 -0.0407875417428
0.0328624139055 -0.0374369309589 -0.0307272870188
-0.00332595455667 -0.0158961734161 0.0204195568819
-0.0158826023085 0.0338959706126 0.0322366985914
0.0232579567668 -0.0297712177226 0.00365331284555
0.0227147993104 -0.0342401566234 -0.0286292241324
-0.0209988657709 -0.0340664249121 -0.00369425831882
-0.0486028458499 -0.00722037798931 0.00312321225707
-0.0484547138967 0.0265074903867 0.0294284154884
0.0231176953885 -0.028359273763 0.00551664049067
0.0140394548719 -0.0217247696466 0.00799396242572
0.0342232123396 0.0120692790359 0.000538483951826
-0.0194674313038 0.0251352639447 0.0270182222175
0.0305571082013 -0.00817377814261 -0.0264674118102
0.0280214845556 -0.00888179817532 -0.00940302185527
0.0394850642371 -0.0279994166299 -0.016255732811
-0.0246526174951 0.00122973530956 0.0162887047569
0.00604185978902 0.00280606133073 0.00489229852689
-0.133561395111 0.0424177965934 0.12050364777
0.0485159705804 -0.0217490409275 0.0226805561498
0.071439642648 -0.0297448625557 0.0659211386647
0.0460871761168 -0.0111829125316 0.0230789552181
0.0231157703274 -0.0200152594755 0.0938285114264
-0.00294606473076 -0.0377927437095 0.0433820003573
-0.0305082711597 -0.0469791375857 0.0387553679241
-0.0269544032999 -0.00872726893278 0.103905381191
-0.0681168936152 0.0226687945326 0.144391514632
-0.0626981731584 0.0342890775381 0.165271032368
-0.00498070906134 -0.0209091501196 0.0591861495822
0.0208043666654 -0.0210768797629 -0.0371450926611
-0.0273956200194 0.00075032299529 -0.0123708022178
0.0116661587782 0.0431827291407 0.0267626394284
0.0215741283778 -0.00691587019149 -0.0109459514772
0.0453548603829 -0.0258384731474 -0.0538339379445
0.0377934756276 -0.0193278921383 -0.0467873208344
0.0193462490611 0.00902390244192 0.0127858601841
-0.0495864064938 0.037908927492 0.0511005479519
-0.0107662115036 -0.124105228628 -0.0882131740303
-0.121204631616 0.0366751670779 0.0625793012259
-0.0723440534838 -0.000498042873574 0.0229671200988
0.0193749975224 -0.00126097075052 -0.0109892657052
-0.128719084085 0.0455610464893 0.0883579671188
0.0320930404354 0.0200772183017 -0.0219842383209
-0.0708768593341 -0.00658227941176 0.0129326764202
0.00177231030117 -0.030574791669 -0.0642953913857
0.0260707871591 0.00585178162016 -0.0303589046596
0.0415542247212 -0.0192260604254 -0.0699488477745
-0.0232721695113 -0.00553128633102 -0.0320714231807
-0.031823368273 0.00612625920234 0.0136548922926
0.0212192963117 0.0646392286956 0.0642328535177
-0.020283953332 0.019175900962 -0.00164223185972
0.0459590672902 -0.0403929578559 -0.028211757446
0.031656277175 -0.0374767295219 -0.0341324909371
0.0517043192739 -0.0432016678036 -0.039844346475
0.0599433940793 -0.0501853853891 -0.0393685647403
0.0513027718538 -0.0336927299785 -0.0180277372742
0.0522997224709 -0.00203755274815 0.00381108977927
0.0510050386733 0.0191991389745 0.0126460041385
0.0357838975256 0.0137028493037 0.00409068621407
-0.00618067538925 -0.000939951377656 -0.00275016585014
0.0467869749829 0.0112726523013 0.0105275593325
0.0348429814356 0.0207410376978 0.0200263005435
0.0264167153447 0.0308271465232 0.0263891156107
0.0339838869593 0.000197164325451 0.00522426389741
0.0107778179519 0.00630686434912 0.00156882196945
-0.0189132822744 0.0251443181454 0.0105190597089
-0.0806324849999 0.0335118806803 0.103359935503
-0.0500561905738 -0.000503452528426 0.0450327107897
0.003801658492 0.0305104210169 0.0248389861097
-0.0232166024031 0.0041069836509 0.0200428058358
-0.0275734485856 -0.0169680593677 0.0182689942538
0.0390100134525 -0.00865283653625 -0.0345919560575
0.0736144632622 -0.0181243380783 -0.0498882092416
-0.00306867948826 0.017966843315 0.023044419883
-0.00190470849528 0.0208342860961 0.0284769500131
0.00783359715517 0.0191443893995 0.0213853921607
0.0417643645185 -0.0103737850522 -0.00321219666045
0.0175773362756 -0.00114142596894 0.00147119330776
0.0199332197641 -0.00625415647738 -0.00165812407937
0.0377656586524 -0.0329353739138 -0.0229801313241
0.0530797067551 -0.0498930483799 -0.0333911983808
0.0523269925336 -0.0482286563629 -0.0359064112651
0.00366240953282 0.00597654043359 0.00375455122235
-0.0259604766048 0.00788300321295 0.00647627907717
-0.0398780093074 0.0184231986587 0.0190646714171
-0.000777568057814 0.015989270606 0.0156030578842
-0.00176906757029 0.0231286525307 0.023951717096
-0.00222100099353 0.0106118606892 0.0128264709359
0.0120416273391 -0.00940600109083 -0.00684021866911
0.0158124326932 -0.0183953494858 -0.0130617256101
0.0405385779383 -0.0366043650643 -0.0273439136285
-0.0212315464493 0.0186024875516 0.0185338093722
-0.033642802517 0.0430531559545 0.0328598478156
-0.0241566431038 0.0215396579845 0.00623316761755
-0.00592067676883 -0.0481774728007 -0.00326289565915
0.0346028591131 -0.0231345119229 -0.0660159013921
-0.00856023233134 -0.00974638919403 -0.0425589955858
-0.0529381576905 0.0070912838828 -0.0037308855989
-0.060511903573 -0.000330114790676 -0.00832419253693
-0.0970011978623 0.0114406719456 0.0209328958741
-0.133483617941 0.028369432762 0.0646498131652
-0.0513382514118 0.0224018612812 0.0535337066953
0.103037987578 -0.0179971240596 0.00849621076977
0.0327305995765 0.00526746254746 -0.0378209707774
0.0912538892687 -0.000645749589469 -0.00467096153877
-0.067328116822 -0.000577683521111 0.00465255666521
-0.0613370329574 -0.00240816515498 0.0105093396328
-0.0478258408616 -0.00527109983531 -0.00193600103479
-0.0194397939204 -0.000140363192639 0.0146422115758
0.00401547265701 0.0173826149485 0.0251701873173
-0.0622974104863 0.0271695669223 0.0299873524884
-0.0334732844656 0.00376866259526 -0.00842349589695
-0.118684777375 0.0110802821946 0.0349021375896
-0.00728660527801 0.00460230408635 -0.0291322768645
0.0187355623732 -0.0140974830167 -0.0621916420983
-0.110293936824 0.0448069134961 0.0715156000096
-0.142848572511 0.0476864927332 0.0958521859581
-0.0853208991966 0.0396632595971 0.0620119157993
-0.0591655514456 0.0369732108072 0.0580711299447
-0.0438888200394 0.0413756853701 0.0500915412824
-0.00411591096579 0.00970538056275 0.0109513089166
0.0148436134362 0.0533531510201 0.0579626829249
-0.100520101835 0.0259381776014 0.0586012120984
-0.0761954780681 -0.0382281208957 -0.00930335608852
-0.118951860716 0.0179005673737 0.0602942917449
-0.142088599841 0.0419312606333 0.104742581079
-0.078520305727 0.0148281076333 0.069953549743
-0.0611907106254 -0.00192617419917 0.02461906942
0.000392967715085 0.00863644174676 0.0657507872638
-0.0317236930367 -0.00596140282953 0.019191580325
0.0449432959565 0.0170212656665 -0.0712211592632
0.0549555147162 -0.0464844568067 0.0146016172464
0.0618465424369 0.0158085212913 -0.0617432752632
-0.0399895818823 0.066872534958 0.0954379254467
-0.033296279753 -0.0842118229697 -0.0771871750369
-0.0751126181699 -0.00309393730084 0.0111508575417
-0.0353807352203 -0.00536874282281 0.00678336922985
-0.0125083185108 -0.0013309220008 0.000759001378963
0.00757909876973 -0.00837825208674 -0.0365315393909
0.039262722271 -0.0234727174336 -0.0462152659542
0.0345813128706 -0.0121537489832 -0.0162299102743
0.0353609687784 -0.0138709684614 -0.0231779574017
0.0132298941435 0.0263685451267 0.0321995753759
0.00787827935902 0.00349205884148 -0.00519867449134
-0.0105358075261 0.0312618976708 0.0421786914413
0.024405775761 0.0262024053875 0.0330015263814
0.017712807039 0.0183395979448 0.0223366535124
0.0462603994899 -0.010709679868 -0.0215005117581
0.00552878101423 0.0467822393945 0.0580489617141
-0.0884056201936 0.00890189851717 0.0195117136067
-0.0382455509233 -0.00219417026018 -0.0125467657346
-0.0801914400348 0.0181108735711 0.0345279885846
-0.0101669948448 0.00802904759211 0.00277956706686
0.0446896780237 0.00529968099757 0.00950543437699
0.0163863426758 -0.00217413287934 -0.0347221914197
0.0322969792778 -0.00420865905391 -0.0596866064911
-0.12112174014 0.0356867608643 0.0830810545776
0.0446489619552 0.00881941555743 -0.0106571715332
0.063344766599 0.0148339550807 -0.0175128633715
0.0108294343149 0.0109137607343 -0.0301035150142
0.0648481047747 0.013000684429 -0.0337349596214
-0.0996884879409 0.0350342512297 0.095039042802
-0.0314464680517 0.0199919273275 0.0681963442838
0.0404752459287 0.00621972585146 0.0405059593979
0.0762870633069 -0.00511289718621 0.033261640747
0.0273617115946 -0.0115166434905 0.0375155959049
-0.070255234838 0.0251122143122 0.0921240715915
-0.0343130103927 0.0079230978394 0.0701768265544
-0.0262451833636 -0.00428697136241 0.0421733234557
-0.056236091363 0.000153562005307 0.0292086258634
-0.0391440419806 -0.005943629265 0.00216513126406
-0.0574134835132 0.0343424576752 0.0474419367952
-0.174131419234 0.161327849238 0.0916270737173
-0.0314565154479 -0.0550857442741 -0.0372923162764
0.029095143827 -0.0613164827594 -0.020058742077
0.0359110717544 -0.108071851921 -0.123573690931
0.085087524317 0.135171629459 -0.0326607654088
0.0888171363752 0.108303141404 0.0713097850446
0.0150236530101 -0.0170119210819 0.0166431948573
-0.00385829038318 -0.0299494524021 0.0142356489853
0.0221731092099 -0.0502581108151 -0.0242043423998
-0.0738115000519 0.0470354308541 -0.0502871850044
0.0899052636412 -0.0379189037856 -0.0187359901787
-0.15277798229 0.0495190893382 0.119271058624
-0.152050326843 0.0541964415538 0.115750940617
0.0339604809753 0.0155727471811 -0.0225666830796
0.0717625528781 0.00568865043498 -0.0648215903838
0.112449457148 -0.0170110079472 -0.0885391376156
0.10187654018 -0.0172570413024 -0.0516396944306
0.0643951732683 0.0148084876162 -0.0372812019633
0.0418941437466 0.00859374599358 -0.0480052733601
0.0668946590502 -0.00152466422662 -0.075429019302
0.107888602375 -0.00700781418444 -0.0903411828848
0.0975372196503 0.00180852637518 -0.0663325115337
0.112095151552 -0.0200524752452 -0.0990536624832
0.136940080873 -0.0287681188613 -0.0926554244931
0.0625029806017 -0.0182072838313 -0.0795079769111
0.0306284557999 -0.00559812087566 -0.0429589036394
-5.55732893342e-05 0.0128444582255 0.0127602801222
0.0330317270048 0.000106491459881 -0.0234305550315
0.034379988738 -0.00456271322497 -0.0277216352507
0.0207340070402 0.0038667283676 -0.00623882406692
0.0399274073544 -0.000876585567238 -0.0204564056247
-0.000777394595552 0.0142352105109 0.0122416296086
0.00554723935824 0.0213625048154 0.0333560952414
0.00795073140545 0.00916901703792 0.00735196324921
0.01813358978 0.0165690601574 0.0355176849983
0.0416190222075 -0.00644193262509 -0.0609539563744
0.0812942267125 -0.0275221959458 -0.0728550833027
0.113722099527 -0.0410541223673 -0.102083131179
0.101077469811 -0.0293016990974 -0.0732555930481
0.0298521731092 0.0533093905416 0.0493045576508
0.0202169540401 0.0486270767599 0.0375359229621
-0.0141947906249 0.0245951459625 0.0187446465886
0.0742271470125 -0.0102721502903 -0.0435590613478
-0.0415721709297 0.00156925907653 0.0263869767509
0.0496934163512 0.0147236637653 -0.0419632113235
0.0227101706394 0.0122196401935 0.0280975377878
0.0879163719794 -0.00228375632364 -0.0409187189547
0.0435788836771 0.0223421066 -0.0496093756752
0.0215039649089 0.00645955476557 -0.0595219000064
0.0203733654695 -0.0370015258075 -0.0951515063006
0.0507538505879 0.0599425564864 -0.0473879522772
0.0839325764105 0.0601063896952 -0.0378368473031
0.0663906986823 -0.0288095025881 -0.0858812535108
0.0353082647507 0.0641121355288 -0.0759822934672
-0.00016482393312 0.171208355907 -0.117828743257
0.0608498005077 0.289454840066 0.0238858326986
0.112660461435 0.0113791826053 -0.0317572077801
0.119711291473 0.112664168877 -0.00232784607689
0.0762616111149 0.19604555847 0.0268152683905
-0.0950665264618 0.23440349208 0.163174013409
0.085205149469 0.221975525091 0.0853292208752
0.0527193174973 0.224007121735 -0.0508284214984
-0.160243713064 0.292423582539 0.0242424991201
-0.00222507322244 0.175906498214 0.156718146435
0.0190346388728 0.0660280028663 0.0924863855123
0.074507864674 0.145645039327 -0.0960168972218
0.0173840010127 0.0975891780396 -0.110766551357
-0.0820567635127 0.113294713277 -0.0918648599617
-0.172620105567 0.105694744668 0.00158288841403
-0.136765947711 0.0643775321563 0.0552453605034
-0.102391719143 0.10325516669 0.0983334851016
-0.121848538515 0.206434949848 -0.0679872533801
-0.0599679181164 0.141031080409 0.155657107225
-0.114909493921 0.167687662703 0.140888010792
-0.0267735829408 0.271140865365 -0.0843753696718
-0.0563651667591 0.369307363285 0.0220861340199
0.0787270624457 -0.0263047873687 -0.0464404064675
-0.0205952663484 0.011181708992 0.000772528657033
-0.0512870690338 -0.0195851001376 -0.0102737428632
-0.0467278880719 -0.0809854106514 -0.0617147954379
-0.00869041178909 -0.147748132658 -0.124318549859
-0.000940331101941 -0.123058179039 -0.120147062144
-0.0127048761824 -0.0512929982695 -0.0559816035806
0.00499389067535 -0.0784462151911 -0.100602423713
-0.0270374317881 -0.00351107850739 -0.000737954075032
-0.00708779392103 0.0471741277191 0.0491305121194
0.0306322082793 -0.136088634283 -0.107583329627
0.0765685394245 -0.0937312580704 -0.0906174255997
-0.0165283026604 0.00710958345672 -0.00286482482937
0.033470356544 0.0343443302197 0.0235041102383
-0.0841138062715 0.000864105174274 0.0115067465675
0.00648107889611 -0.0089349525093 -0.0259491579157
0.0169344406463 0.00675047446187 -0.031497281281
0.00974019244781 0.00767839955161 -0.00971470719669
0.0346980053471 0.019025067703 0.00622535465045
0.0379666046935 0.0207160925059 0.0160275606186
0.0490208067886 0.0277708925501 0.0268491752233
0.0141654521925 0.0567783766214 0.06272677678
0.0806862524007 0.00250402398702 -0.0224415000272
0.120359104347 -0.0108255336622 -0.0648884300937
-0.132321451083 0.317851850785 0.12702061444
-0.174165198884 0.24411516335 0.110290388601
-0.0165320508188 -0.0118213672963 0.00811326838974
0.0226902147572 -0.0437015158569 -0.0141035085382
-0.00179587420864 -0.0363373431262 -0.00175518083426
-0.0321920906276 -0.00190681408161 0.0247498301644
-0.0432571491765 0.0339727020555 0.0438562059325
-0.0513412626292 0.0400924429022 0.0427456157898
0.0128715144458 -0.0494006249152 -0.0238822585219
0.00280934053543 -0.0421496053843 -0.023594945738
-0.018668561217 -0.0273001621821 -0.0138629275813
-0.0407336428902 -0.0207972935614 0.000188439980438
-0.0605578167515 0.00421350413681 0.0177746226652
-0.0608584483659 0.0255328938222 0.0319617190138
-0.0285381641367 0.0321005589464 0.0336181811806
-0.0581036017173 0.0132134719617 0.0186876634409
-0.0425872184527 -0.0108379323381 0.015524263263
-0.0135099358981 0.0305596249284 0.0338513951407
-0.0228319898411 0.0282867665361 0.0311791814463
-0.00634399417294 0.0253267966967 0.0297313987601
0.00382030149376 0.0227737880849 0.0300562459908
0.0234883872099 0.0229028517377 0.0344207789622
-0.0133931504889 0.0163346664261 0.020675532918
-0.0143044922558 0.0166164720166 0.0207784676895
-0.0161261013369 0.0086138973398 0.0125661636145
-0.00583006751074 0.0196460486631 0.0303231585375
-0.0219861456308 0.0171674428921 0.039581606292
-0.00119258059365 0.0114014099503 0.0252603943501
0.00751464528218 -0.0141512043544 0.0187101430601
0.00736182589844 0.0160910841419 0.00562852637484
0.000786343978383 0.0272872823895 0.00216202361317
-0.0235597275752 0.0382830915669 0.0262624322392
-0.0134872136614 0.030441979828 0.00499599681784
-0.0350026843471 0.0402864548612 0.0373906230648
-0.026202818802 0.0330051604989 0.0260753929759
-0.0109832336746 0.0186542681151 0.0225640316364
-0.0349708101301 -0.00258374798958 -0.000455458018211
-0.0588733565396 -0.0176528946798 -0.00530926326029
-0.0759685143677 -0.0198914890129 -0.00167223862695
-0.0643085138565 0.0147925410378 0.0140166908755
-0.052618712074 -0.0270706803966 -0.00726590653393
0.0162247703322 -0.00451408465815 -0.038711027381
-0.00891105480936 -0.00304673537352 -0.0173526716984
-0.00469037848377 -0.0185672559247 -0.0185441575634
0.0128198578133 -0.0061490766407 -0.0197999792081
0.0434830054355 -0.0226534791317 -0.0276544360116
0.00157658589908 -0.00361186292068 -0.0165936129676
-0.00312096424911 0.00490297646059 -0.00828420157037
-0.00459504113795 -0.00153520605566 -0.0106433078515
0.0055005623017 -0.0214186870265 -0.0191550682988
-0.0012684820763 0.00457609885603 -0.0129950134101
0.0270940320679 -0.0161170967786 -0.0265796701941
-0.00472793346464 0.00790641090113 0.00422324481731
-0.00331823558849 0.0142248110887 0.0174308376303
0.0231199915984 -0.00109996684944 0.0170443942445
0.0492237697046 -0.0124592285447 0.00671393230424
0.0506798267401 -0.00997116284312 0.0237764958257
0.0774688055049 -0.0164941616108 0.0301749423973
-0.0133950045689 -0.0300483917058 -0.0252043865162
-0.0206642145783 0.0204964553044 -0.0030910616042
0.0270901248218 0.020063411739 0.00946192316727
0.0120549125184 -0.00708086850994 -0.00647449779953
0.00694301518991 -0.011491139249 -0.000181479817868
0.0250366129073 -0.0146176760558 -0.0227485795037
0.0243574895679 -0.0144220527321 -0.0269116583243
0.0137805778179 -0.0127740898264 -0.00904331293686
0.0134054962614 -0.0152165745442 0.00117454035353
0.00796463726861 -0.0184908261361 0.00571434277029
-0.0542337079518 0.0374110926167 0.0482290819195
0.0260154826419 0.0492860659832 0.0206254539325
-0.015698414682 0.040930799423 0.019573908021
0.00599456240516 0.0365068483699 0.0133288038221
0.0192414493188 0.0330417012499 0.019965292559
-0.0182791674607 0.031685223486 0.0207263921647
0.0193480092751 0.0594776859689 0.0407791842232
0.112841866155 -0.0310256287182 -0.100788476869
-0.0490503835249 0.00296270800245 -0.0749239401582
0.00591515752943 0.0716301421498 0.0741158843449
-0.00180384230561 0.076200417212 0.0761850101068
-0.0174610527494 0.0654079969479 0.0658871195468
-0.0837460713842 -0.0185734230288 0.00775324555976
-0.113750492069 0.0157936821506 0.0604240221011
0.0132208844551 -0.0226861739125 0.0696754945932
0.00799853174529 -0.0191453875598 0.0269565529631
-0.0295895500965 -0.00240225305177 -0.0134172314795
-0.0387260296944 0.000598003459879 -0.01762555742
-0.0410582141431 0.0240451538937 -0.0329779538376
-0.0010949151888 0.0287851433453 -0.0128350852142
-0.0313485162342 0.0117626424458 -0.0348706389868
-0.00949423971334 0.00946882556872 -0.0320228015274
0.0100409461774 0.00262827284169 -0.0395728742288
0.0171976398235 0.00355549854058 -0.0341352019225
0.0416082734382 -0.0265943296862 0.0681044648554
0.0150933743749 -0.0182561361949 0.119976729154
0.0113110115871 -0.0111490529829 0.148576696921
-0.0267952482786 0.00869696103353 0.166353807755
0.0751658533871 -0.0367805240618 -0.00788863777161
-0.0345249549334 -0.0230558611021 0.0106132937547
-0.0091141401626 0.00725297988764 0.0103640528687
0.0505775476451 -0.00196148634136 -0.0360932650529
0.0911962164341 0.000842176347198 -0.00296470015292
-0.0362935731012 -0.00481998133601 0.000245030981573
-0.0500244501154 -0.00816726606104 0.00110665282339
-0.0730159375082 -0.00449273344111 0.00644240834078
0.0595045784891 -0.0418583295735 -0.0367926257532
0.0262819159899 -0.00481504168876 -0.00915168971079
0.0279645048079 -0.00950713716152 -0.0144027006903
0.0203975904159 0.016421101312 0.000633507260445
0.0229123704567 -0.008632672282 -0.0167670113102
0.0171312005901 -0.0109032692885 -0.0201962462584
0.0240524276377 -0.0337613826593 -0.0317506484535
-0.0264473321286 -0.083374235774 0.014831324192
-0.0257233207034 -0.106181305344 0.00445471962549
-0.024595266549 -0.113428743168 0.00983192669487
0.0159687670755 0.0211389229398 0.0351864016387
-0.0355543719137 0.0016890902863 -0.000176908492955
0.0109814044787 0.00741564750819 0.00711770559645
0.0144629117618 0.00414553980047 0.00970828406847
0.014688154375 -0.0167961909968 0.0053537351424
0.0232076118886 -0.0220826384393 -0.00027512359147
0.0282210952306 -0.00859753972388 -0.00195185200414
0.024392240121 0.00573366366849 -0.00639552672929
0.0311351146118 -0.0237490553617 -0.0114054185301
0.03285382523 -0.0291783801107 -0.0120156492961
0.0257482966501 0.0145051328287 0.0159759159997
0.022320840246 0.0472038738379 0.0405314397698
0.0228708958049 0.024756808158 0.0235494488531
0.0227208961159 0.083237334562 0.0679293327601
0.00801812066916 -0.0278960442521 0.00315211907542
0.0153114401421 0.059844346812 0.0492914507874
0.00357681753265 0.0568413498312 0.03476703479
-0.00275929982886 0.0712542828208 0.0521613492498
-0.0824946384861 0.0144840286597 -0.000285871825571
-0.0149788306552 -0.00499110884671 -0.0460328719407
0.0561228068386 -0.0281647074074 -0.0561519060636
0.00699552699726 0.0214324634105 -0.10349353906
0.0365126036903 -0.0180120690427 -0.0195152022516
0.0186243889849 -0.00702284251418 -0.0104794648278
-0.0438035003043 0.0409694151741 -0.0127446969869
-0.0428826249663 0.0485383520052 -0.00181607151723
-0.0335724392742 0.0527499974206 0.00826667994291
-0.0588512495 0.0266477656988 -0.0313994090218
-0.0533686899271 0.00150298135998 -0.0411474187511
-0.0115792844201 0.0230771725 0.00730106896885
0.0112401057228 0.00320675833587 0.0107339880708
-0.0125207664033 0.0286706209055 0.0156069675257
-0.0437476526641 0.0358334366097 0.0371511476246
0.021884912573 0.07835911133 0.0652458564015
0.0157816381442 0.0795360478597 0.0657425958822
0.0163128066087 0.011366747649 -0.0222125927655
-0.0795502145243 0.0509571546641 0.138381297104
0.0429548272763 0.0264593123904 0.0130675989194
0.0301102998338 0.0329513076668 0.0177647530535
-0.00572486651819 0.000607428391562 0.00619713578551
0.00733100942472 -0.00204904487052 0.00271153441426
0.0180527958983 -0.00563076463009 -0.00177934209554
0.00881032647913 0.00478044361969 0.00642042167435
0.00966501792957 0.0105779429409 0.00530510426513
0.00735061789113 0.0123299948325 -0.00143418420285
0.00732264939362 0.00634674732402 0.00546528999565
0.02383491822 0.00215103803177 -0.0166224243818
0.0120085322342 0.00922346977705 -0.0123347982746
0.0169386573263 -0.0104820353323 -0.0279836956406
0.0453715856255 -0.0157885287667 -0.0411666844811
-0.143874305129 0.0310078133781 0.0682415717065
-0.0531764453404 0.0272228156662 0.119001246507
-0.0344249299955 0.000802775267247 0.0706984849034
0.0431366825041 -0.0283264550754 -0.0539793390828
0.0471221765359 0.0441313969977 0.0146011337717
0.0865273884984 -0.0283181147328 -0.0583314660055
0.0872216461091 0.000696374232982 -0.0211123703081
-0.0365419366332 0.0236480715628 0.0279825615445
-0.0402085926204 0.0246993030354 0.0267289898752
0.035173669652 -0.00859954196633 -0.00944369881607
0.00661121638554 0.0218232857937 0.0273370077749
-0.00558864754056 0.0301083930552 0.0322026480299
0.0669339078014 0.0124482262782 -0.0153911740135
0.08137468329 0.00558413200281 -0.00230951770852
0.032249223896 0.0176417162271 -0.0141021876616
0.0170331717042 0.018798063938 -0.0153631017001
0.0316898247185 0.013881778296 -0.0336525691556
0.0083805010218 -0.0109147198738 -0.0648787770299
0.0361634001935 0.0189580370337 -0.0116651724646
-0.00362265794889 -0.00442953562887 -0.0313875904294
0.0597008092418 -0.00659094002244 -0.0134718819629
0.00250832912351 0.00450487823065 -0.0233615919569
-0.00661146999374 0.0184187151895 -0.00734147699675
-0.0340516708939 0.0307331524801 0.0148864260679
-0.0379112012017 0.0379876570404 -0.00392941390073
-0.0422088080274 0.048335470095 0.00101611846947
-0.00676416732233 0.00868753616574 0.0194341111928
-0.00428808194096 0.00996589252779 0.021153350477
-0.00889514339379 -0.0115144892581 -0.00158656041489
-0.00687052765808 0.000932929988404 -0.0117409182695
-0.0274379917936 0.0197201182267 0.0163234089663
0.0220322067216 0.0388319631748 0.0386944638025
-0.0349759129165 0.0391057859714 0.0548272449416
-0.0362396523853 0.0461597824337 0.062324199549
0.00708390770264 0.0113296824632 0.00250848949277
0.00328067353834 0.0191933933023 0.0293049432577
0.0153704607313 0.0263413395411 0.0335210560849
0.0268155490387 0.0225492946023 0.0326690934435
0.0245305145538 0.0189637072491 0.0296889046314
-0.0261920016636 0.0160913395744 0.0156818287325
-0.0180090514826 0.0225246268943 0.0109467019388
-0.0129883457721 0.0307728532693 0.0161952441684
0.086334424896 -0.00522916349036 0.0143289600785
0.0446446422596 0.0103254866782 -0.0219488773559
-0.00765285348352 0.00850807219041 0.0106763584576
-0.0320850571336 -0.00144490713104 0.00355458163411
-0.00295526731291 0.0293629649024 0.0184016425445
-0.00506939099946 0.0273554979437 0.0179084974046
-0.00601012179139 0.0362869539104 0.0155874406574
0.108737389683 -0.0329121848459 -0.071970487062
-0.0367548776941 0.026457633424 -0.0355449878281
0.0108668853463 -0.052187460717 0.0115106598472
-0.00792815298979 -0.0956436931991 -0.00141023918577
0.0188693417268 0.0410117587528 0.0470805645606
-0.0292168945589 -0.0327448694594 -0.0131329461117
-0.015057788372 -0.0153563445915 -0.00767020090837
0.00233386667629 0.00620284560939 0.0142660560043
0.00751869371955 0.0122387468303 0.0257961195178
0.0109705777958 -0.0166983445254 -0.0274527874847
-0.0180351532677 0.0113862047546 -0.0146009468815
0.00698727600919 -0.00620774510092 0.00759677219128
0.0900153438872 -0.0202666214215 -0.0579331985017
0.0764701888703 -0.0272988485458 0.017755259848
0.0089904522375 0.00572525824041 0.00462321469689
-0.051298637285 0.00086988633905 0.00742742530591
0.0343556473903 -0.0221588214749 -0.0151356672231
-0.0246958816171 -0.0159390256405 0.00393685161971
-0.00186910696608 -0.0189074501376 -0.0858721590599
0.0299075677568 -0.0201814275911 -0.0109368954407
0.0179036502927 0.0749887883221 0.0507681408157
-0.0348815800211 0.025298873591 0.000767074540258
-0.037072158999 -0.0844458224302 -0.00095434537998
0.00526145107944 -0.0107378477157 -0.004279187318
0.00202112800853 -0.091660862615 -0.0594257094158
0.0160620261567 0.0275685414063 -0.0259925345208
0.0410188742651 -0.014149869107 -0.0563021793638
-0.031585821477 0.0402810777204 0.00676985807443
-0.0406495913727 -0.0762459244553 -0.0555528032787
0.0582126713095 0.0927838047577 -0.0492812953135
0.0318680820467 0.0167148433557 -0.0267756293844
-0.0151560098132 0.0137678454651 -0.00911811536289
0.0473015220933 0.0383793581812 0.0218263864089
0.0730262829331 -0.0579066243424 -0.00539533433704
0.00536001842912 0.0634044325632 0.0325834018346
-0.068521320412 -0.00369107755789 0.00555868255812
-0.00799255903999 -0.00310367885515 -0.00889260212011
