0.0113560644949 0.0183554191014 -0.0156452747584
0.0329228544277 0.0258442650711 -0.0290856143082
-0.00993732033005 -0.0138353722447 -0.0222004736406
0.110318092541 -0.051021480269 -0.0279450500765
0.00139926669648 -0.00700670219608 0.0119899298843
0.155060271575 -0.100487259655 0.016970371175
-0.00589829472293 -0.0564343575904 0.159027678747
-0.0860413093665 0.0113475627222 0.135785146055
0.0043399921679 0.0306596451458 0.00552494304779
-0.0999674765623 0.0429513107973 -0.0608285324452
0.0612241648436 -0.0505990134686 0.0244323027583
-0.0687073692012 0.0315688678843 -0.0823538669868
0.0221998430406 0.0517312655366 0.0253812909216
-0.041586101095 -0.025248931386 0.0648237027705
0.0237369710378 0.0089280371827 -0.0360685935163
-0.0975228916245 0.045656589428 0.0383172628311
0.00171723650639 -0.0112888007866 -0.067177823075
-0.0835117200244 0.0432413698792 0.0552718714278
0.11287486369 -0.0276728907316 0.0350922396354
0.00678763324338 -0.00873066819333 -0.0671326795424
-0.0107582467306 -0.0267367285862 -0.00404021165095
0.0879961600472 -0.0589486551622 -0.0331293695791
0.0592328726799 -0.0261910007378 -0.0326477314156
0.000262392325687 0.0470108810849 0.0415443611091
-0.074533378897 0.0296623781619 -0.00829068216691
-0.0674335403116 0.037346019716 -0.0991185936151
0.0629699115488 -0.077876960549 -0.0281513870803
0.119277571123 0.0129652402325 0.020245122799
0.0673537642434 -0.0789240364323 -0.0134969120309
-0.0355081583514 0.0134156990099 -0.0800998234468
-0.076223473192 0.0387901843689 -0.0988525473698
-0.119482332234 0.063304584801 -0.0375602329487
0.046124831321 -0.034682766036 -0.0508438474577
0.0723619099514 -0.0671340422107 -0.0303837713397
0.156423583628 -0.131413527955 0.00936396063102
0.0528810458295 -0.023886756556 -0.0523575486712
0.0990536312272 -0.00646218151785 -0.0154224214824
-0.0276260674618 -0.00141659422931 -0.0463574130731
-0.0256711517756 0.015506423019 -0.0832023508973
-0.039501775074 0.000848984370575 0.139199388453
0.0472488143178 -0.0202289301148 0.0256954481307
-0.0461122234831 0.0448857499259 0.0565389146416
0.061566088346 -0.0759132863984 -0.0309455808056
0.180646962899 -0.10561756721 0.0245857416828
0.191608998278 -0.0619203863303 0.0326252918478
0.108965109754 -0.0277681600607 -0.0170294783704
-0.0451352359686 0.0264041354951 0.0249954309967
-0.118595602552 0.0552041489208 -0.0862290436844
-0.0363598800348 0.00751910516833 -0.0708273352688
-0.0853281307843 0.0398745340054 -0.0498911174563
0.165126459717 -0.0370727172444 0.0111920671888
0.188731285567 -0.0177355125804 0.0420224371615
0.0635916634556 -0.00391413657799 0.00757290384505
-0.085280169981 0.0347731075824 0.11685420088
0.0489543028967 -0.037639916631 -0.0303493366805
0.0139271056009 0.0217250387767 -0.00240711360246
0.0102111533558 -0.0694231614873 -0.0376437838518
-0.0494112466194 0.0224562796604 0.00650550940121
-0.0629505512244 0.0724882937545 0.0199823015986
0.103991907135 -0.105830252254 0.0039664375111
-0.0695639204646 0.0293479154741 -0.00609750240549
-0.0644345799678 0.0108079791665 0.0551083647
-0.104524891774 0.0604833830269 0.0387036596476
0.0352421258624 -0.0377136478951 -0.050245595548
0.0167513872797 -0.0351020693857 -0.0460889064901
0.0161283529698 -0.0416776465332 -0.0287223007855
0.0461252412836 -0.0748096730193 -0.0177055669353
0.0328481974748 -0.0593891667112 0.00414283670916
0.113447587483 -0.126347224805 -0.0114520036084
0.0425536955864 -0.0271097962609 -0.00198143517488
0.140252509464 -0.00437628053397 0.0122949507215
-0.00195684468422 0.0318012476256 -0.0289618172813
-0.0569457273055 0.0723937579951 0.0250946220309
-0.0809900207532 -0.106357709081 -0.0107975812174
-0.0651916639642 0.0325039227596 -0.0910943557728
-0.110294947765 0.0585167875666 -0.0834197323193
-0.0430597032348 0.0215599946174 0.020393648143
-0.0557771071383 -0.00675528673239 -0.00249637265813
-0.0468045342454 -0.0454902333233 -0.0209049069051
-0.056649211809 0.0189137438191 0.0256175275965
0.0428487615243 -0.0470036004871 0.0909026644496
0.121367860624 -0.0468254228766 -0.0113127228703
0.0155712364508 0.0484117562104 0.0341159317441
-0.0515110109118 -0.0620407765889 0.125759418424
0.138411655176 -0.104920421883 -0.00323796855616
-0.0798597563161 0.0562618115652 0.0317628354813
-0.000815598831544 -0.015450319563 0.0241086510137
-0.0742137102723 0.0702616048877 0.0360551979846
-0.0681838616336 0.0686292413916 0.0292892007965
0.000211664711004 0.00804882797223 0.000441804885151
0.0512166526573 -0.00482331841546 -0.0064199675039
-0.0374257357315 0.0554043975528 0.0669488767879
0.0536661721088 -0.025402453376 -0.035962541684
-0.0592065678953 0.00692477487281 0.0027744813552
-0.0342875876333 0.033946356116 -0.0136408845359
0.0627756748625 -0.0356559089217 -0.0598376076961
0.102249068726 -0.0355197494416 -0.0485907410154
-0.0587957203698 0.0221432870705 0.0486347324413
0.0751718487665 0.0111999641752 0.000617801599802
-0.111063635853 0.0482872307927 -0.021703358652
-0.101107022097 0.063990399292 0.00252139637976
-0.0634155586606 0.0881678446095 0.028588553361
-0.0839499092833 0.0643949286072 0.0476027476354
0.125973443707 0.008218067155 0.0290767140155
0.052677090278 0.0338203981339 0.0374489517041
0.0382717624523 0.0158196401622 -0.00901049652926
-0.0679601736594 0.0248852958466 0.0136376889233
0.0610677384954 -0.074255036702 -0.0502430453661
-0.0451637068541 -0.0249258891279 -0.0064335616653
0.0065813973247 0.00761527523767 0.0163741243781
0.0195274046679 0.0457200473885 0.0487674950754
0.0561511370128 -0.0251309926299 -0.00542232466495
0.0906844986891 -0.0836686315938 -0.0582272055997
0.117293455058 -0.1180573078 -0.0756481700921
0.0814125088239 -0.0559587234238 -0.0321850739466
0.0717830852794 -0.0281201476337 -0.0426176271781
0.00236505849588 0.0245366008796 0.0195265789943
0.0184894166643 0.0392198090798 0.029820704849
-0.119533459886 0.055554635338 0.0607656630476
-0.0253688293722 0.00160468047565 0.00733479104999
-0.106246154816 0.0176134682951 0.0429378691904
-0.0638036470463 -0.0125922956273 0.00406821757331
-0.0678237018439 -0.0242454689161 0.0092639101384
-0.0879843044007 -0.0241022977752 -0.00592628502944
-0.0568813714235 -0.015977309556 -0.0203260112199
0.0259672148908 -0.0460531873405 -0.045683845823
-0.0214747806337 -0.0287858469331 -0.00966262454261
-0.0423950135847 0.0031473169398 0.0207142013729
0.0339843443848 -0.0141464773398 -0.027290681875
0.0641730386455 0.000740432618394 -0.00589439899846
0.0969760024635 -0.0564546637231 -0.0604977773713
0.086039494465 -0.0419454531497 -0.0475552093547
0.0501696086042 0.0126300944961 -0.00870773322691
-0.0819215290666 0.0528765200676 0.0772252488269
0.024183684229 -0.0639731243282 -0.119018930209
-0.0819781639877 -0.00920368053657 0.0195500591381
-0.0533680042462 -0.00557226887845 0.00640613795241
0.0419258797715 0.0185682830317 0.00769381032778
-0.00284462898767 0.025804461779 0.0322695422683
0.0115532660074 -0.0497354950017 -0.0928198799485
0.0494800068374 0.00628941442579 0.0114172626728
0.0354784731614 -0.0123324852054 -0.00464973194246
-0.0112160947788 -0.00661387659388 0.00882557994148
0.0128383007998 0.0604929398659 0.0557461702747
0.115765489509 -0.0159642220876 0.016444832857
0.0345099401668 -0.0185530771175 -0.000282078681452
-0.0310203385389 -0.00310695301681 -0.00235523026329
-0.0362047917404 -0.100512326739 -0.0354200168385
-0.00468944252878 -0.100505217345 -0.0408465210223
0.0725018200776 -0.0444635071221 -0.0396611242479
-0.0529108926482 -0.00286280419583 0.0147204589858
0.0681155646126 -0.0016637143407 -0.034819879006
-0.0640353712206 -0.0522478711866 -0.0694417164721
0.00575792036832 -0.0137977270173 -0.00997140371103
0.0262130777637 0.0117771297366 -0.00640124726694
-0.00849155031046 -0.02629794176 0.0303105461014
0.0567227256151 -0.0183714620366 -0.0175679403837
-0.00456754927267 0.0217185364366 -0.0100273939716
-0.03673080488 0.00884386504189 -0.00287028313482
-0.016851315384 0.0121297388533 -0.0098894106819
-0.0490722718525 -0.0130510754218 0.000836472952643
0.0357506355407 0.0284927631378 -0.0274002857658
-0.0610441493615 -0.00986718760044 -0.000390757649187
-0.0341641728371 0.0385580190668 0.0132400145666
-0.0457296453479 -0.0495106111753 -0.00834426679951
0.0998794820582 0.00628381966776 -0.0520839673695
0.0997425730686 0.00776747135152 -0.0455451331021
-0.000151125454214 0.0210762095902 -0.017020302754
-0.0552585714206 0.0303889220772 0.0072923652511
-0.0776755790464 0.0314784936867 0.0187512811753
-0.0359456678119 0.0257188445281 0.0117024083796
-0.0134230554554 0.0133046954624 0.0144898399447
-0.0252887988598 0.0282673447817 -0.000810316405792
-0.0235757871315 0.0118326006052 -0.0101971943611
-0.0110844351132 -0.0211955213757 -0.0220256119398
-0.0210172617999 -0.0102489003936 -0.00193694326382
-0.043303084244 0.0285538599783 0.0413481795035
-0.100844611197 0.0645948799454 0.067109886087
0.0239803247515 -0.0315769106973 -0.0128440145332
-0.00134631979893 0.0222057912041 0.0134879042162
0.00300284219905 0.0401050618645 0.0407168093756
0.0710796344368 0.02470804832 0.020998248946
0.0383859614764 0.0145191373024 0.0195732364827
0.0964151183771 -0.0895095872868 -0.0612287796693
0.117738554933 -0.0883279963509 -0.0669525191689
0.0419819707302 -0.0320119903687 -0.0195925364294
-0.00479305382415 -0.00296002230517 0.00045105054546
0.0712390067559 -0.0657251339612 -0.056502500336
0.101171045176 -0.0462671526631 -0.0553767513442
0.013215326451 -0.0227503096572 -0.00919942868836
-0.067577799686 -0.0499858031219 -0.00560964735839
-0.0370763008643 -0.00592624987223 0.0113875125858
0.041783698304 0.0163272598016 0.0383601892994
0.113478813293 -0.0214856298815 -0.0143015985095
0.114039050756 -0.0658603717715 0.0199534322156
0.0682882783667 -0.012548346177 -0.00121766291629
0.0691825586305 -0.0789324764208 0.0651854848778
0.0610959191392 -0.0650735123526 0.0214462123128
0.00635162377273 -0.0540449479223 0.0453456485746
0.00597597142734 -0.0745650686383 0.110242936017
-0.0543221857226 -0.0480833623246 0.185955660499
-0.0493053542525 -0.0106648900272 0.196694530593
-0.0445980635109 0.0237882251477 0.0990527355375
-0.0693602003304 0.0224231895411 0.0158063758026
0.0367315464482 -0.00425408179381 -0.0842106032352
-0.0393205330752 0.0730810511915 0.0724651772343
0.0298575750511 0.00618989931792 -0.00854687449159
0.0242291445939 -0.0112400556033 -0.0336061140626
0.0238276082145 -0.00950630396829 -0.0367826554874
0.030560203058 0.00158962909011 -0.00517492632705
-0.0165227270693 0.0138870435192 0.0184564570383
-0.0315537386234 -0.0494451577395 0.00364440095085
-0.0412204930067 0.0253861055044 0.0509383566914
-0.0549284328848 -0.0162712002598 -0.0107739046468
0.0155884840582 -0.00541357626577 -0.0209018344217
-0.0488994445009 0.0132044342529 0.0350153632359
-0.0146656913268 0.014530372083 0.0435068112422
-0.0359984879529 -0.023875216453 -0.00918430374553
-0.036549284586 -0.017864294959 -0.0337830504765
-0.0520226940025 0.0309619062238 0.0122529381236
-0.0490942120326 0.0151266381793 0.000731071975884
-0.0880296406045 0.0173917285846 0.0378600462685
0.0389150474263 -0.0184972915516 -0.00991328946768
0.0108996476358 0.0476470533358 0.0483412858772
0.0391329721892 -0.0276882767768 -0.00514720781226
-0.00483665557806 -0.00791422680676 -0.00394933117091
-0.0296803427266 0.0401066095055 0.0119047358556
-0.0087558744275 0.0289967873325 -0.00185245354647
0.0130951106308 -0.000994926502183 -0.00165189294456
0.0227502950958 -0.0448418706397 -0.0281699241508
0.0367690611644 -0.0847552183653 -0.0572026986879
0.0425412786102 -0.0824124057935 -0.05175710658
0.0832422889093 -0.0385110886684 -0.0339116936763
0.117084693053 -0.001668881759 -0.0157102007506
0.00744123058359 -0.102443342567 -0.0508894972966
-0.0305495203183 -0.134558974422 -0.0488794477307
-0.0519111320557 -0.124556743144 -0.029863636744
-0.00541307760388 -0.105869716771 -0.0508301688484
-0.0269575711968 -0.0543785186437 -0.0225947406124
-0.0567792414685 -0.0293921654479 -0.00568521085532
-0.0897803327764 -0.0318463370412 0.179999849185
-0.0690134838036 -0.0406398014864 0.111375255737
-0.066846225357 -0.0853439594585 -0.00953393524689
-0.0807372697992 -0.0576011741947 0.00311356229114
-0.0785568437193 -0.0591217168294 0.000811444166236
0.0614974937095 -0.00333369066487 -0.0381084794754
0.0857498644635 -0.00682245752425 -0.0536296104646
-0.0752105740595 0.00204094784859 0.0143716606778
-0.0778595150753 0.00615296310502 0.015817268116
-0.060621721091 -0.11382967887 -0.0266605132765
0.0382927805522 -0.0481335410584 -0.0353462231562
0.0364268829808 -0.020712824746 -0.0153097569611
-0.00660104690422 -0.0177979756431 -0.00425838161796
-0.0105020955039 -0.0105249075481 0.005086079223
0.00332541432597 -0.00787327822032 0.0017334548673
-0.000111813863882 -0.003780192149 0.00479046000006
0.081792011286 -0.0126285365661 -0.0190031290615
0.101072922246 0.00087049171151 -0.0102480056715
0.0599531749499 0.00318383178762 0.000199997471742
0.00119191403322 -0.0133534319675 -0.00685079824542
-0.0302331544009 -0.0124863600989 -0.00593866682329
-0.0643302601061 0.00112399458017 0.019862845679
-0.045877143108 -0.000118761945787 0.0222256925829
-0.0265681985734 0.00680324978638 0.0297885644903
0.00387728471682 -0.0021658231793 0.0120037876471
0.0212972961894 -0.0020779815396 0.000518856511785
-0.0994779416732 0.0674593236071 0.0827452197309
-0.0749795764467 0.0360784949433 0.0580697565331
0.0127202326784 -0.0198349276617 0.0131652616319
-0.026121443857 0.000897222141025 -0.00800199809533
-0.0665651469046 0.0123298055566 0.0229102611337
-0.059242923535 0.0154285317654 0.0394281020527
-0.0663675273352 0.00912708857325 0.0318984060212
-0.0398804803386 0.00723592605634 0.0326402918212
0.0340958250066 0.0128348219618 0.00624830841952
0.0783529274939 0.0118880009262 0.0109863843314
0.0647582570838 -0.0282305691842 0.0347322003925
-0.0201611522414 0.000664133579975 -0.0101856895149
0.0462340500392 -0.00579502730289 0.0351292021066
-0.0292584612923 -0.00283476048264 0.00950328953291
0.0331191204334 -0.0279565558602 -0.0247531951357
0.036712388417 -0.0396888004997 -0.107465761214
0.0780382962113 -0.0482310736655 -0.0767828131717
0.0596278526569 -0.0296594955165 -0.0342770025195
-0.039999895162 0.0197528492793 0.0393712137529
-0.0602666017562 0.0115713382964 0.0395370396391
0.0226310965711 -0.00609461969034 -0.0157661827822
-0.109174479596 0.037713022621 0.0565371997913
-0.0889550831215 0.0237989700026 0.0303150476241
-0.0431909186236 0.025149541526 0.0524467798049
-0.00529144373174 0.0251799118299 0.0503417668583
-0.041889762907 0.0144758103907 0.0304222859269
-0.0286318519478 0.00607666360447 0.00800213755349
-0.0260932549094 0.0053422513712 -0.00209737272745
-0.00889409607526 -0.00156354092794 -0.0113664935947
0.0479289459195 0.0138994658334 0.00208323504573
-0.056850764971 -0.00170417860353 0.0108447417778
-0.0627867550829 -0.0343852545406 -0.0117814661034
-0.0578057778265 -0.00839982428415 0.0081881361217
-0.0223141910041 0.00788287270284 0.0275963513116
0.0167362879845 -0.00828891392273 0.00930292546538
-0.108613912281 0.0321352046963 0.0149954572206
0.0941115798296 -0.00709024615722 0.0375023453927
-0.0237126227669 -0.00274740444248 -0.00337485091126
0.0298403414133 0.0137310043843 -0.0481193953576
0.0268453724562 -0.0151211618311 -0.000125060939097
0.0173942717897 0.0180673286141 -0.0738430678666
-0.0402336064609 0.0557885384136 0.143644821984
-0.0367602318477 -0.0447768018539 -0.0504812917615
0.0439727558847 -0.0339589024592 -0.0542692080087
0.0615810765569 -0.049517651859 -0.103212873166
-0.00163606557867 -0.060406338923 -0.144771544982
-0.0395902075301 -0.0379334146884 -0.140501225831
0.0182669461302 -0.0122103267649 -0.0218310814642
0.0348119798397 -0.00629406374271 -0.0178269984086
0.037974823016 -0.00226960395466 -0.0224962552507
0.0415955079735 -0.0186620454234 -0.0279914936669
0.0103354047496 -0.000573888834167 -0.00345193826085
0.0129957657691 0.00888884703245 0.00581597518834
0.0253007475965 0.0238743966204 0.0187183805749
0.015655316054 0.0147484481384 0.0200474796875
0.0648309753032 -0.0118838897437 -0.0306267245251
0.0191874611742 0.0246686905364 0.0201730489297
0.0415346119146 -0.00673958938166 -0.0476451364587
0.0110587413866 -0.0255721522226 -0.0985253578916
0.0544598881537 0.00764626301752 -0.0223496344132
0.0516256421499 0.00586418669905 -0.0392479411552
0.0715378214876 0.00423233898086 0.00283167264661
-0.00964600110987 -0.00825746298556 -0.0738619606215
-0.0576755155634 -0.0202459968761 -0.0517097303488
0.0537951634364 0.0187967455857 0.0221085548159
0.0183532082005 0.00234922470752 0.0161289443052
0.010557134834 -0.00140897197735 0.0416140320847
-0.0186999697759 -0.00766542265463 0.00166713082973
0.0196664067174 -0.010852222556 0.00168652641064
0.0678517764024 0.0150294801821 0.0347686144281
0.0910523942315 0.00552542512888 0.0320720258603
0.0973160750102 -0.00275714388352 0.0356814736535
0.0859056120103 -0.0196212044589 0.0477092571638
0.0621548039267 -0.0209066008787 0.0124360142436
0.071990497431 0.0036471059973 0.0352095630821
0.0627425153495 -0.0100003431911 0.0217686966967
0.0272622529812 -0.0140727169815 -0.000932617120161
-0.0124023843098 -0.0147949762564 -0.00772448243552
-0.0345030755836 -0.0116434340315 0.00803544353412
-0.0708342263547 0.0300833145137 0.0562097927603
-0.177951007958 0.0977543803446 0.094397158688
-0.0374240558578 -0.0347209627967 0.00881386388248
0.0198259810896 0.00111298542383 0.0807626946966
0.0264871882038 -0.0230280146318 -0.04413385338
0.100667893681 0.106414922339 -0.0443407402795
0.117276788631 0.124619266658 0.107864412107
0.0175825639212 -0.01403446112 -0.0107162185795
-0.0354343888943 0.00565501163055 -0.00528441032196
-0.0588577990379 0.000436968470101 -0.0380483745111
-0.119260020047 0.0448317309231 -0.0661040478054
0.025355992431 -0.0213124739349 -0.0156305941734
0.0331048453521 0.0246605920328 0.0426547628233
-0.014803672912 0.022114367638 0.0482722936917
-0.00875068578315 0.00992130844604 0.0339595853325
-0.0238532129236 0.0192365021083 0.0369422374883
0.00906117488069 0.0167895539987 0.0202827116297
0.0776381598809 0.00257563284601 -0.0190455845085
-0.00451279665922 0.0240398455318 0.0298463432767
-0.0292379110547 0.00970006794875 0.0240192198071
-0.0436743355109 0.00425266961973 0.0141138860953
-0.018725511922 0.0135979752226 0.0197997828731
0.00572543536734 0.0242990075344 0.0289096365228
-0.0212880760317 0.00584579893516 0.013291263201
0.0513992540948 0.0070112477117 -0.0188709506234
-0.0644357021302 -0.012974680307 0.0153621113708
-0.0783990700119 -0.0306714998532 -0.00492837567054
-0.0558387120898 -0.0608159699803 -0.0854586667533
-0.0790610518627 -0.0129540021806 0.00949524728139
-0.0739872192019 0.0299233091757 0.0559902866248
-0.046631377246 0.0473949669752 0.0490599615094
0.0303476257524 0.0304332596462 -0.00243073621253
-0.0888817182647 0.0285829589389 0.0562477265685
-0.0609706248847 -0.0254395854499 -0.032937723965
0.00110043752206 0.0365223059008 0.0236690954139
-0.0209693126171 -0.0653568131354 -0.12201863306
-0.0771064891843 -0.0353172500944 -0.0458990251772
-0.034904664001 0.0209987211469 0.0280492799202
-0.00123544773999 0.00947276159184 0.00694680932737
0.0500573013367 0.0111154345847 -0.0293915966498
0.00540305750093 0.0560957031387 0.0549853915333
-0.0224899275407 0.0638683967048 0.0675696820809
-0.0356422933279 0.0262201476966 0.0378400635373
0.0748310374001 0.0100331742179 -0.045980276428
-0.0630875885483 0.0183992966272 0.0154818922543
-0.0205590371079 0.0181428158929 0.041725839266
0.0407389384244 -0.0584411818539 -0.107002122158
0.0333444859808 -0.0106057767028 -0.0230635259908
0.0156851982081 0.00189919040711 -0.0491610967386
-0.00566084219648 -0.0122325028579 -0.0385292385018
-0.0072288752563 -0.0176731803569 -0.0502714471168
0.0391042568001 0.044371848466 -0.0558941699956
0.0950521277268 0.0670518424078 -0.021056381072
0.0649334450291 0.0187681610409 -0.0298499141187
0.011821402356 0.0564065388827 -0.0981048706225
0.0016634623498 0.0980868216713 -0.134463118163
0.0954404054245 0.185943060702 -0.00112810613308
0.137109315061 0.0761887063237 0.0208227914081
0.147769242264 0.118173759064 0.00810957454255
0.103512605876 0.139103506868 0.0196528049705
-0.0724267651879 0.146515888388 0.170509718007
0.120735957617 0.180117324082 0.0836044552113
0.0734606964124 0.137290741163 -0.0698562901415
-0.13414111733 0.145698278822 0.00247217097409
0.0212510367516 0.146915736953 0.186125592284
0.0292951694752 0.0765140640087 0.154200443839
0.0804026686195 0.106445968401 -0.114725462894
0.000806826746384 0.0714231761096 -0.129353777098
-0.103282036345 0.0669998021168 -0.104969552017
-0.201996461314 0.0728471575466 -0.00368897899538
-0.171160611166 0.0635880901661 0.0555964142919
-0.108807134938 0.0694605690241 0.111361450405
-0.116576732667 0.101411397952 -0.0829902871315
-0.0485345830029 0.106653981256 0.19372471944
-0.105940737578 0.104013785101 0.156963343853
-0.0035162245126 0.139251698675 -0.109303898016
-0.0131586075436 0.200135865123 -0.0204894534229
0.0793147920902 -0.0125967078029 -0.0355132796106
-0.0208658742645 0.00924871267526 0.017728623617
-0.0461553229521 -0.0241662000883 -0.027842708697
-0.0553660799572 -0.0495722509221 -0.032168929324
-0.023247764757 -0.056972733762 -0.0336688940189
-0.00900480566393 -0.0432784574689 -0.0586199841238
-0.0319321166599 -0.0275362700662 -0.0449373307569
-0.0208885379767 -0.0316165010711 -0.0538990701307
-0.0196172069835 -0.0160545454884 -0.0325983436425
0.0166007863865 0.00672402770196 -0.00963064908494
0.0186340658511 -0.0357453566076 0.00548981943391
0.0863714678934 0.0137694637716 0.00451321776558
0.00564567945451 -0.00837900784834 -0.00932195659681
0.00553569264677 0.0640681521417 0.0508627079334
0.039890294596 -0.0231295313124 -0.0619147853234
-0.0264791452741 -0.00480309997248 -0.017182463718
-0.0296650652044 0.00428117291228 0.00855187109329
-0.0185742133646 0.00773176870116 0.0108902240447
0.0203939102447 0.012776046417 0.00305454943979
0.0450301087532 0.0093786421288 -0.000503790338374
0.0826024570586 0.0069943363272 -0.00853508071714
0.035497552085 0.0227864210502 0.0251385008194
0.0664238274873 0.00974497388018 -0.00618721909783
0.0608749840786 0.0143885392373 -0.0048837693154
-0.0992994728964 0.179615533096 0.107689488938
-0.156908340756 0.13386266584 0.105633625731
-0.0248407767547 -2.5559706574e-05 0.0630696938813
-0.0325441673981 0.0129495440573 0.0240028506719
-0.0419012227535 0.039813604945 0.0480139659643
-0.0779961616263 0.0611286411378 0.0758805624528
-0.10018565618 0.0729474987846 0.0848612665008
-0.0505394833851 0.0565609857483 0.068845364675
-0.0202515857287 0.0353403311065 0.0343815151512
0.0372116234253 0.0290588086339 0.0212916999101
0.0759526210109 0.0247296394062 0.0156014857391
0.0314544708732 0.0380838383314 0.0378959379149
0.0185010707454 0.0389961771139 0.045145455223
0.012123225297 0.035143151742 0.0447763124172
0.0610485838001 0.0071228516953 0.00942134284115
0.0576514656684 0.0188661494517 0.0201774213192
-0.0260463594604 0.0514046809039 0.0588625299701
0.0388142406045 -0.00407988309506 -0.00598627807461
0.0102561920221 -9.37926551937e-05 0.00121253966965
-0.0390465552229 -0.00331339818418 0.000529679185559
-0.0608886990877 -0.00431810964423 -0.00265269172652
-0.0263473568931 -0.0251016332797 -0.0444541335546
-0.0892616296618 0.0252334099642 0.0489295728976
-0.0923248183292 0.0367607694743 0.0632250369446
-0.0790360146974 0.0454673782671 0.075064301886
-0.083568948564 0.00875594911338 0.0182031020745
-0.078813997684 0.0539048916035 0.0633050741026
-0.0405114398664 0.0237828452777 0.0285639325215
-0.00245600459314 -0.00947721416626 0.0061620061955
-0.0582942117841 0.0362470720575 0.0310258433702
-0.109930816831 0.0633679914105 0.06159085792
-0.131807520024 0.0796895594921 0.0927499371404
-0.133374698328 0.0722954094742 0.0894521025981
-0.0151680692138 0.0380764669251 0.0483918442959
-0.0351912280683 0.0339772794042 0.0535494023118
0.0526501929164 -0.00824384268387 -0.0019244581564
0.0542953874774 -0.0493726254586 -0.0458073215341
-0.0071606081326 -0.0434127443392 -0.0275804363991
-0.0774828596996 -0.0232475294827 0.00871892872194
-0.115343447216 0.0326915883705 0.0592063077087
-0.0866465503155 -0.0303402782608 0.00596341092528
-0.0695171693589 -0.0499180350171 -0.115719055134
-0.0332048212237 -0.0526503959752 -0.132068226319
0.00178957434463 -0.0233850466404 -0.0396724350997
0.00769254291291 -0.00183568140399 -0.0386588486508
0.0362751364108 -0.00882898479205 -0.0387812895283
-0.051254982511 0.0288138177472 -0.0116015584796
-0.0764884682528 0.0515237092029 0.0128233835344
-0.0880677413853 0.0481231044035 0.0116230098336
-0.0757346348838 0.0197501127233 0.00298676001431
-0.075657599253 0.065429399352 0.0196358988989
-0.03170630223 0.042270803343 -0.00381774729116
-0.0727605915073 0.044300181326 0.0276167298074
-0.0291965834516 0.0117635307428 0.0330581883567
0.00619146115245 -0.00372786917215 0.0301843889503
0.0460410793508 -0.0170673436079 0.0160661609357
0.0984112098881 -0.0505697778075 0.0235060165642
0.156657617146 -0.0634806700212 0.0392956684398
-0.0894224410013 0.00509841228459 -0.00387768359408
-0.0836710653391 0.0705569425482 0.0343660015116
0.0168026595447 0.0511437010735 0.0351914702322
0.0386384759201 -0.00146496595934 -0.0111671731314
0.0632459694961 -0.0277903712178 -0.0236337371626
0.0515029471338 -0.0133679304553 -0.0347584347572
0.0431825897445 -0.0202177452225 -0.0412943488879
0.062235982314 -0.0368531932865 -0.0465994871048
0.0977088648532 -0.0557749241995 -0.0538520556034
0.0882089912146 -0.0668483780412 -0.0575926404273
-0.0731494754927 -0.0140432680485 0.114609339128
-0.023658585297 0.09069629358 0.0754573050199
-0.0814830071298 0.0731133536321 0.0778428820742
-0.0369296599279 0.0557871385613 0.0542797732824
0.00384122041514 0.0114738521505 0.0234251304372
-0.0679826893056 0.0577040223105 0.067630836412
-0.0197571701012 0.0258539498133 0.0301842005486
-0.0185306874862 0.00399048163985 0.0111158539847
-0.0660965243752 0.0528216762 -0.0225735869628
0.0105562962459 0.0385240477143 0.0367059427313
0.0160414375316 0.0291424755155 0.0267826648895
0.00699516224943 0.0156503692491 0.00677154965306
-0.0544842241114 -0.0287821900047 -0.00761936907711
-0.0396251644948 -0.0101759723843 0.00536100913245
-0.0170648602357 -0.000986150761881 0.0793587108799
-0.0152884699473 0.0154610812099 0.0373816222339
-0.0459873646091 0.0521704810146 0.0102187424695
-0.0621074575983 0.0753359306246 0.02969173292
-0.0174527952807 0.0566645982041 -0.0181271351865
0.0510369492787 -0.000162778041597 -0.0249288392524
-0.0208639692191 0.0376019631382 -0.0243122878977
-0.00336204025226 0.0191306537107 -0.0216001072643
0.0162851225231 -0.020105225653 -0.0370657007293
0.0553979592643 -0.0431833715263 -0.0523384282651
0.0316838499241 -0.0261865535652 0.0572364820883
-0.00249707142989 -0.017049166555 0.128900895552
0.0205773741862 -0.050828610963 0.138015117571
-0.0173899066958 -0.0266497021635 0.179663540552
0.0864303574474 0.045278216105 0.0846023231027
-0.0548742490313 -0.0145499897454 0.000560522347264
-0.0767291645526 0.0167596286152 0.0422316690028
0.00116475500309 -0.000607469873334 -0.0408943641292
0.0459074991692 -0.0191266926159 0.0435706119574
0.0481039181349 -0.0452355892133 -0.0383393913317
-0.00212000704542 -0.0307189939338 -0.013783123053
-0.0677821936282 -0.00972159478961 0.0189267027657
0.0249398525382 -0.00113465608988 -0.0188851395482
0.0837362053299 -0.0115007635212 -0.0163673835222
0.0444519036101 -0.00278208684278 -0.00576541668304
-0.0112432184869 -0.0182778451293 -0.00616961548419
-0.00431781422212 0.00749529653426 0.00327688091191
-0.0395199256485 0.0187021257491 0.00927693266867
-0.0429249567069 0.0270865577918 0.01854061089
0.0150600784699 -0.0215176484359 0.00746847738677
0.0349031117126 0.00996536210819 -0.0206403858773
-0.00282751727927 -0.00510312616772 -0.00138037598972
-0.0512093878912 -0.0248042633355 -0.0414203226151
-0.00184793273277 -0.0169242179059 -0.00899371637197
0.0271798258014 0.00556116439027 0.0141614530389
0.0404169723699 -0.0248511717918 -0.00108149867449
0.082606856688 -0.0803888684583 -0.0401815709232
0.101457406474 -0.105988322867 -0.0592965595311
0.0874864018084 -0.0886494532804 -0.0474240145568
0.0732788938636 -0.0601159810008 -0.0372246526837
0.105589080415 -0.111648220336 -0.0703126833963
0.102191921941 -0.107266549008 -0.0718745601953
0.0634007120041 -0.0515907088605 -0.0171729614565
0.0279445689859 -0.00288555718394 0.0161079236258
0.0329356558806 -0.0234229290307 0.0039030246326
5.18043586142e-05 0.0410289838371 0.0395652148532
0.102811339279 -0.0975736705239 -0.0616446109552
0.035321162084 0.0142888392804 0.0250639617856
0.0482325328897 0.0230705982852 0.0186156052923
0.0291410001073 0.0453679802628 0.0417178878481
-0.139558163418 0.0386871069498 -0.0127511541035
-0.0791926012542 0.0214380161179 -0.0659995730178
-0.0153410149466 0.000166247232239 -0.0683913102097
-0.0437184974546 0.035239126929 -0.122975583867
0.0795379154161 -0.0396922189961 -0.0561355651678
0.0983823412224 -0.0517696704559 -0.0651962395944
-0.015824403257 0.0741597625748 0.0144475174519
-0.0162252027133 0.0721959753004 0.0297827076978
-0.0161727411958 0.0687694631871 0.0482726080025
-0.0590373343271 0.083810493875 0.0240350502231
-0.0839562221916 0.0793051421535 0.0368274945763
0.0635786291258 -0.0729876076305 -0.00590154646741
0.102463730187 -0.117883932222 -0.00883705910626
0.0414513908907 -0.0543301389499 0.00937762895277
0.028290618682 0.0267633790076 0.0320607990014
-0.0120841137091 0.0396252046583 0.0398951677021
0.0161677099908 0.0464127960273 0.049571913922
0.0687838136528 -0.0400620668111 -0.0458873092313
-0.0739456150877 -0.00675389949967 0.188353970689
0.0396097359361 -0.0655587238376 -0.0356653444116
-0.00975104236466 -0.0708594935152 -0.0231999875983
-0.0365280644236 0.0278423351155 0.0487065170226
0.0236762345254 0.00213121590857 0.00821446620152
0.0721838654924 -0.0239341491804 -0.0249860201869
0.0628797319935 -0.00792249622868 -0.0167630922649
0.0865026013215 -0.0149151774991 -0.0363052202004
0.0858763172843 -0.0194462796677 -0.044944642656
0.0305148150431 0.0198858556437 0.0104983333595
0.0671102655999 -0.00211407216523 -0.0327968451977
0.0654261127417 -0.0141361053993 -0.0418507303725
0.0436011179425 -0.0167670701232 -0.0360066753343
0.0619376755651 -0.0117507232349 -0.044303783783
-0.00771112663344 0.0168315480797 0.0285855142936
-0.0602804046048 0.0188255216624 0.144757560204
-0.0582296674133 0.0270678529798 0.11309581522
0.0276608162734 -0.0144254146428 -0.0387265428073
0.0939708311758 0.0231211195868 0.0289537388404
0.0864822445586 -0.0107368393932 -0.0486460643401
0.0386982295656 -0.0184129655768 0.0120510111876
-0.0208622109034 -0.00620879838769 -0.0169205112379
0.0463755745828 0.00258464631798 0.00194159566202
0.00310444937309 -0.0170744574123 -0.00312613445564
0.0756993204787 -0.0170576301276 -0.0205629788941
0.0480958590617 -0.00204662036868 0.00174037398012
0.0221927221722 -0.0103256558961 0.0325227704255
0.0379437282491 -0.0104770944628 0.0478423901189
0.00285369983372 -0.00490531093089 0.0249473227692
-0.0145382038001 0.00394100855429 0.0298614472622
0.000401100638342 -0.0107060623742 -0.00562464869332
-0.0266387331974 -0.0155763481629 -0.0324062768317
0.000868435128097 0.00653552264169 0.0422655797518
-0.0140962984847 -0.0204599251898 -0.103552165214
0.0724639123953 -0.00620952923895 -0.0187369166179
-0.0823759103127 0.0330708689851 0.0199429880075
-0.0789618351975 0.0347967720979 0.0174995677751
-0.105389698648 0.0563232931268 0.069208126163
-0.0629065724911 0.0626259087459 0.0262467303851
-0.0434515266189 0.043087302867 0.0229421823555
0.0799195206428 -0.0321566024948 -0.0391756271933
0.0574512037662 -0.0459948955526 -0.0625907931028
0.0228264705901 -0.0348454476665 0.0150453112156
-0.0029049340501 -0.0378767754552 0.0262145539653
-0.0543372695936 0.0294760846116 0.0441061124735
0.0379590975281 0.0115689791986 -0.00478138589541
-0.00620088288165 0.0101102362872 0.00981574895069
-0.0108606808054 0.0108237776882 0.00754490988947
-0.0772633977805 -0.0357353687264 -0.022340667877
-0.061698353613 -0.0484742516816 -0.0666166395178
0.00846330338369 -0.0188567036755 -0.0313994427765
0.0169929802713 -0.031915606235 -0.054801053006
0.0476035935349 -0.0387997373392 -0.0629889337142
0.00482043713399 0.00550095488255 0.017042056644
-0.0535969140938 0.00878875199357 -0.00210911269549
-0.0659102955334 -0.0199500293841 -0.000126131009467
0.162596569393 -0.0335937781504 0.0264805490067
0.00245069798717 0.018708812901 0.022538447776
-0.0538316238243 0.0514741385304 0.0685500632994
-0.0904366342924 -0.00550207899831 0.024472217692
-0.0648787645115 0.0127264980037 0.0290413804851
-0.0867271685932 0.0115517945321 0.0257209872775
-0.0711099766319 0.0378404681449 0.045076398951
0.0771426703347 -0.00393548210016 -0.030458759569
-0.0390714174735 0.0574772637783 0.0281207648022
0.0963320193819 -0.0301964839939 -0.0202961778055
0.00598051349057 -0.0028585182971 -0.00391210452624
0.0263102614086 0.0226552377191 0.0289194555476
-0.0698073532003 -0.0423383512455 -0.00653846682925
-0.0878140803779 -0.0192826543695 0.00649257036403
-0.0232044363146 -0.0715540107353 -0.153697757122
-0.0132287868668 -0.069336841626 -0.129977669155
-0.0569350707253 0.0692066301848 0.0235858583846
-0.0765686288287 0.0836006611176 0.0334635573865
-0.00251158600024 0.00906435455261 0.0150618505335
0.0225413288604 -0.00636645523824 -0.0520253995491
0.0606055529419 -0.025724704121 0.0132118594912
0.00661408798421 0.00577013778446 0.00815695841133
0.00342157581421 -0.0112923322287 -0.000349146205626
0.058609891668 -0.0249671292558 -0.0210969300384
-0.0161725608062 0.0158785777083 -0.0125725479971
-0.0114485551604 0.0255787283067 -0.0626197638911
-0.028323596325 0.00402429153106 0.007148699802
-0.0469676060261 0.0429864137716 0.0359040936103
0.00220627898387 0.0176444547214 0.00336528044484
0.0012094203989 0.0188351628344 -0.0160180463038
-0.0258040696511 0.0167520372132 0.0403976807664
-0.0155293361424 -0.0336735069764 0.0322396871921
0.0467283843007 0.0330840309038 0.0188515440663
-0.020122346598 0.00971624571576 -0.0146900262472
-0.0372437562429 0.0240060678305 0.026840755959
-0.0485316892455 -0.0478316338564 -0.0115026638769
0.0560209669906 0.0736541627772 -0.0657997096068
-0.0207780026223 0.0161811671598 0.033360749073
-0.0556865283728 0.037568583193 0.0157816158308
0.0350482961112 0.0169824879357 0.0204290186417
0.00563153240686 -0.0178005722783 -0.0110148220301
0.0316897508872 0.0481902590679 0.0457093680979
-0.107893624285 0.00714642232955 0.0384168687136
0.0686550264743 -0.0472215826464 -0.0593427314054
