-0.0186239846302 -0.0414862985211 -0.018399993565
-0.00608477804299 -0.0299120601526 -0.00279661433058
0.0105424801171 -0.0422831433286 -0.0614062583349
0.0128391426039 -0.0260878944505 -0.0165724613387
-0.0279537427849 0.0386956582353 0.0149518691471
0.00561676211857 -0.0125565035014 0.0070878964728
-0.00608036342279 0.0206641017393 0.0434007553618
-0.0146992254007 0.0393118577285 0.0333224290984
-0.0251263919535 0.0125818045548 0.0302470609796
-0.0257390350584 -0.0382912979862 -0.0583935148662
-0.0133178340965 0.00483007299623 0.0136150951488
0.00265537160913 -0.00619164400465 -0.00418664039489
0.00501021941621 -0.00380721137024 -0.0162034881359
0.00848154224761 0.0277529668933 -0.00872481378787
-0.0051623303451 0.00708403581298 0.00914381457559
-0.0144438315293 -0.0035868732521 0.0111903566906
0.0130821406586 -0.0157333921392 -0.00804121330038
-0.00806325215558 -0.0264868191163 -0.00815281287487
-0.0120664501253 -0.00653389673972 0.00921075540446
0.012656861282 -0.0195850010752 -0.0131190892882
0.0188240611999 0.00836002758269 0.0130002719372
0.0207061241751 -0.0248021110578 -0.00982806421447
0.0403913031021 -0.0116097097847 -0.0123496441382
-0.0370202781947 -0.0107397328737 0.00425990086505
0.00699591246783 -0.0172077697342 -0.0187093590836
-0.00616963370043 -0.0241693621055 -0.0345992156466
0.0279322662501 -0.0133999937445 0.00637442297002
-0.0170260220064 -0.0238225593199 -0.0425385970685
-1.63325634363e-05 0.0159112561782 0.0106595963659
0.00753019560118 -0.013150435339 -0.0095803434162
-0.0022367754354 -0.0152937915096 -0.0194128869383
-0.0164662590212 0.00423984441196 0.00695874399865
0.0176209706 -0.021823760397 -0.010685716926
0.0279684049005 -0.0217807621419 -0.00168840209275
0.0339439192246 -0.0255614612869 0.00544826250779
0.0124796128284 -0.025962354367 -0.0201476116997
-0.00259980572126 -0.0379528767053 -0.0467843006917
0.0149386147369 -0.0034382112323 0.00685212878335
0.00520343659331 -0.0209875677805 -0.0213772467302
-0.00487087063141 0.00302320721292 0.0372265749301
-0.0275863838003 0.0137894397265 0.0132730570368
0.00149473123445 -0.0238200539927 0.000570901230867
0.0269025557482 -0.00618728228509 -0.008016914279
0.029215130978 -0.0323735138256 -0.00472745857826
0.00413313604088 -0.0230688318185 -0.00792108928984
0.0100499779694 -0.0354839251408 -0.0325058663405
0.00303417831987 0.00118646114811 -0.0040555366524
-0.0158206217035 -0.0156095945159 -0.022808934067
0.00899708264586 -0.00673542885063 -0.000733364163976
-0.000738723359902 0.00831485458095 0.0115688789838
0.0039874161683 -0.0307264750679 -0.0265761432617
-0.00678658377444 -0.021751728578 -0.017164273777
-0.00651267449156 0.00626701357448 0.00342621505306
-0.0199751517792 0.0262478409981 0.0432459284609
0.0128334041424 -0.00540481328925 -0.00362507059379
-0.0434108979032 0.0191634933949 0.00221769940229
-0.014630555385 0.00382709664201 -0.00323273557133
-0.0580448482196 0.0484251120713 0.0118379795551
-0.00169626722093 0.0304015088957 -0.00157625007986
0.00495410972041 0.000653062613821 0.0140216061608
0.00351445160525 0.0160388894965 0.0193123370446
0.00106543884522 0.0296604017183 0.0183167974062
-0.0180023093276 0.0263051058603 0.0320859093876
0.019558284567 -0.0175576824984 -0.00429264929275
0.020301748319 -0.0107612851754 0.00315288716257
0.0252530223902 -0.00704842591755 0.00861249729955
0.0262683215145 -0.0032798174008 0.01052340782
0.0173983491803 0.0114422325195 0.00356861380188
0.0305542996483 -0.0132840538732 0.0103279404375
-0.00906740182035 0.0176515443688 -0.00359418936339
-0.00917543752638 -0.0321092049685 -0.0428100996636
-0.0245108744761 -0.0370378985981 -0.0655328107229
-0.0209442047035 -0.0332529758134 -0.0530949953054
-0.0207049538584 -0.093884884113 -0.016816428694
0.00147871847723 -0.0125807624876 -0.0131471468251
-0.0102108016527 -0.00476680920614 -0.00709104820163
-0.0234072297164 0.00398917367286 0.0081193707279
-0.010371630493 0.00480915719545 0.00845875050607
-0.00603008522932 -0.0115189125275 -0.00867504124756
-0.00258756801054 0.0126080862796 0.00386647843686
-0.00260209621772 0.000676494164268 0.0304314434277
-0.00545680203558 0.0184491992943 0.00180151033522
-0.0322717554732 -0.0252837626376 -0.0613125121395
0.00261500454083 0.0285998361652 0.002641788332
0.0314049696818 -0.0278899190793 -0.00170007554213
-0.00683629974304 0.0119301717816 -0.00150262218825
-0.0150080731568 0.0209031100521 0.0129300543723
-0.021477529377 0.0443043641344 0.00801673482985
-0.0375732260747 0.0619638910607 0.0158538446263
-0.0218589521033 0.0396349629228 0.0273736283052
-0.0530343254236 -0.0240304821635 -0.0290090751291
0.0169239657074 -0.00323635930959 -0.00145971118025
-0.0336600786195 -0.00387600662935 0.000545834727144
0.0354272422278 0.012519004513 0.00613992748537
0.0246394180298 -0.0113363089212 -0.0246248166803
0.0564702614086 -0.0330433903194 -0.0430735068794
0.0621414522351 -0.016093218175 -0.0286970179998
-0.0301005835289 0.0017808980433 -0.00529073956606
0.0381678537905 -0.00526443909681 0.00150405101299
-0.0173390685585 -0.0270701287207 -0.0276186723212
-0.0128449713346 -0.0373310599514 -0.0407807425742
-0.00290851432583 -0.0276275575375 -0.0230251644682
-0.000772599167603 -0.0328702365814 -0.016437323131
-0.0133141264079 -0.00758371090868 -0.0127260340775
-0.0170359489371 -0.000616360239034 -0.0256616883192
-0.0254226685513 0.0306121718111 0.00603709662871
-0.0434148516604 0.0234174332512 0.0085685793805
0.0192632693464 -0.0108334101498 -0.00878860521478
-0.0756934283999 -0.0761921217946 0.00450622618146
0.0024658607844 0.0108852588985 -0.00182696288088
0.00227295972105 0.00178238195175 -0.0196307875262
0.0258581469797 0.00351258251507 -0.00411228165772
0.0242510615758 0.0031869469311 0.00491141441219
0.034169578696 -0.0106314803026 -0.00849889969875
0.00148318325232 -0.0150551352814 -0.014109228454
-0.0333690555478 -0.0112846676031 -0.00581878097046
0.129730926325 0.0445814231154 -0.0130513740288
0.0550956593805 0.00363280131169 0.000798200872036
-0.0830959909244 0.0245792853533 0.054474288596
0.000277600710804 0.000312729973356 -0.0179471687966
-0.0539365655787 -0.00386648449238 0.00734763267907
0.000802336547372 0.00914666333288 0.00672138474881
-0.00322001035975 0.00184392398958 0.00118592203242
-0.00414718126988 -0.00205185148094 0.000338739944245
0.00445619472806 -0.0152932517942 -0.0134344257361
0.0250587067072 -0.0241394325785 -0.0265463818665
-0.0413049602199 -0.0121392762974 -0.00974525126235
-0.0861819429433 -0.0097426468657 0.00809111725502
-0.0282331526011 -0.0126550185347 0.0010010810985
0.127532690053 0.00635326406726 -0.00968164372112
0.0540527477427 -0.0229931805853 -0.0288967251414
0.0221317033179 -0.00858813853258 -0.0118837404404
0.0126126098762 0.0101328895043 0.0148782944436
-0.000160096687942 0.00576368988167 0.0180688594743
0.0544283518504 -0.014709328902 -0.0205234575819
-0.00442066829838 -0.00748181582777 0.00977366783124
-0.0381380981694 -0.00123849426553 -0.0438762885088
0.0292752700976 0.00410733151113 0.00812213655697
0.0272648819547 0.00345615569944 0.000284455974245
0.075687259379 -0.0403734498535 -0.0379970624276
0.08188905914 0.00921547844726 0.0353542395052
0.0298950402717 -0.00495938463298 -0.0112926663661
-0.0398437026845 0.0190967027627 0.0184814648244
-0.0170532652875 -0.00966154407266 -0.0394371099932
-0.0136496205814 -0.00111214298926 0.00404427393846
-0.0205324074113 0.0118914749895 0.0156294339341
-0.0361388950626 0.0456763350593 0.0131714628578
-0.0421480443413 -0.0296135862872 -0.012991299054
0.0296243936655 -0.0640910831219 -0.033185301729
0.00616469471649 -0.0362318589347 -0.027729880764
-0.0433461377796 0.00455911226305 -0.00273255346725
0.0169028283665 -0.00753469944161 -0.0100291989836
-0.00736189654287 -0.0178430289354 -0.0689712815694
-0.0924017656416 0.0335018349345 0.0236637568745
-0.021193720363 -0.0017909026429 -0.0127609734017
0.00719405582541 0.00902040428388 -0.0275088448798
0.00703030315396 -0.00584839101709 -0.0209228073937
-0.0523255867802 -0.0278396500214 -0.000880286430831
-0.0697572290264 0.00524727748275 0.00781421790024
-0.0503500904489 -0.0813937401832 -0.00110554829792
-0.0364574881328 -0.0853532685477 0.00209890185103
-0.0157531991898 -0.045966657807 -0.00957599624132
0.0133746160432 -0.0300788598689 0.00090587604399
-0.0553619398822 0.0491445545193 0.0131569331585
0.0497406527447 -0.0348860308246 -0.00862533753218
0.00100660135458 -0.011850223311 -0.0119661612967
-0.00755913939198 0.0103140876343 -0.00235660855995
0.00166834250457 0.00718284275099 0.00255526249884
-0.00931810040087 0.0294423820193 0.00865971138937
-0.00269391099665 0.0235892612087 0.0073074813814
-0.0367037127337 0.0319678051099 0.00797127463191
-0.0458230308489 0.0250331533477 0.010703303755
-0.0251570198968 0.00883485524672 0.010959485567
-0.0355950963332 0.012186205146 0.00741105005744
-0.0179898726264 0.00374337411862 0.0011357301509
0.000126078661868 -0.00651632673319 -0.00911616782661
0.0155006255923 -0.0119828636796 -0.0142952424791
-0.0119115239723 0.00587145847934 0.0126775812276
0.0236554708869 -0.0162973493159 -0.0175978083819
0.0350499277337 0.00879007350726 0.00603409159886
0.012764088308 -0.00558629158947 -0.00342645793872
-0.00491484430317 -0.0111442347094 -0.0110611825721
0.0177056335653 -0.018263426682 -0.0265878284946
0.033684006137 -0.0139728704717 -0.0125645293768
0.016746980008 -0.0136915944253 -0.0135497026242
0.0618411436977 -0.0249749161732 -0.0109919611007
-0.0555220084091 -0.033228698047 -0.0540456947129
0.00983254439917 -0.00498941910556 -0.003403404416
0.0671091523519 -0.0231345149661 -0.0328826020055
-0.0487515786675 0.0143781123613 0.015077695111
-0.0589639268995 -0.0460285053467 1.38849915523e-05
-0.0826810192375 -0.00065017906687 -0.00921111320974
0.0497388321463 -0.00433416348816 0.0115306491796
-0.0209840328983 0.0259195184553 0.00557150058475
-0.0110684760364 0.0143443423984 0.0178761260159
-0.0333801717607 0.025335836087 0.00848051292833
-0.00161677942471 0.017448834945 0.022569274261
0.00691368220069 0.0140645093944 -0.00312201126238
0.0098761685456 0.0144406913621 -0.0161783782063
0.00031741343312 0.0236222342766 0.0194286628715
-0.00977584370346 0.0303666076188 0.0384052700328
-0.0161720726707 0.0234477524606 0.0551306373541
0.00269538882937 -0.0207812542728 0.0127578829715
-0.0187514571142 0.0110286823754 2.37491368654e-05
0.0357995688389 -0.00916833728719 -0.064375451909
-0.0350059910498 0.00276817179496 0.0283960677932
-0.0254655613311 -0.0147146206803 -0.00563037836307
0.00426455735356 -0.0132815020224 -0.0166101194319
-0.0534947653706 -0.00459133221168 0.00791575434501
0.121833096435 -0.00426947101956 -0.0419087030259
0.0906865674175 0.000441071065891 -0.0465834700355
-0.0460649270701 -0.0438959615481 -0.0052572498551
-0.0553765109203 0.0205135955343 0.00111493415629
0.00738068601881 -0.00720342783126 -0.0210102338126
-0.0348180532464 0.00324933682584 0.0128729834081
-0.016366322278 -0.00462869888471 0.0112861729797
-0.0587605665981 0.00269420167536 0.0598383124001
-0.0115789538693 -0.0219070245421 0.0200357475446
-0.122519692131 -0.018790856554 0.0805555101279
-0.0629074206097 0.0103485081903 0.0281893960211
-0.0776787006982 0.0085421971733 0.027560816256
-0.120498043325 0.0326632904728 0.0530626662681
-0.00548439177708 0.0295490096866 0.0622462578904
0.110403422368 0.0476860199809 0.0243545473008
-0.0245033371271 0.0291528064232 0.00896143978863
-0.0270854334285 0.0397864168925 0.021981987645
-0.0214257805589 0.0523598049054 0.019352395246
0.00374546817218 0.0229517173748 0.00664916687158
-0.00585411233861 0.0153336225642 0.0164247989034
-0.0252792547976 0.017409499991 0.0112820388129
-0.00334667937939 -0.0286422032804 -0.024031011581
0.0255097187838 -0.0537690023436 -0.0365721822687
0.0449230608889 -0.0398820225018 -0.0257680401353
0.00791629415609 -0.0240530927997 -0.0188498482881
0.00404367401658 -0.0401343632355 -0.026452638191
-0.0121523769338 -0.0705849534849 -0.033162265604
0.0101946729035 -0.092964099235 -0.0335437452462
-0.0236921893216 -0.0187227774602 -0.0167507809982
-0.0356583594832 0.013849133334 0.000111202060209
-0.0519087963993 0.00846815782458 0.00368970841381
-0.0110286540376 0.0375890136512 0.0240694056446
0.00360555769931 0.0319426871125 -0.0081794945756
0.0245016766662 -0.0727335851836 -0.0175968856187
-0.000685668513856 -0.0767355289486 -0.00607095857847
-0.0426353266542 -0.0837336188792 -0.00232883279895
-0.0347912789384 0.00383901194158 0.0169868863114
0.00570554216977 -0.00793714214681 -0.00174948559722
-0.0581802274669 -0.0252310990311 -0.0462236745007
-0.00513377649276 -0.0292569279472 -0.0347783204302
-0.0307493904429 -0.0681614883348 -0.0187965540484
-0.0253506658623 -0.010096546517 -0.00838227475625
-0.0485012526627 -0.0131135748293 -0.0125025101432
-0.0694449064395 0.00424954196947 0.00148848672404
-0.0571167645086 0.0248200644883 0.0250319774456
-0.0407347073817 0.031693521349 0.0302812351935
-0.0341224302251 0.027187389424 0.0277416456945
-0.0240173536989 -0.0265941484328 -0.0243469744141
-0.0224592742723 -0.0262757287367 -0.0278929408947
-0.0374707253856 -0.0280940920507 -0.0397749728332
-0.074735859506 -0.0192972050856 -0.0291517109675
-0.0804487316719 -0.0264144627626 -0.0460609639024
-0.0782928843027 -0.00994837994103 -0.0259160596635
-0.0661892513422 0.00987413038442 0.00354782342392
-0.0276524561524 0.00805864253314 0.00646149602089
-0.00945667459458 0.00865950685983 0.0125494304282
-0.0642252391703 -0.0266074156344 -0.0394295693333
0.000602685629959 0.0164752939508 0.0369733378934
-0.0446455381782 0.0305014775097 0.066433456866
0.00196059593238 0.0112944602015 -0.0188677536807
-0.0331966859948 0.000987010993608 -0.000128835474416
-0.0789706344819 0.0194089151171 0.0185867887828
-0.0692733138317 0.0204051096516 0.00512949156701
-0.11599373753 0.0330047731445 0.0316734166808
-0.100261444846 0.0275018518399 0.0126737083834
-0.0137285336756 0.0130418052694 -0.0154092592321
0.0693851913235 -0.00506114503034 -0.00627248063342
0.0352481545658 0.00117174220769 -0.0722006722956
0.0132895133496 -0.00945784751753 -0.0412408957736
0.0479636516037 -0.00206863385458 0.00280813679355
-0.105404466288 0.039080876464 0.0500001598436
-0.0533702844204 0.0307893611095 0.0437057323925
0.000370346502165 0.000500679028904 -0.040275447838
0.0405802437387 0.0132141177017 0.0295079844533
0.0881599945535 0.00192313599623 0.029483988251
0.00287183171981 0.00740778733808 -0.018544388955
-0.0887258229551 0.0355354248677 0.068638410541
-0.058579896612 0.0217438772977 -0.00837354394441
-0.102508987571 0.031484459561 0.0650149108951
-0.10454244433 0.0213219585959 0.0441077837138
-0.0230221066014 0.00683453324432 0.00296239267099
-0.0200177397291 0.00974518912059 0.00812338037472
0.0230036531395 -0.00195290752408 -0.0158475285461
0.077608291497 0.00500863435676 -0.0362498273684
0.0680245096953 0.0362203024211 -0.0132996140555
-0.0206087355967 0.00619370854781 0.0387618811321
0.124649549054 0.0397764370135 0.01248667442
0.00162369830185 -0.0105289214425 -0.00937742599276
-0.0412291188509 -0.0296338016884 0.000597457174522
-0.0242644520617 -0.0172878846557 0.0111317322908
0.00205857857522 -0.00901121658892 0.0196687404525
0.0427116555899 -0.0176300990416 0.0109805057324
-0.109926954564 -0.004562715328 -0.0177898292327
0.0864506420741 -0.0123058550019 0.0104550319521
0.00618609870123 -0.0164351898383 -0.0120040808642
0.0260764098308 0.0103848789266 -0.0257036381902
-0.0121724483665 -0.019698816865 -0.0747912986623
0.0411265049811 0.0186748588469 -0.168629351045
-0.0437038284305 0.0410940905008 0.0829750694949
-0.0643185548567 -0.0225103898764 0.00372758008375
-0.0419099237777 0.0200146679843 0.00635943483155
0.0158539259286 0.00776168738647 -0.00390593116412
0.0279381993724 -0.01822869794 -0.0653218166577
0.0232754517586 -0.0262354119183 -0.120988152173
0.0480969055746 -0.013515666806 -0.0319283412419
0.0653095881931 -0.0139118458482 -0.0278352490851
0.0131637119407 -0.0158249727421 -0.0166476386699
0.0879707610255 -0.0215197689845 -0.0155953966906
0.0916854392364 -0.00727141083759 -0.0470314815468
0.138019490119 0.00477917937615 -0.0498321045385
0.105304748992 0.00950460657464 -0.0130482958477
0.0634714020129 0.00431917319716 0.00586063750809
0.0516368704059 -0.0123238913404 -0.0116621097564
0.141071800901 0.0253213498018 -0.0219963433871
-0.00530201789272 0.00516036843806 -0.0370908386828
0.00863598552944 -0.0094406609444 -0.0711531132069
0.0302646983416 -7.6799953478e-06 -0.0304125847807
0.0583372041916 -0.00946848857189 -0.0398384095765
0.0746472723474 -0.00837701191139 -0.00951069413539
0.0357869219084 -0.0175026061695 -0.0816587027727
0.00108854736262 -0.0160807387399 -0.0905793979928
0.0316501280841 0.00401679111095 -0.00644015619457
0.0367636163937 -0.00665495751951 -0.0041253198644
-0.00647350773367 0.00308224838341 0.0416635199731
-0.0614296719228 -0.00532279036997 0.0688086607175
0.0134802824035 0.00709556495661 -0.0128773815335
0.061319801209 -0.00331735933048 0.00802026356857
0.0842496516018 -0.00829175418726 0.0101988854021
0.0839931910549 -0.0081214446811 0.0091248036485
0.064815912099 -0.00638035994284 -0.00616849846777
0.0615373020232 -0.0181018396723 -0.0249383699344
0.0749412974842 -0.0104135325947 0.0142736618916
0.0723809041142 -0.0168851240994 0.00491929389887
0.0493289893783 -0.0206998127045 -0.0110978861964
0.0209720723877 -0.0197363786498 0.00430149850884
-0.00745309749344 -0.0126280745011 0.0146017119774
-0.0497913032276 0.00932191679115 0.0285414893105
-0.168833165158 0.0706272262204 0.0915902001469
-0.0354312367175 -0.0256951517466 0.0214343288387
-0.0096026122459 -0.00783475922108 0.0361181048354
-0.0577671728605 -0.0385183201573 0.02149320778
0.0914000297402 0.0719576074711 -0.0572622928305
0.0650956266061 0.0682516135092 0.0551648910867
0.0288917379393 -0.0201716955455 -0.0453874490945
-0.0413947600201 -0.0184408611423 -0.0467329776685
-0.0992809159527 -0.0105360909782 -0.130705584324
-0.111309891176 0.0189379918235 -0.0829536274203
-0.00850312819539 -3.14065872492e-06 -0.157604612541
0.0259813746359 0.00469846069307 0.0054374473704
-0.00555000040664 0.00170779452067 0.0169751773003
-0.0126679348029 -0.00121979162638 0.0162593495656
-0.0531143740441 0.00510943054323 0.00872884478675
-0.0221820307297 0.00285859039678 -0.00842724907745
0.0818579350371 -0.00625411822577 -0.0248336195245
-0.0709397743951 0.00543514383438 0.0563177571077
-0.0276554013317 -0.000836741257243 -0.0112921952337
-0.035802846733 -0.000544941368393 -0.0327620389189
-0.0374094744918 0.00406205055583 -0.0173742744
-0.0376254801043 0.00565040264133 0.0139676025535
-0.0345809170716 0.0028159128916 -0.024475682923
0.017792507834 -0.00259280435014 -0.021367423093
-0.0539363219337 0.00227190423201 -0.0237073441616
-0.0341832166724 -0.00457561839466 -0.0247614813673
0.0183030312926 -0.0264847072858 -0.0472218568846
-0.0243906161972 -0.002817622105 -0.00121725389954
-0.0331077165039 0.0131246614299 0.0385922980192
-0.00931332255411 0.0131014795637 0.0327569009681
-0.00683679695262 0.0130907433861 0.0259038199436
-0.00417385262049 -0.00136330147679 0.0189967603828
0.0221707113375 -0.0336724737679 -0.0280679676455
0.018962269726 0.00767683409483 0.011709881003
0.0528860454284 -0.0409126614247 -0.0472381348482
-0.0134274868186 -0.0151637051399 -0.0839778183857
-0.0514086956209 0.013109224187 0.0303157698728
-0.0412400118345 0.00501723228576 0.00694126416711
-0.0141911626178 0.00232762306225 0.0101277723654
0.0756679239706 0.0306222781222 0.0259072716912
0.0144091743293 0.0164673728119 0.0339594947147
-0.0408198739705 -0.00495349638296 0.0160964065327
-0.00425056177668 0.00192260882261 0.00973905573557
-0.0443579955696 -0.0080731159755 -0.00942478573657
-0.0513823374632 0.00387919059092 0.0293765501911
0.0886413488779 -0.0216532463069 -0.0110579130856
0.0372168538388 0.0143468431613 -0.132572979528
0.0425721284803 0.00693120007558 -0.0724568085843
-0.0154988787072 -0.00415285454866 0.0134094373842
-0.0629877068795 -0.0167073664831 0.0381989848388
0.0630688432215 0.0300874349858 -0.0914071174847
0.0766194821314 0.0412699120716 -0.0333590680291
0.0133643187362 0.000371589846948 0.00217700589087
0.0348435320114 0.0353921853681 -0.147040487508
0.010644699984 0.0779948761316 -0.0789693902754
0.057776399775 0.134732034238 0.0430311832564
0.0750427262689 0.027527928789 0.00384136272179
0.105042968841 0.0703245437158 -0.00949881478294
0.0708710858598 0.0970235784341 0.0165222516117
-0.0829153715339 0.115126336421 0.135034144065
0.0695674084495 0.112998914491 0.0665241897839
0.0572105379307 0.103835818884 -0.0241183039243
-0.122513835001 0.13072831736 0.0794839760183
-0.00870115045207 0.0977724341192 0.11616993973
0.00122400819346 0.0490124584654 0.0797109314815
0.0815645330256 0.075799742246 -0.100729218924
0.0178807107042 0.049643677385 -0.131519669953
-0.0867549528863 0.0489765726981 -0.0715388325704
-0.19184179328 0.0455900273956 0.0186448558914
-0.165858704997 0.0257836196559 0.0389064469069
-0.0997648423619 0.0436814681868 0.074244662102
-0.0998866291489 0.0889437139524 -0.00462427460288
-0.0608025674595 0.0794911302277 0.121819961784
-0.106425459759 0.0798063681847 0.115502778861
-0.00436963921552 0.119474807111 -0.00979080649629
-0.0242704485621 0.165160602948 0.0757766071255
0.0781966080694 -0.0132408203111 -0.023847768209
0.0409264544705 0.000792257307281 -0.0333586422604
-0.00792363696891 0.0067719739632 -0.0102564357219
-0.0562228088866 -0.0328204110926 -0.0057322934112
-0.0612215285382 -0.0511121821687 -0.0134072483349
-0.0906775600345 -0.0468419738456 0.0198121133531
-0.106481677443 -0.0212780318025 0.0568460450019
-0.110461113632 -0.0337202683513 0.053394064965
-0.0267226299046 0.0134562860772 0.0316758809164
0.056588927733 0.0402097546083 0.0297864929815
-0.0340032061666 -0.0439668883599 0.00643457816069
0.0120564488925 -0.023004852765 0.00701020971
-0.0637807430543 -0.00894684350035 0.00539268657543
0.0125649533538 0.00288406568474 0.0144965255864
-0.0277719774946 0.0108106115245 -0.0257178168497
-0.102845245746 -0.0076257996605 0.0766599506208
-0.109737955568 -0.00409927715524 0.0904222159522
-0.0608460145142 -0.00215553747804 0.0542139655977
0.0133722807908 0.00769460218953 0.0269994363944
0.0902675841228 0.0107075346798 -0.00408194521749
0.152282800627 0.016598578346 -0.010410570473
0.144138676768 0.0460339406045 0.0161026491505
0.0858318401757 0.00118082769641 -0.0148323638941
0.0414690192737 -0.000761094864949 -0.0152742099178
-0.10167012939 0.149057777837 0.133688739446
-0.150229657954 0.112026368891 0.119638491353
-0.0215835594687 0.000454883956002 0.0395477286381
0.0110730903942 -0.00966031026103 -0.0106904540217
0.00998790622559 -0.00789559843587 -0.00833498438701
0.0107823936962 -0.00340485507107 -0.00354617260684
0.00862848549308 0.00201791851777 0.00634069648097
0.0296355389567 0.00378222907131 0.0136507011167
0.0123273884921 -0.00111835283645 -0.00150294784379
0.0252699277047 0.000174857672653 0.00375748956611
0.0126694110171 -0.00609451828071 -0.00114262596653
0.0073573651351 -0.0055426220833 -0.00279387564079
0.00630038930038 -0.00725770893081 -0.00795818454369
0.0276428743791 -0.00668918822241 -0.00655517966902
0.073509361581 -0.00756440244359 0.000432718710925
-0.0053781166744 -0.0165089900456 -0.0227232817273
0.00910897757315 -0.00563779081255 -0.00437807626422
0.0502026705706 -0.0254067824747 -0.0329413380597
-0.00780245992928 -0.0328771827863 -0.0514371577106
-0.0395470692296 -0.036425450518 -0.0596680993326
-0.0230072569979 -0.0379633126222 -0.0575764366021
0.0272865285848 -0.0463870107339 -0.0586536512372
-0.0284291358448 -0.0156623649189 -0.0251565045669
-0.00851172034036 -0.00877842192697 -0.00653950325123
-0.00947125734311 0.00224318767391 0.000851273045577
-0.00151092802293 -0.0225746751423 -0.0178607183121
0.00851853551527 -0.00502298138653 -0.00556097647005
0.00391460769764 0.00084047648011 0.00339189040677
0.0243509938343 -0.00777807526084 -0.0072051140336
-0.0267595226872 0.00997318580537 0.0205065524034
-0.0458030586082 0.0161809074795 0.0342672557573
-0.0163201349853 0.0160032460382 0.0309839983226
-0.0439818194465 0.0248725303844 0.0520722073069
0.0461749795045 0.0101742552948 0.0310223457484
0.0217657547118 0.0212203715634 0.0520264417278
0.0576910467106 0.0201488034263 0.0557034167637
0.0153828900879 -0.0191121975495 -0.0239953754915
-0.00695704241534 -0.0164867147092 -0.016583281616
-0.0481500108231 -0.00902802817539 -0.00317491384496
-0.0931590598507 -0.00614158826569 0.0131700262797
-0.0236595753914 -0.00476223310269 -0.00110850952544
0.0133200208275 -0.0283448074384 -0.120668368804
0.0151526890744 -0.0229854542236 -0.0958537048283
0.0251131912178 -0.0234452305623 -0.0244510168349
0.0385528108023 -0.0256053408457 -0.0341013241241
0.0410825719802 -0.0157711018813 -0.0239255411706
0.0133282647097 -0.0150845133618 -0.0212993577085
-0.00113780167327 -0.000343536237409 -0.0106516182239
-0.00551437854704 -0.00715655234867 -0.00778723117987
-0.0144062004818 -0.00277796662064 0.000951634869543
-0.00192544329725 0.0140738325591 -0.00735655902541
0.0156671547265 0.00559722286101 -0.012797642854
-0.0112944013268 0.00266271652223 0.000336687660398
-0.0130969161249 0.00908401631206 0.00818889200407
-0.0195212615829 0.00433938088319 0.0116620578263
-0.0266269655514 0.00756597558715 0.0146831736383
-0.0171866524275 0.0011749732955 0.0126942244829
0.000236380101742 -0.0147121166212 0.00554809847154
-0.00730205801792 -0.00604346511121 -0.00259480443722
-0.0122297545297 0.027664406867 0.00115642084449
-0.0195957110456 -0.00913010941368 0.00384693393502
-0.0416272715116 -0.014160149113 -0.00445870716546
-0.0275490503665 -0.0142806767086 -0.009016534624
-0.0389247907947 -0.0127627742351 -0.004964398136
-0.0487641294206 -0.00352830318013 0.00714686589255
-0.0293894963776 -0.00325350838532 0.00379117153083
-0.0104064518048 -0.0121720682546 -0.0102735847319
0.00378251128778 -0.00652310546428 -0.00333960022305
-0.00305957641103 0.0372464429129 0.0105102448649
-0.0349571336046 -0.000423715493466 0.024341482698
-0.0738000488102 -0.00373298454545 0.0233607788503
-0.037041687071 -0.00693073047968 0.00939822173672
0.00440358829548 -0.00668073637794 -0.00459928558081
-0.0737736039637 -0.00506622858963 0.0216050203109
0.00694440945522 0.00322937710256 -0.000600046015625
-0.0384916771422 0.00374356173537 -0.0121852609137
-0.0223260347278 -0.0361731870709 -0.0591884572856
0.127910536612 0.0568009838224 0.0139869911611
0.127950537351 0.0672658549019 0.0236550072519
0.0965087331046 0.0605772810168 0.0193804894822
-0.0368600552806 -0.0260195007539 0.0192469964495
-0.0118891432529 -0.0180431844634 0.0198652244996
-0.00195852796763 -0.0052061945599 0.0197820380551
-0.0120981570073 -0.00308459585819 0.0108062878436
-0.00824022985058 -0.00537689972396 0.00492214521921
-4.47565802572e-05 -0.0238717839362 -0.00979398191174
-0.00172387825046 0.00250805054254 0.00466685267182
0.0121959539848 0.00953583518816 0.0074040153467
-0.0150413988875 0.0100119868108 0.0124978966354
-0.0194516014703 0.00338675875868 0.0052245367848
-0.0163266332116 0.00640353400163 0.00621529879339
0.00136659760756 0.00825971046956 0.0102586247184
-0.0114835921124 0.00347611499499 0.0193314160531
0.00110281593892 -0.00711334876539 0.0335052239848
-0.00213006860756 0.00638884171121 0.0434394237573
-0.00738477999748 0.0107686586573 0.0515267011863
0.0329256590789 0.0066346614899 0.0319020354026
-0.00839830129289 -0.0631951317149 0.000283866975126
-0.0572903221027 -0.00613786236981 -0.0185803360434
0.0456605833101 -0.0140684691618 -0.0546256266565
0.0320956260218 0.00539965217799 -0.0148979693178
-0.0165541117487 -0.00857575297306 -0.0069746823819
-0.0629989573971 -0.00776558471497 0.00166388760057
-0.0749550963721 -0.00897602672274 0.00152459197768
0.0205000106982 0.00133574471917 -0.0019269615529
0.047633759709 -0.0184501254304 -0.0083838535694
0.0563459391211 -0.00563184359761 0.00118420006556
0.061407575522 -0.00839309285521 -0.000244401597936
0.0517510597464 0.00702962921987 0.00644256006553
0.031382049923 0.0169840552186 0.00683665850535
0.0121997670132 0.0116329850011 0.00250479109336
0.0077144236101 -0.00321294935467 -0.0273925050964
-0.00335102375638 -0.0271960614093 -0.0216853603078
0.000827767230771 -0.0205106453032 -0.0315629521981
0.0200704302085 -0.0431785309782 -0.047878466171
-0.072543483484 -0.00773664394792 0.0045477246048
-0.0199203030077 -0.0133535607159 -0.00637873950533
0.00309338380899 -0.0124707019829 -0.0109523600386
0.0199733985189 -0.012390851251 -0.0129448361069
0.0326317930961 -0.00878114819856 -0.00853023765345
0.0325025378604 -0.00184599408755 -0.0025362673305
0.0252568007135 0.00773048012667 0.00626083162156
0.0317257267757 -0.00441741011129 -0.00174938455982
0.0301332279763 -0.00923415126376 -0.00596671528981
0.0306972870145 -0.00234056369938 -0.00743384708647
0.0219256794755 0.000393766375361 -0.00928226570851
0.0218204253125 -0.00546893909521 -0.0098202033291
0.0070103153719 0.0056901852554 -0.00722971141278
0.0170972632798 -0.0124096126528 -0.0112527544501
0.0175538024506 0.00206461829661 -0.0121853277816
0.0162900947885 -0.0012944040259 -0.0128263539001
0.00472544399765 -0.00215560937791 -0.021277627656
-0.143820505626 0.00395109440095 -0.0424900196142
-0.0828235596462 0.00197979236948 -0.13186568916
-0.0268909572703 0.00638062190927 -0.196109454769
-0.0312056048688 0.0221035487396 -0.178286566349
0.0577881337668 -0.0252260101996 -0.0308576422199
0.0653012799281 -0.0295711700342 -0.0388474257575
0.000511928370526 -0.0108720207849 -0.0147450532054
-0.00766330365551 -0.0149155464636 -0.030688577509
-0.0245130404392 -0.0237190483561 -0.052808566792
-0.00900736188802 -0.0266219260927 -0.0339704011726
-0.00876287570497 -0.0395147683901 -0.0364439486388
-0.00763797339462 0.0197660913545 0.014000129626
0.0179096549049 -0.000678081687326 0.0129290948889
-0.00827181854049 0.0195120076852 0.0149506713637
0.0577878527722 5.40678294927e-05 0.0135620165028
-0.00365524304891 0.0105843846364 -0.00726562796918
-0.0105618289549 0.00354379730362 -0.0230490322364
0.0131009197473 0.00960776036043 0.0104202142738
-0.0186428423004 0.0352029717763 0.0473450744222
0.0553095099872 -0.0529309971502 -0.0298989589895
0.0544055720781 -0.0512473042487 -0.0215786062973
0.00364758515197 0.00287465702239 -0.0014416310189
0.0328957615373 -0.00328914278444 -0.0112306625889
0.0553155689085 -0.0113803325596 -0.0194108693743
0.0508604904026 -0.00645950026448 -0.0162845246516
0.044202553282 -0.00568289326861 -0.0143189932372
0.0110150199435 -0.0033436173585 -0.00664213846995
0.0320542226407 0.00622786287807 0.00572965721945
-0.0127557319567 0.00641249601158 0.0134793851741
-0.0290215041979 -0.00332333159373 0.00241056089843
-0.053365265806 -0.00458502499777 0.0101687170886
-0.0290528035715 -0.00634785305067 0.00647426042791
-0.0595557895101 0.0240454252539 -0.00253685597103
-0.0149104580259 0.0123555652671 0.0430167810341
-0.00975934140494 -0.0091986645962 0.0223437389589
-0.0327506515523 -0.0120513889586 -0.00347654812996
-0.017278904835 -0.0112977503081 -0.0326741360934
0.0372295175405 -0.0123838752774 -0.0131223792149
0.0336784126909 0.0088312586062 -0.0637834327784
0.02777874646 0.0330415685428 0.0117373322956
-0.0159451067862 -0.0291640107892 -0.0441954812615
-0.00198197086153 0.0116666389495 0.0106473055072
0.101421784999 0.00460347572885 0.0320102588464
0.0908031329424 -0.00427800248955 0.0108284357574
0.00775895560221 0.00430684935461 0.0223506442785
0.0305317408929 0.00177490050823 0.0162591915197
-0.0232980725151 -0.000531790022684 0.0538804844863
-0.0616382174296 -0.00103550718989 0.0743551345145
-0.016582555058 -0.00113121504874 0.0311986344613
-0.0810220422541 -0.0119787868986 0.0628773694903
-0.0184489285148 0.00036280069977 0.0452364745959
0.024538495245 -0.0185698710587 -0.0954183324432
0.12184873742 -0.0043300575349 -0.0266161761508
-0.0294591655063 0.0258119130164 0.00691344456218
-0.0173552842322 0.0321258477784 0.00964193670414
-0.0754265389427 -0.00390449655751 0.0178575051106
-0.0485325185341 0.06245053184 0.0148099145505
-0.0447911827329 0.0544765232553 0.0150186531161
0.0633447235888 0.0171445673248 0.0497846246242
0.067422739556 0.00212386604221 0.0246969551166
0.00498261367709 0.0191431809652 -0.00560744959014
0.0169732774733 0.0167132124946 -0.00586292870095
-0.0736741801296 -0.00782125507347 0.0153078992275
0.068787825463 0.0247127720561 0.0209906726042
0.117754100983 0.00714601193298 -0.0462597049303
0.110261693643 0.0234029418679 -0.0312244184855
-0.00333815062784 -0.0150184527114 -0.0167165820658
0.0215462911576 -0.0319449443307 -0.0346503593415
0.0520949528601 -0.0366734717675 -0.0447467698177
0.0746011283424 -0.0349925068464 -0.0336448343709
0.0986494921439 -0.0200301962978 -0.00516131940187
-0.00599399336036 0.0299602048213 0.066369195082
0.0201666990122 0.00398530806047 0.00431221551239
0.0366366559624 -0.0170022379567 0.000257396659963
-0.00909519098806 -0.01108010584 -0.00203858173448
-0.0315443618924 0.00215950878241 0.0342842215045
0.00974440505652 0.00914482878242 0.0144522373911
-0.0261193855313 -0.00164516033611 0.00281330454034
-0.010372161016 0.00208408273983 0.00381183462877
-0.00915575267054 0.00870611407374 0.00643891894178
-0.0289901830289 -0.0013898063639 0.00896696398491
0.0578047447571 -0.0104936623374 -0.0229748489258
-0.0368006769373 -0.0374303168976 -0.0718641212169
0.00211517187603 0.00829706343257 -0.0100234906264
-0.00682616709146 -0.0121693183885 -0.0252718417998
0.117582991727 0.0285230481768 0.0137026877527
-0.00236968499651 -0.00100601498592 0.000485743041924
-0.00270615772228 0.0052618263832 0.00416110198155
0.0400486172327 -0.0306022204678 -0.0715336967556
0.0509316638988 -0.0310448339154 -0.0451566654793
-0.0178379789149 0.0495603638224 0.0107804691064
-0.0216079291587 0.0516856313419 0.00787524172025
-0.0342025972139 0.0134510509193 0.0108137738646
0.0170321251636 0.0183354638187 -0.206768963133
0.0341504622918 -0.0127721166435 -0.0702655428183
0.00299037204496 -0.00859478576058 0.00380277631138
-0.0665720504875 0.0363937105395 0.0603967744094
0.0432885824352 -0.0101636050272 -0.0113831524962
0.000396290355145 -0.0230361422319 0.00113288126228
-0.0152400470776 -0.0367115494817 -0.057361672342
-0.0240334479735 0.00666575190595 0.0114195436958
-0.00422939316165 0.0112375492903 0.00624326049446
-0.0468141860379 0.0375374168068 0.00941015231952
-0.0204590483787 -0.0703070712571 -0.00162357350768
-0.00325909997121 0.00415795997693 0.00216743897155
-0.0339380727295 -0.0288003297861 0.0196176966261
-0.0344929227047 -0.0314151649591 -0.0672746938293
-0.0658824243254 0.00378242177325 0.0204811036664
-0.0287998560063 0.039230996551 0.0134852201299
-0.0527866041597 -0.0365556201109 0.0111569417167
0.0718052873269 0.0485403445935 -0.100327976209
-0.0888960336807 0.00206251879402 0.0759734835471
-0.046223702968 0.0586877941797 0.0151941214573
-0.007164649287 0.00722467471974 -0.00467560268997
-0.0534568598103 -0.0123583764856 -0.127698937525
-0.0226109378815 -0.0107568191469 -0.0430935503565
-0.070847586914 -0.00649335708255 0.00529862265552
0.0494000655241 -0.0309690330111 -0.0398785428988
