0.0653664956101 -0.0906361455679 -0.0272281831615
-0.126934931872 0.0144693059134 0.00808041335065
-0.0721449970512 0.0072579821322 0.00875324035498
0.0507726848277 -0.0157154552029 0.0328680749709
-0.000262001500167 -0.0152340015277 0.0136897653214
0.0121534942282 0.0129790261745 0.0531058372301
0.0410107760426 0.011973769891 -0.0346372672164
0.0107094195666 0.0541453356983 -0.0386550861276
0.0285333888446 0.01781159633 0.000527077373867
-0.0250622001887 -0.0669837169794 -0.038558169627
-0.0257944902377 0.0220550232089 0.047273386766
0.0318633728265 -0.0090016241093 0.0371538102004
-0.0838728137125 0.0875041831756 -0.00169212110225
0.00581814199193 0.0152596234673 -0.0771717390605
-0.0415711899836 0.0384552812992 0.00382675990704
0.0307358331551 -0.03257846398 0.017859190373
0.0358252038859 -0.0057378731381 0.038533093383
0.00777000480351 -0.0366807743213 -0.00641566910359
0.0392031621672 -0.0162092411119 0.0114198907495
0.0430781634893 -0.0127320445693 0.0343017655703
-0.00683325300595 0.0128916758351 -0.0180458174517
0.0424855015757 -0.00439544715592 0.0393151901228
0.00207856892076 -0.0117509438133 -0.00168327669321
0.037044008438 -0.0818696222619 -0.0664213516813
-0.0436035612809 0.0185193415581 0.0178314358334
0.0276141944631 -0.0433635431484 0.00813621663687
0.0111115215617 0.0104797512061 0.0253414978687
0.0491631513968 -0.0641440871307 -0.0851221188242
0.0102969915917 -0.0303899206451 0.0116300197855
0.0371010239744 -0.0113994225619 0.0361399183151
0.0362821552956 -0.0285287817727 0.0287677554536
0.0338780390801 -0.0229784439679 0.0286360908721
0.0415972155711 -0.00693400498057 0.0372205322244
0.0298020734464 0.00471748665564 0.0315283518017
0.0171949597 0.0162131062332 0.0410106134931
0.051300362704 -0.0204390094539 0.0300626165671
0.0689124730761 -0.0682926602163 -0.0265245842166
0.017552298255 0.0084123267115 0.0189159162506
0.0470428601295 -0.0270265566675 0.0268491994773
0.0455653869353 -0.0193548014698 0.000695178266486
-0.0267172612815 -0.00163816988117 0.00725040238869
-0.00570383066582 0.00579972665229 -0.00112137380068
-0.0112475658548 0.028117327901 0.020343500079
0.0468258493965 -0.000299724482234 0.0382641550929
0.0632822173603 -0.026205931541 0.0129300537263
0.0724576412996 -0.0441618490136 0.00487147240098
0.0652693941843 -0.016340175264 -0.0144421438908
0.0252157137923 -0.0473692119729 0.0151821119875
0.0265105534977 -6.11248304345e-06 0.0392309100362
0.0186349626921 0.00637238054137 0.0317378202827
0.072711517202 -0.0451292507843 -0.00842391863395
0.0948108078344 -0.0600504472065 -0.040489620818
0.0790676538894 0.0017903735919 -0.0580524901237
0.0400887985932 0.00855328615232 0.00886375142549
-0.000523283905796 -0.00321883670151 0.00734158831597
0.0590127604199 -0.112866290194 -0.012747849185
0.0433871905028 0.0309231615329 0.00604747631668
0.0147341281401 -0.0328379859471 -0.00331057655764
-0.036425929406 0.0107465513037 -0.0173024838505
-0.0130747181173 0.0219734635693 0.0506810964269
0.0025214519014 0.0226080016235 -0.00509949968351
-0.0108542530568 0.0353700865952 -0.039830683995
0.0243661628399 0.0180014701638 0.00578116496056
0.0320208153897 0.000747712164193 0.0373658324895
0.0193927629052 0.00756470756874 0.030501199335
0.00824087368126 0.0111619555788 0.00792381677479
-0.000399284157572 0.00483676863581 0.00214624437737
0.00983273283288 -0.0294696746836 -0.0395954083822
0.00462525531512 0.00806149925405 0.0229806811684
0.0502843088816 -0.0903091468324 -0.034232211131
0.0659919132788 -0.0702711622612 -0.0551325376613
-0.0114999210733 -0.0701367630079 -0.0766473523709
-0.0917035176515 0.0109159086009 -0.0590195886355
-0.0340376191647 0.0295494410371 0.0346717694355
0.0383658378636 -0.0201042632059 0.0327904382944
0.0369707422581 -0.0271962053491 0.0273875478427
-0.0244407677776 0.0103436251406 0.0116541840061
0.043110589478 0.0309582961385 -0.0217973099882
0.0113540641504 0.023095663406 0.0033441227367
0.069901370821 0.0716828956521 0.0199925791579
0.0220200507288 -0.0132448285985 -0.0194923274264
-0.0779742482697 0.0160056165582 -0.0262587046367
-0.0446061649681 -0.0306350857188 -0.0931409496194
0.0225560555806 0.059597170548 -0.0688699934435
0.032672085945 0.00708176084381 0.038987619376
-0.0626964013986 0.022700974693 0.0148111930725
-0.0365341004026 0.0240869495255 0.0336156684446
-0.0366193779034 0.0139784485824 -0.000201113090129
-0.0153501523712 0.00715748279839 -0.0144416728633
0.0334834218332 -0.000173759082104 -0.0139638800854
0.0561442608063 -0.00785237346029 0.00366881725708
-0.0182122447426 -0.0138153380992 0.0165082331135
-0.020329998443 -0.00458990377739 0.00967911455905
-0.0383994181306 0.0372847539016 0.0141811855779
-0.0528077861042 0.00593049469786 -0.00191541696481
-0.0424880103399 -0.000286894949622 0.0172378697628
-0.0300667908883 -0.00441127338674 0.0219217521203
-0.0521853372996 0.000518358714722 0.0223348436889
0.138012006373 -0.0203233758855 -0.00850891876585
-0.0039388519987 -0.0502097491271 -0.00687167947115
-0.0542822393247 -0.016176308934 -0.0339669662564
-0.0745782115888 0.0456813406038 -0.0133603770606
-0.0284596787945 0.00088421108827 -0.0128436454231
0.0976530378732 -0.0457094945857 -0.066884273763
0.0493968026916 -0.00151001752169 -0.067060685393
-0.104520234588 0.0175510175349 0.00996949808522
0.00319330295766 -0.00185310363716 -0.00213345338647
0.0054303018692 -0.0033514615163 -0.00504644972828
0.071803752672 -0.114800511012 0.00527866042239
0.0677268630234 0.0492386186522 -0.0317105157067
-0.0350538506412 0.0940205195086 0.0340098454477
-0.0420524032073 0.0797884213154 0.0251350312383
-0.0353146985205 0.0352141851621 0.00800837499637
-0.00986070385185 -0.00118374599675 0.00995238694715
0.0150877032297 -0.031735244732 -0.00524600552668
0.0263375903029 -0.0247633190881 -0.00881920308188
-0.0829891731698 -0.00186201645541 0.0261959587729
-0.0226984024724 -0.0556957508492 -0.0395625566885
0.0026854310532 0.0260310029814 0.0104135158438
-0.0603168012793 0.00913920080045 0.029193578163
0.0317480706779 -0.0117455842942 -0.0164659523044
0.0757686979666 0.0539170469711 -0.0152870998319
0.0442678956796 0.0469144352265 0.0077231406616
0.0403449344977 0.0436458433744 -0.00552977116241
-0.00425516791278 0.0296648487178 0.00608535042088
-0.0224888991757 0.0130947093886 0.0163174580599
-0.0229948852833 -0.00939855200993 0.00567168768196
0.000707740552869 -0.0448792146936 -0.0309008959546
-0.00300130478335 -0.00179363460082 -0.0067036556471
-0.0303980600405 -0.00340886433974 -0.0152750658889
-0.0219751870416 -0.000371653472258 0.0190667455317
-0.0232837220886 0.000713941111896 0.0218917580091
-0.0125997075522 0.018167631359 0.023898093109
-0.0235645316277 0.0254676531558 0.0189377593455
0.0788363715263 -0.0189822838456 -0.0217409798881
0.0307291882076 0.00519003524232 -0.00480151528835
-0.00542234380757 -0.00815317406118 -0.0186475193647
0.0290820954484 0.00539406215196 -0.0215268823224
-0.0309944569063 0.0105189126631 0.023622741975
0.0227092928125 -0.00692850232336 -0.0108389119305
0.0162839042755 -0.00289779602207 0.00192735870228
-0.020638384907 -0.0138231742065 0.0153955022008
0.00782411444888 -0.0210178231258 0.00529073429613
-0.0597668420818 0.0499416919871 -0.0362945216579
0.0694224597545 -0.0231591595766 -0.0373225029572
0.0388849014695 0.008488853139 -0.0339544750361
0.00745705289479 0.0107868619067 -0.00501800373558
0.0100540695188 0.00897306560828 0.0199081419736
0.0359979060975 0.0619204435907 0.0272122385916
0.117173495888 0.0231093378629 0.00706152019073
0.0231791699404 -0.00643326690479 -0.0148775021704
0.00442250280032 0.0109315905576 -0.0026897796958
0.00456894620682 -0.00804066597289 -0.00974569124568
0.0373198283112 -0.00138040727329 0.00145436846722
0.0690797408796 -0.113631463415 -0.0356226292234
0.0352270646942 -0.0185881806664 -0.0615806279999
-0.0274455230475 0.00891577259558 -0.0360594933106
0.0855979426743 -0.137489051123 -0.0164432143746
0.0604565968517 -0.101630637399 -0.00433768170956
0.0631709669262 -0.109014036974 -0.001880428862
-0.0474356236451 -0.0289932151473 0.0206623802035
-0.0343845150672 -0.0362617076482 -0.00455516443929
-0.108845490316 0.0376846952758 0.0247593218525
0.0284040728396 -0.0609058148561 -0.00255942405704
-0.0208312809485 0.0540817916832 0.0247874775986
-0.103662972092 0.0205059685708 -0.0170891632209
-0.141020997219 0.0301953286097 -0.00466828293361
-0.136056370696 0.0370937302099 0.014306668014
-0.0775353646557 0.0240350024659 0.0128520154584
0.0185710357208 0.00645796881323 -0.00344999978227
-0.041705700739 0.0100319149601 0.00970281860677
-0.0215473537373 -0.00101954196124 0.0124337722855
-0.0160308088006 0.0116479989178 0.0104638226054
-0.00226024411474 0.00169297930749 0.00448026481688
0.0113228920391 -0.00214730502929 -0.00937181272533
0.033653235533 -0.00806088119727 -0.0142456520757
0.016127723373 -0.00927645754133 -0.00282585395883
-0.0280950198796 0.0164583300447 0.0156798188047
0.0170370920131 -0.00894737927606 -0.00505794138556
0.0959500549048 -0.0143872772033 -0.00735232432201
0.0793663876633 -0.0392771717616 -0.0038208838872
0.0669636072874 -0.036760540592 -0.000311143569227
-0.0432275724899 -0.0112282452027 0.0119812047139
0.00159802446035 -0.00857261847764 0.00312878008706
0.00386406925619 -0.0206262277026 0.00787141896406
0.0918691449053 0.0296772700045 0.00950912628023
-0.052936422099 0.000627257460419 0.0118305898422
-0.0193063722319 0.00966938290996 0.0098303583785
-0.0213472849153 -0.0128481287491 0.0148601103309
0.0699937716036 0.00290500416931 0.00154693402094
0.00925929309257 -0.045646597089 0.0166088768767
-0.014011412941 -0.00722235290573 0.0113402969289
-0.00866370158945 0.0276312623981 0.0522051371184
-0.0989017399332 0.0110918733422 -0.00341879483351
-0.0390027151057 0.00520190817633 -0.0243606188141
-0.0655173259873 0.00909946434469 0.00487502308964
-0.00826856183956 0.0157398363954 -0.043092304678
-0.0263480460837 0.034397380702 -0.0514182381036
0.0026855351787 0.0322587471888 -0.0567801227212
0.0136760009734 0.0348523054312 -0.0527335366132
0.0455455539868 0.0464526003129 -0.0527311476009
0.0643565381764 0.00951615485136 -0.0219586244497
0.0243846266759 -0.0201552576602 -0.00639539548854
0.0338810384275 -0.00524539767976 -0.0103267744865
-0.0238452501498 0.0145622490898 0.0298036934982
-0.000968522703921 -0.100435752213 -0.0843516489124
0.0238867954482 -0.0364270269591 -0.030262257446
-0.00760584803371 0.0106883659255 0.0110015380352
0.0156399370482 0.0111754076779 0.00808586416159
-0.0743742198892 0.00371464049169 0.0277269089949
-0.110184703228 0.0217191141944 0.0637010415818
-0.0156375926111 -0.00556461406885 -0.00541237890984
-0.078279251884 0.0110217939109 0.0390263474126
-0.0372076957336 0.0260698784731 0.0368945186454
0.00189988584126 0.00883825936849 0.0125667838214
-0.0559076111889 0.0271339589287 0.047434491697
0.0647614499604 0.00227589582566 -0.0301696272583
0.0112329851211 0.00874397843 0.00932867498132
0.105181492747 -0.00588357328943 -0.0556582909723
0.000675879707958 0.0217947844417 0.012208405549
0.0068202910468 0.0212583777183 0.0106444300128
0.0267996621024 0.0033446679666 -0.000564616457684
0.101579800036 -0.00606203100897 -0.0186573464125
-0.0748780882568 -0.0498637073993 -0.0219223162294
0.0405825773935 -0.0719601369544 -0.00638274545706
0.0375225537647 0.0168728376661 -0.0102519292554
0.00359434716098 0.00954782382191 -0.0188437966119
3.81057926088e-05 -0.000750022515696 -0.0211143595172
0.0233103143061 -0.0106131894762 -0.00823976485523
0.0678978490716 0.0179051007037 0.00034841316602
0.0762059227825 0.0403554436472 0.0136331314414
0.0856689527681 0.0514419212476 0.0190009348964
0.127439953565 0.0267478449505 0.0105341217684
0.137599155434 -0.0184088475217 -0.00193343056026
0.0442268011983 0.0485892516809 0.0187985739763
0.00995832817464 0.0498137456715 0.0312640568762
-0.0107190925926 0.0657248640053 0.0386650794135
0.021976672605 0.0323074858591 0.0180297824771
0.0105069711251 0.0112313021055 0.00729717375506
0.00633148296325 -0.0217614915577 0.00816755304693
0.0291472819173 0.0778749187141 -0.0704598682998
0.0144992467634 0.0561737705869 -0.079497724592
-0.0422661667477 0.059329204336 0.0349938479472
-0.0794547196971 0.0350091264688 0.0325174462249
-0.0290803440286 -0.0187112056404 0.0257929151844
0.000168323679785 0.0165575561449 0.0133079963501
0.00976063489864 0.0121746769435 -0.00454172337175
-0.0865926829044 0.00537273085005 0.0154692930887
-0.0556429718156 0.0149357631299 0.0121361497633
-0.00700276284299 0.0206652591495 0.0283974593858
0.0880319451584 0.0183216849062 0.00521075393948
0.0785497183478 0.00281420684139 0.00385296496362
0.0353087205369 -0.004634081518 0.00652251105734
0.0362890288769 -0.011895318985 0.00304485253353
0.0556549356368 -0.000497818105488 -0.00503495667478
0.0342181022656 -0.0128551299692 -0.00299922038842
0.107871833593 -0.00417217519164 0.000726440151651
0.0908862674339 -0.0215273792456 -0.000566990749622
0.00879309263201 -0.0161051836113 0.00502424567618
0.00930151972439 -0.00236494871312 0.00776491199727
-0.0475629186295 -0.0016042796418 0.00915041050158
-0.0615801777635 -0.00333360846266 0.0155414992026
-0.0267531259824 -0.0148154232757 0.0128979841087
-0.0197392852193 -0.0108207049582 0.0157562008215
0.00977351647538 -0.0114878059016 0.0052702728079
0.000613589981106 -0.00547270448048 0.00805674392499
-0.0265400248224 0.0201938161524 0.0205169770208
0.0349213648043 0.0150203612205 0.00259496589306
0.0516999084265 -0.0718681876619 -0.0621635837434
-0.0166762812038 0.011679954421 0.0155452808027
-0.0161389252368 0.00206805692178 0.013337936048
-0.0604808835698 0.0012170160425 0.0251718541392
-0.00258612963685 -0.00226855160933 0.00866856570342
-0.0399065344981 0.00118859374076 0.0115401172129
-0.0420792834528 0.0215013476184 0.0351217275102
-0.00954848989918 0.0253862721771 0.0437135988406
0.0389221072924 0.0074709491236 0.052428568443
0.000221018255406 0.0110923687024 0.00466069132107
0.0453879164268 0.012954998048 0.0565225034521
0.06291099811 -0.00163288263237 -0.00091401603624
0.0887270411041 -0.00817795186521 -0.0186658175895
0.036483842192 -0.0076933630346 -0.0118918118014
0.118435123634 -0.0198419534478 -0.0310199573357
0.0710423788898 -0.00895425571082 -0.0176906785114
-0.09756618279 0.0125212767493 0.0473349691899
0.0563235433813 0.00476341357917 -0.00883884808046
-0.0118049621359 0.00817234267024 0.0141025270755
0.0274322594722 0.0151751557119 0.00121603169319
0.0106911755114 0.0133649796071 0.0048696516873
-0.0833297390391 0.0192168900305 0.0435408878185
-0.0590292249446 0.0220901659958 0.036009303822
-0.0854005245595 0.0267979944184 0.0550002896517
-0.0817102324522 0.0282391676569 0.0558412713015
-0.0371811691046 0.00954296220376 0.0188341953983
0.0749336079437 0.00700811664202 -0.0379640542472
0.0190094973311 0.000741883028528 -0.0287616537758
-0.0575349830136 0.0306241053828 0.0517255307215
-0.0211554734893 0.0201189002088 0.0268590195398
-0.0318600819405 0.0261598535805 0.0419380088885
-0.0194888396158 0.0249647636582 0.0420822246239
0.0237111163626 0.0139466411141 0.0256593939961
-0.0175802455423 -0.000846389480324 -0.00932561004261
0.038486110663 0.0167380353778 0.042573488999
0.0103849557367 -0.00346588632112 0.00489088264892
0.0125262605118 -0.0135081472445 -0.0227726606446
0.0260393106623 0.00402429674383 0.0295291856519
-0.0255412823972 0.00580286669197 0.0177319755839
-0.0491093304429 -0.0238056072425 -0.0189450548622
0.0647088088334 -0.0143982596198 -0.0507939005048
0.0568109753426 -0.00730829310928 -0.0157822801436
0.091257116942 -0.0175854361054 -0.0253108112937
0.0393780062077 -0.0140347360771 -0.0118277005144
-0.0246588441072 0.00248484275851 0.0148048023657
-0.0460331663399 0.0148012949485 0.0260822875786
-0.0317297118251 -0.000720163450693 0.00737499299489
0.00432017080636 -0.0134248757056 -0.0105593480368
-0.00962939344244 -0.000869552610408 -0.00219382093856
-0.0853423278215 0.0129076712256 0.0429229828855
-0.102375749737 0.0142458233097 0.049905659981
-0.0575280257373 -0.0283297101027 -0.00673862716745
-0.0347576107949 -0.0304418559536 -0.028772404299
-0.0122530141313 0.00227742527964 -0.0111164619565
-0.0907730330872 -0.0119256796627 0.02118065224
-0.0221388251031 0.0129552465566 0.0157935350979
-0.0156684981974 0.00375484499583 0.00309210452687
-0.0314339485291 0.0221375392589 0.0319855809389
-0.0187347074754 0.0203387017297 0.0404647747285
0.0141725821174 0.0185061506652 0.0561886815461
-0.0269613173977 0.013791270891 0.0247201938961
-0.0193003435249 0.00399265564363 0.000872843440772
-0.0337673556302 0.0277358258854 0.04376102247
0.028042729704 0.0142823649666 0.02072812526
0.0817466440687 0.00481394152481 -0.000254957491621
0.0898251081505 -0.000672839298584 -0.0334756237871
0.0659873487799 -0.00128211189147 0.00357405306191
-0.00913824860517 0.0275994896635 0.045701489443
0.0154820598152 0.0229115873082 0.0452207216652
0.0340365257435 0.0171885711206 0.0536638639321
0.0531472285984 0.0101764346822 0.0483051835916
0.0452934640048 0.00644614808738 0.0295518191918
0.0179662089887 0.0223934859026 0.0414575553532
0.0369459186519 0.0138987125076 0.0326018864279
0.0339982655386 0.00579482011844 0.0206483453593
0.0200598776192 0.00478102868288 0.0115031129461
-0.00238978139664 -0.00485053484512 -0.0026943055483
-0.0266446402503 -0.0118677047135 -0.0121784500123
-0.0358443785198 -9.95607008383e-05 -0.0255523044968
-0.0101421478018 -0.000718302997031 -0.00121863981418
-0.0336850959302 -0.0259476312568 -0.0216828679961
0.0439508739707 -0.0279442384769 -0.0583018241677
-0.0537829002812 -0.0108968557061 -0.0103356522936
-0.0492042530297 -0.0411896615926 -0.0233710211221
0.0283792271669 0.00094302536084 0.0168058514588
0.00776963837885 -0.00120972565163 0.00785639771703
-0.0127841500614 0.0139503297132 0.0118101194493
-0.0388217580357 0.0195034916658 -0.0148478675241
0.00220573557852 0.0113717429512 0.041808536118
-0.0348125281548 0.0295391739378 0.0535894780586
-0.0441100000334 0.0259978115551 0.0444318812684
0.0352004935722 0.00755573087651 -0.0121692982715
0.0211760068301 -0.00369686351072 -0.0275691126934
-0.00304683376461 -0.00605659544023 -0.0193998794058
-0.00884323698551 0.00927359266014 -0.00550552411039
0.0695659891632 -0.00153772039009 -0.0383729250822
0.0103119232076 0.00312346912244 -0.0176015182781
0.00282048023171 -0.00323640600534 -0.0192572416802
0.0171798399709 -0.00873444284931 -0.0245613795559
0.027418931201 -0.004602641175 -0.0280879581228
0.00325001171444 -0.0109207136467 -0.0208476635886
0.0139459066359 -0.00408856794402 -0.0168865105439
-0.00487494524847 -0.0112714246541 -0.0190506519819
0.016813218501 -0.00875478678815 -0.0144128605029
0.0345493920389 -0.00916357692101 -0.00896735047783
0.03602717415 -0.00163368510277 -0.0116223247284
0.0289785835102 0.0136225392659 -0.000349214896874
0.0125301809467 0.0233340070921 0.00810345844329
0.00824462677998 0.0229603528862 0.0121563469173
0.00666100696706 0.0183843995253 0.00538486501522
0.00385105483608 0.00462933255316 -0.00350284380035
-0.012207973906 0.019973664735 0.0156028478563
0.0402481738749 -0.0113346377208 -0.0117221645004
-0.00514629132473 -0.00527484011725 -0.00657755757952
0.0263633749896 0.00714959001588 -0.0051237295397
0.00826508337045 0.000472204194896 -0.00879570847525
0.0249238859037 0.0119915475398 -0.00476840504126
-0.0537094782342 -0.0693668071984 -0.0446694583776
-0.0298576867902 -0.0884727046568 -0.0711245834216
-0.0183381354502 -0.0568681662664 -0.0510824430867
0.022536262189 0.0147799796238 -0.0042352278681
-0.00844068308512 -0.00662244346566 -0.00416520433759
0.0402999328185 0.000877721624662 -0.0272516168943
0.0765090853101 -0.017188129969 -0.0206896122125
0.0114885963451 0.00464737795508 0.0337869477743
0.0179638090196 -0.00452997987958 -0.00160244324683
0.0618519230764 -0.00592259350312 -0.0253073620839
0.0631859384374 -0.0125828301594 -0.0446978637495
-0.0290008412427 -0.00671145659527 -0.00431703271225
-0.035289244968 -0.0210327986551 -0.019042495187
0.00510500306543 -0.025605225983 -0.0383475157193
-0.0507872772388 0.00963471179641 0.000775353885829
-0.0330529860643 0.0153360469887 -0.0186730530123
-0.0194492370615 -0.019479892946 -0.0171458775314
-0.0367541517222 -0.0384320994792 -0.0319652373375
-0.0516101782274 -0.0289365622174 -0.0187962098226
-0.0455317146958 -0.0205234010893 -0.0158525134473
-0.035368427469 -0.0219250102946 -0.0216298775391
-0.0363309005338 -0.0367611872534 -0.0188354019485
-0.0332802147931 -0.00337458284314 -0.0160832527715
-0.00531151903506 0.00746504837799 -0.0247562559595
-0.044482790732 -0.0379446674071 -0.021424021756
-0.0514934449043 -0.0341705092102 -0.0221911948307
-0.0502138863584 0.00362042548877 -0.00981103753459
-0.048852776767 0.016550551343 -0.00949981682038
-0.0350228059692 0.0235356094786 -0.0218462650582
-0.0318827180592 0.0169606330482 -0.02718809974
-0.0343738158201 0.00134403831252 -0.0221388729346
-0.0429204958871 -0.0122450212664 -0.0203564545304
-0.0183082446524 0.01948833656 -0.0264927713683
-0.0508190353832 -0.0287430163545 -0.0217069720807
-0.0445866688202 -0.016368430719 -0.0225492401669
-0.00902145545143 0.0088147023678 -0.0224798763545
0.0112024879572 -0.0063523411318 -0.0197627636879
-0.0165891638687 0.0148854023105 0.0019341793461
-0.0917756382929 0.0112273454786 0.0458027529232
0.0126362419003 0.00613577117888 -0.00552471028257
0.0127572239607 0.00973898585605 -0.0028401339137
0.0246843577226 -0.0161812302518 -0.0343027765975
0.0767433738355 -0.0280870689444 -0.0721939749403
0.10907056975 -0.0107920068156 -0.0677681214433
0.0889454101994 -0.0159841752436 -0.0636190241213
0.0889263625206 -0.00957800382016 -0.0597444972193
0.0651426533419 -0.00555691787776 -0.0496114082817
0.00207863734895 -0.0244445947635 -0.0350737379718
-0.00652971096995 -0.0388753893738 -0.0459525627352
-0.0124858331383 -0.0227232837147 -0.0163159785427
0.00255338001547 -0.0879554741982 -0.0720633072156
0.0106630529094 0.00194697962143 -0.00136149029316
0.111339769201 -0.00205128467175 -0.0566006812938
0.1001725298 -0.000715295497717 -0.0461765379245
0.0597323463717 0.00915180220051 -0.0284615067256
0.0535096776319 0.00855047856542 -0.0283736846839
0.00802888726112 0.0140941996207 -0.00901920216681
-0.00596682330248 0.00386496291616 -0.0188532400281
-0.0484534747683 -0.0175996637162 -0.0176825929256
0.00218515487786 0.00999902437804 -0.00985327653358
0.012014656365 -1.74305471691e-05 -0.0179990026843
-0.00928960325386 -0.0116159534894 -0.0210831132875
-0.0246808139969 -0.00319806128562 -0.0244508707363
-0.0285275162325 -0.0149606395925 -0.0121859498675
0.0422620721878 -0.0110272401012 -0.0161393076129
0.0491733440671 -0.0201939077635 -0.0102053452493
-0.00110643817718 -0.00473108644482 0.00407281083742
-0.0349300216452 0.0067939144907 0.0196172038045
-0.0395833634141 0.00233769163986 0.0236289291212
0.0852511317468 -0.0274665796691 -0.014390355735
0.119119861244 -0.0354246996674 -0.0111750276355
0.119482994093 -0.0387648645174 -0.00842060728681
0.070158496454 -0.0391374337089 -0.00191686208756
0.0127172984958 -0.0272915928402 0.00848111920122
-0.0324553468119 -0.0147904198904 0.0166831921307
-0.0319956993276 -0.011605302092 0.00858969897625
0.00393771184892 -0.0252319039905 0.00727158546915
0.0304472599778 -0.0268459004057 0.00353749686647
-0.0532030361134 -0.00181593088112 0.00694868135001
-0.0662256931495 0.0017428798665 0.0121835906071
-0.0829143793369 0.00849966546924 0.0150883008274
-0.0821811489894 0.0113786483689 0.0134582430805
-0.0479049027533 0.00645627148466 0.00292501424132
-0.0738317945009 0.0160505261679 0.0221854822045
-0.0491327490012 0.0211242826681 0.0194017842726
-0.0537209687496 0.0183307466634 0.0273072436882
-0.0225353104298 0.0134140098141 0.00231853828701
-0.0153483939948 0.00187635607428 0.00955471630882
-0.0142046531834 0.00962417397003 0.00941698198842
0.00336489799486 0.000882635345639 -0.00153696374762
-0.015817538387 0.0196847861637 0.0150564322744
-0.0183166566093 0.0258682441553 0.0157621767354
-0.035956060227 0.0261577911968 0.020162175934
-0.0157763818955 0.0289396570871 0.0159559017338
-0.017350021858 0.00494560798476 0.0176681490778
0.0140630627487 0.0130229816407 0.00807647677015
0.073316139827 -0.00395805470183 -0.0115084484755
-0.0306827943082 0.000790899912953 0.0197913379715
-0.0153520487124 0.00767844409325 0.0129997986085
0.00739017662588 -0.00263109351773 -0.00274173551442
0.00414169875314 -0.0493833181022 -0.0389388746418
0.0323698905149 0.0216651949227 -0.000443209225348
-0.0159838082289 -0.00111782574518 0.00753356362321
-0.00134000602297 -0.00572667362472 -0.00179367179158
-0.0247246556225 0.0164605098786 0.00543447186776
-0.0464049942255 0.00470518484683 0.00751569284497
-0.0202531852567 -0.00557287425569 -0.00859179094391
-0.0517282655206 0.0124306355969 0.00646175585008
-0.0591276530735 0.0151011972325 0.0048004511116
-0.0501182545016 0.0146816812469 0.0167972055851
-0.00456303797354 0.0204041114268 -0.00103201307467
-0.0521834222798 0.0150287422463 -0.00748604678194
-0.0342351212938 0.00458343160334 -0.0165019050568
-0.0571199433177 0.0177427567134 0.021706065349
-0.05046331654 0.0247278469094 0.0331343286987
-0.0280469055328 0.0129096978211 0.030731941976
0.0117231221285 0.000167435920697 0.00122162844246
0.00153654698629 0.00567645843771 0.0333367449271
0.0337129571693 -0.00720931110108 0.0317075830512
0.0143201237138 0.0325175612693 -0.000309936914658
-0.0527512186015 0.0206650377495 0.00169605891873
0.0326812445557 -0.0839424046049 -0.0709197296649
0.0339030317904 -0.0459754632406 -0.0327401810239
0.0305282578289 -0.0456137522958 -0.0224639559515
0.0278622374831 -0.0196142118368 -0.0125806362736
0.0164250816223 0.000857401156166 0.0067398420328
0.0120034699289 -0.00652589505362 0.00766096875647
0.0168264877888 -0.0269192651199 -0.00104696545173
0.00671392305881 -0.0116883914819 0.0076805123459
-6.78978301261e-05 0.0540758523597 -0.0648832752479
0.0215090860943 -0.112220135744 -0.0958527929372
0.0143118712693 -0.0872674816727 -0.0737198858426
0.0308954083464 -0.0590594372398 -0.0499246201836
0.0147028626245 0.00717396711428 0.00748003168342
0.00604320686448 -0.0865950485581 -0.072043994015
0.0189932179385 0.0624358470265 0.039163367077
0.00477920467791 -0.00900117931764 -0.0168766301965
-0.0582307827969 -0.0356022663724 -0.0676090831843
-0.0814370303864 -0.0282551430616 -2.83725332187e-05
-0.0476244055524 -0.018235910717 -0.0116854376455
-0.0025334329309 -0.00674673684606 -0.0195615682536
-0.00585584844739 0.0163808798629 0.0194615990328
-0.00695869012314 0.019611594074 0.0301996899569
0.00904744951771 -0.00747253930491 0.00303630310464
-0.00758034753094 0.00341945170775 0.00863590690929
-0.0265671377759 0.0238528919499 0.0063693660164
-0.0420709137963 0.0315683730722 -0.00194161014969
-0.0600196976334 0.0555410836881 -0.00792559406178
-0.0609826686918 0.0704256684207 -0.00173013335168
-0.033100579064 0.0311412607082 0.000733673784856
-0.0187346307746 0.0169697154734 0.00928741689848
-0.010821115265 0.00941944009449 1.75865957117e-05
-0.030530492403 0.0270644462365 -0.000905719882188
-0.00525839562513 -0.00600373880207 0.000944017613255
0.0475249578435 -0.0234087271436 -0.0155303648939
0.0500269556218 -0.0116092066028 -0.0314515187331
0.0679813941523 -0.0112203887247 -0.0243964711336
-0.0378404664953 -0.0402144055341 -0.0311272296148
-0.101698386118 0.0173672017304 0.0252315679861
-0.068492580583 0.00284392798312 0.0214830563853
-0.00286363475484 0.0160501321097 0.0390528509073
0.0607448484637 0.00581587217773 0.037402540184
-0.0187295701513 -0.00544478470822 0.0138024005281
-0.00542525656876 -0.0208861713057 -0.00366109781626
-0.00433095885082 -0.0265094758711 -0.0141640676261
0.00591899078027 -0.00618607540279 -0.0151075120625
0.135831080229 0.00249938576018 -0.000261224644637
0.109056122514 0.00440997549944 -0.00186646013334
0.037875148318 0.0331767672815 0.0103890554032
0.0703087228606 0.00898785589811 -0.000557075235288
0.0432904218407 0.00837390298283 0.00137004650807
0.0675181670965 -0.0106066728832 -0.00728726211959
0.0174202711197 -0.00677845183695 -0.0471429577133
0.00843110486283 -0.035378908635 -0.0260539368429
0.0651725440238 -0.0533303422615 -0.0496852435454
-0.0279272556559 0.00600864082517 -0.000263985282079
-0.0105840689173 -0.0236167448372 -0.0094939903455
0.0311928310727 -0.0534232917642 -0.0349682134534
0.0144319352979 -0.019123965642 -0.00420739781483
-0.00200170912851 -0.00467751445725 0.0121480087216
-0.0168107029016 0.0118188914664 0.0172555551683
-0.0296980559882 0.0381373383194 0.0190588505192
-0.0374719120233 0.0590660793641 0.00621214128986
-0.0213000468117 0.0157381418991 0.00871830055735
-0.00919876864715 0.00151913270462 0.00281465833189
-0.031031954648 0.0573870219221 0.032653941234
-0.0194570764634 0.0783634281843 0.0437287625941
-0.0081637104642 0.0417277872097 0.031726609175
0.000776895598942 0.0893297566848 0.0534366553143
0.00311254999689 -0.0151065160894 0.00746547609263
-0.0397697092779 0.0942030434855 0.0370403980071
-0.0753613845396 0.095792372807 0.0300426630049
-0.0676151622913 0.0941219267402 0.015939767944
-0.0292135163557 0.0102556328028 -0.0139736219411
-0.0331750475269 0.0167451175717 7.37927850108e-05
-0.0282557753578 0.0167611898477 0.0239632673565
-0.0481143942345 0.0231159431657 -0.000957803499356
-0.0166698430653 -0.00793011378223 0.00366100559998
-0.0278789292091 -0.00628719569484 0.015804451165
-0.0878364729717 0.0722801494596 -0.0104333722536
-0.0886780482389 0.0576928627603 -0.0372663547575
-0.0882005707714 0.0252394682091 -0.0587260831429
-0.0894732794222 0.0410919664251 -0.0344189802715
-0.0684948614121 0.0145485861498 -0.0274428694465
0.00871798149882 -0.0200232299521 0.0178570551382
0.00471699056725 -0.00415966196426 0.0180807730448
-0.0143541535433 0.00939137310995 0.0302265073549
-0.0275423703583 -0.0107417759707 0.0183325255188
0.0353322841183 0.0780872436294 0.0249493859517
0.0021481870908 0.0600427949345 -0.0117584566429
-0.046572069482 0.0496421337737 0.00193255777763
0.041787252834 0.0427953442552 -0.033762659106
0.0823938468712 0.0531787286611 0.0218592706881
0.0273556368948 0.059873111806 0.0261790908817
-0.0419458063307 0.00612373805667 0.0241232279878
-0.0305137607515 -0.0038271902551 0.0201327566843
-0.0209399573268 -0.00756763685605 0.0190940447404
-0.027577274333 0.000456817642489 0.0210510123365
-0.0256730468732 0.00491046826713 0.0207629986193
-0.0237470140912 0.00432684822918 0.0165019909109
-0.0204484160042 0.0149999284651 0.023813852418
-0.00904659364754 0.0144439656961 0.01804028016
-0.0146955116339 -1.85056572785e-06 0.00324760515811
-0.00205308760692 0.00481255674811 0.00597229488366
0.00213960778192 0.012129928543 0.0036264697943
-0.0511591657663 0.0142344803042 0.0356405590423
0.0557216909492 -0.0156495079522 0.00426495310848
0.0471370388682 -0.0377325734742 6.55834829959e-05
0.0097422718374 0.0115453440461 0.00755587236042
0.049271204163 -0.0375293282148 -0.0886236051414
0.00198605008962 0.0132135104586 -0.00328435399524
0.04369290338 0.00315623032257 0.031272844517
0.0333355677078 -4.50269729795e-05 -0.0252104925284
-0.0349074460085 -0.0113667775157 0.00809737700853
0.0666450905919 0.0332140043039 -0.0435018128837
0.0485048692622 -0.0084789669892 -0.0119555594564
-0.00526748087148 -0.00118002527393 0.000899341198292
0.0788789786675 0.00259838258396 0.0066724098322
0.0661763098951 0.00849734304883 0.0316071896141
0.0853570229907 0.0016301062725 -0.0186918708772
0.0830874052854 0.00195229450742 -0.0318476844324
0.0799821740574 -0.0022353108691 -0.0194910629628
0.0879276917107 -0.00539902843381 -0.0422187046473
0.0647003147077 0.00601368609199 -0.0147257595029
-0.0306418668546 0.00843633355013 0.0153599676696
-0.0295097608586 0.0145329320797 0.00370107935818
0.00318436023857 0.00325460085552 -0.00163355048665
-0.0298025595696 0.0146376793877 0.00520299443984
0.0201817576693 -0.0559791790931 -0.0487303447704
-0.00252763578997 -0.0175499641826 -0.0063054528979
0.000899323402112 -0.0227395005237 0.00252151956934
0.107856177597 -0.013868808568 -0.0249877146122
0.0957850196135 -0.0156146534638 -0.0257740121434
0.0256999825901 -0.0526233889054 -0.0460951960408
0.0112474396882 -0.0207758349959 -0.0737740562516
-0.0047783814426 -0.0635086663717 -0.0525165287821
0.0574936870423 0.00360953663021 -0.0381005743696
-0.0999963501124 0.0229480589163 0.0571714865605
-0.0774091349828 0.0186080826937 0.042754981949
0.0349648091349 -0.00352739204691 -0.00974919737794
0.0315735150378 -0.00415219240043 -0.00934604271957
-0.0433167448573 0.00493354594276 0.0039381953636
-0.00516621213694 -0.000277092994996 -0.00394028021086
0.0434891844609 -0.00862336739117 -0.0136761392359
0.0759836061529 0.00273823487235 -0.00613865239671
-0.100758633098 0.0426905296319 0.0196412289987
-0.0688014467411 0.04772902897 0.0232851762538
0.0658140355432 -0.0318652173131 -0.0166820896075
0.0344070248836 0.00681280612829 -0.022654222831
-0.031366349324 0.0227535065688 0.0248323312145
0.0402698507637 0.020526816303 0.00125239301501
0.0399661633261 0.0385728561221 0.0162642443854
0.0636645179994 0.0605830321798 0.0200212921261
0.0348288741782 -0.00248292435347 -0.00859353067558
-0.00913155112572 0.0109242551274 -0.00189684630436
-0.0855436789345 -0.0277336928308 -0.0833559430229
-0.0648575948574 0.0154967025457 -0.0316409199137
0.087798904621 -0.101512072372 -0.0589427611612
-0.0531974742437 -0.0281151692286 -0.0234653576631
0.0403998885295 0.0417554569265 -0.00276489038004
0.0624651038562 0.0552724315918 -0.00114367121004
0.0398529456534 -0.0147584463636 -0.00785260151572
0.0534141136744 -0.0149174809093 -0.0127348266188
-0.0193768653495 0.010676346757 -0.0199228189145
-0.0318608468886 0.0115595305208 -0.012517874287
-0.0144876659621 0.000418498617435 0.0132048695097
-0.0221642391077 0.0133655006144 0.039910398742
0.0371684475098 0.00584240271376 0.0393270126245
-0.0150403080665 -0.0283290037153 -0.0294979143765
0.0900161755702 -0.00285119322844 -0.011405394788
-0.00417994945672 -0.010337139309 0.00988043132445
-0.131484499396 0.0265153362145 0.0176377132509
0.0234189529746 -0.0718487830668 -0.0386480321313
0.0100539815721 0.0120822448034 -0.0119457339476
0.0469827060823 0.0738676674767 0.0435066040293
0.0425689000017 -0.0837291605729 -0.00281401960436
-0.0730113353354 -0.0160721528286 0.0122917306494
-0.0289340531177 -0.000969133366627 0.0216763054418
-0.0195975042025 -0.011752914271 -0.0119757987704
-0.00997521484012 -0.0719648506811 -0.101976351687
0.00967505673203 0.020564840985 0.0110601036454
-0.0276077638849 0.0107584371146 0.0165152496079
-0.00398785368578 0.00736918206923 0.00346405951118
-0.0500402013006 -0.0031743931993 -0.00408104559244
0.0771938552624 0.000506575117485 -0.0387344521944
-0.00309166933213 -0.00292078194945 -0.00780007209607
0.0934272447323 0.0106229849775 -0.0521214864644
0.00862278916855 0.0103677062029 0.0319990203516
-0.0211563779627 0.00583836524612 -0.0721050051675
0.0164718970576 -0.0216707662845 -0.0192235591558
-0.0387994245958 0.00343793306873 0.0223742021659
