0.0239741291065 -0.0292513103954 -0.0247836640887
0.00324614997194 -0.0218350051556 -0.0131912878155
-0.0626426891871 -0.00759430756344 -0.0112924115855
0.0266265008649 -0.0224304780006 -0.0350874860671
0.0463763473399 -0.0565348810443 0.00885840438845
0.0554718726591 -0.0397958652246 -0.00308867030612
0.0184043657275 0.0143967448383 0.0374131118744
-0.0596702164659 0.0918888848015 -0.00760384862882
0.0343971388604 0.0121570274434 -0.0225515879406
-0.0629240642273 -0.0195861225834 -0.014610858144
0.0396011014116 -0.0301775634821 0.0166016517957
-0.0178708930672 0.0132997036638 -0.011307166754
-0.0208976972663 0.0261911529859 -0.00403040134247
-0.0387992237824 0.0591776666359 -0.063680264636
-0.0194610494222 0.0273511067353 0.0108031809981
-0.034948146057 0.0134420122634 0.063448304452
0.00306952762639 -0.00342471537949 -0.025545265333
-0.022153685191 -0.0115189369326 0.060862787666
0.0570390108622 -0.0138195088859 -0.000432719478793
-0.000574194543059 -0.00366472807573 -0.0272697568291
-0.0123008754655 0.0222705584485 -0.0424754483042
0.0242993777198 -0.0204655865529 -0.0300885375263
0.0520171075271 -0.0288983402968 -0.0405891044529
-0.0122879696678 0.00603578015791 0.0117623888262
-0.0464524392837 0.0106223612349 0.0194108145068
-0.0292142181463 -0.00746712896899 -0.0233537016472
0.024562448374 -0.0197746796012 -0.0313082615326
0.0128681820387 -0.00614534228072 -0.0811018661601
0.0449087975085 -0.0592430941706 -0.0275353033101
-0.00972198830268 0.00450575635864 -0.0201947816362
-0.025622837866 0.00405660996734 -0.0123800546569
-0.0512837986127 0.0333844207367 0.0338558975959
0.0124735591784 -0.0118042170255 -0.0296346581928
0.0212013681218 -0.0163707475025 -0.0291499130628
0.0558244650457 -0.048732214976 -0.0130935162044
0.00870570452123 -0.013585477664 -0.0343985674444
-0.0113876958172 -0.0169775172857 -0.0631445256015
-0.0125641316864 0.0194522769159 -0.0251245093969
-0.0162123531982 7.13977313906e-05 -0.0255027603342
0.00971064822714 -0.000227662457926 0.0717235175668
0.0327141469367 -0.0257491145862 0.0232354514689
0.024344178506 -0.024630864171 0.045922608624
-0.0074777250901 0.0165414275903 -0.00149545481458
0.0501094380689 -0.0374646092862 -0.0176814276944
0.0520566758046 -0.0245433925151 -0.02664256614
0.00570560130004 -0.0171061677158 -0.0470551031015
-0.0138791256564 0.0189828567145 0.00126183470499
-0.0536472817 0.00859595418548 0.0141296131392
-0.00433480473205 0.00664687074108 -0.0194091716297
-0.023765597121 0.0305438810829 -0.00552787180801
0.0279933837258 -0.019784657404 -0.0506115219618
0.0529618558781 -0.0111517838711 -0.0519139953421
0.0624672020052 0.0207594628153 -0.0368985659736
-0.0426974231423 0.0556501678068 0.0499856827725
0.0372568644926 -0.0457681356843 -0.0254238272505
0.0406792785639 -0.0660625626582 -0.00846978134404
-0.0334403916991 0.0537239532683 0.024394651067
0.00111074927481 0.000946084578554 0.0285646254406
-0.0288588608526 0.0285919639905 0.00240283040719
0.0570095418695 -0.0567049116225 0.00179040208346
-0.0401657110154 0.0556432809436 -0.0220966997394
-0.0471205613241 0.0710505698004 -0.0385950798703
-0.0634961444446 0.0752143633538 0.0196887801154
0.0126155027058 -0.00924517779298 -0.0281466701909
0.00856416373001 -0.00269785696375 -0.0284702893682
0.0017718368625 0.00532106964348 -0.0339477348787
0.0189116145821 -0.0168263856541 -0.0385345628426
0.0117999656315 -0.0176399919534 -0.0511251491342
0.0491970604451 -0.0510880011921 -0.0239896265449
0.0335627871749 -0.0539143838459 -0.0365359387698
0.00847211335448 -0.0148898369893 -0.0743332456446
-0.0424882903322 -0.0203335078455 -0.0704050854086
-0.0390802296034 -0.0142980111307 -0.0244077090591
-0.0402034079311 0.000616951080492 0.00810268738611
-0.0218776697757 0.00858562849702 -0.0138558443874
-0.048209191858 0.0258672637252 0.00903406363486
0.00830748783617 0.00208947852595 0.0212177174939
0.0238053656692 0.0132766196175 -0.00519764143254
-0.0423505530256 -0.0155060093157 -0.00536541187182
0.0498376643032 0.0346854989566 0.00772723777603
0.0525195991782 -0.0277648256489 0.0432702274045
0.0511008136683 -0.0214183358162 -0.00918012214414
-0.0274997067755 -0.00829229048127 -0.0687135760221
-0.0166315801987 0.0599233369448 -0.0274740287041
0.0418190915784 -0.0343636841502 -0.0231818396204
-0.0120251813025 0.00483079236031 0.0229780407682
0.0333295777315 -0.0354921050759 0.0170093516378
0.00193824431937 -0.00395086655186 0.0183275210637
-0.0208919491087 0.0277351274848 0.0183908332112
0.00685001952671 0.0197783319391 -0.0189854098284
0.0618336046757 -0.0233848112221 -0.0157028407502
0.0706952763462 -0.0240136367723 -0.0119873394161
-0.0384681915942 -0.0150316026972 0.00182599203463
-0.08754002788 0.0159824560793 0.0119640692988
-0.0371008545138 0.0171200195244 0.004172275992
-0.0419724822465 -0.00862075700985 -0.0020658851192
0.00312717093665 -0.0248376914282 -0.00637377888451
0.0450198187423 -0.0266253350838 -0.0145499405248
0.0187423307565 0.00733179050188 0.00823905076134
-0.047403482988 -0.00857138754481 0.0358899591545
-0.0312470301437 -0.0229631188581 0.0143790822689
-0.015357407303 -0.00851726522394 0.0182931440608
-0.00172257999936 -0.0228281504075 0.0434744879041
0.0637923621152 0.00814600043561 -0.0568050204591
0.0392931561112 0.020759635174 -0.0509462642233
-0.0126485897296 -0.0127037262675 0.00111297935858
-0.0432828152154 0.0223189960045 0.0131735854953
-0.00383876925742 0.011820443739 -0.017132070721
0.0256759467131 -0.0523132775203 0.00634754198054
0.0536670532419 0.0336798320541 -0.0226299387091
0.00586502497567 0.0350913310733 0.0101861420606
-0.00566367675016 0.0366020520339 0.00266265361112
-0.0155721354452 0.0312318198403 -0.00641967649065
-0.00520970670156 -0.00160206659259 -0.0171254859255
-0.0166705580591 -0.00661354292807 -0.00146564059107
-0.00559901353586 -0.0191877470107 0.000724018183534
0.0163913848661 0.00870075750331 0.006191384185
0.0274303157712 0.0329563200299 0.0174832684805
-0.00961370867406 0.00645320988322 0.0105796129948
-0.00601723452636 0.00713303020586 0.00800030853702
-0.0141791439683 -4.19830558299e-05 0.00499558304104
0.0445187507666 0.0248255510234 -0.0123113158833
0.0148315611059 0.0147389453879 -8.65685289705e-05
-0.00163251036677 0.00557313010661 -0.0064438210256
-0.04179847764 -0.00341520769023 0.00408078411096
-0.0616375589877 -0.0204100201589 0.000667274048738
-0.0766315690965 -0.021094156653 0.00348976458931
-0.0325570388403 -0.00658144399593 0.00663089578373
0.0199493654154 0.0113677915268 0.00347819655403
0.0466016256245 0.0260657627214 0.0179534731545
-0.023638765834 -0.0324532763008 -0.00949734644013
-0.0329921055817 -0.0307388449261 -0.00368922535806
0.0038607415362 -0.0105404765698 -0.00345818231688
-0.0243300055836 0.0209793251955 0.0230804015043
0.0178879086053 -0.00623947492864 -0.00758434614468
-0.00962227489204 0.021590338162 0.00694765952354
0.0607591994868 -0.0160666601309 -0.0554391250664
0.0217166903473 -0.00683991057158 -0.00914305664567
0.0300808318276 -0.0136461271549 -0.00190803710631
-0.0762485298034 0.00649734465763 0.00322584866722
-0.0632280859099 0.00723659731909 -0.00338824519456
0.0715609697301 -0.037139671924 -0.0315319224233
0.0710421870947 -0.0368828771234 -0.0430532436627
-0.0125102214621 0.0155192449785 -0.0285236728367
0.0613496179154 0.00372485054614 -0.0303127314395
0.0421584118138 0.0105098765005 -0.0115313374131
-0.032928143463 0.0464780690223 0.0272927053965
-0.0282096565544 0.0316266601711 0.0278105487292
-0.0473795451819 0.0307339571073 0.01635724425
0.0176510551607 0.0152673299943 0.00868255621505
0.067303894691 -0.00522153042817 -0.0514120902232
0.0643499307124 0.00301383702474 -0.031785050335
0.0668119673972 -0.0105692162544 -0.0311556783212
-0.0229896155881 -0.00530721326688 0.00927497368414
0.0292701110409 -0.0462507575142 -0.0299686888503
-0.00158149317836 0.0215269518392 -0.0513414463904
0.0340723888603 -0.00125897111783 -0.028856260282
0.0362293572828 -0.0624054499702 -0.00666609783744
0.0303656947487 -0.0474913434386 0.0151822531876
0.0263869215387 -0.0485883755722 -0.00515251213027
-0.00424762807286 -0.0307361910777 -0.00148819597614
0.0259616230116 -0.0266258649566 -0.015339112558
-0.0547857217375 -0.00640896436632 0.000470308123871
0.0348357842334 -0.047776472722 0.0148794299426
-0.0770391289745 0.0146826684948 0.0116814245594
0.0377338977956 -0.0176020595088 -0.0217464234162
0.0168745024022 -0.0205318746946 -0.0151826553903
-0.0359017189264 -0.00940424914174 -0.00560505953125
-0.0596876926282 0.00658260101194 0.00961695887226
-0.071427333359 0.0277216110337 0.0148649356424
-0.0436237477297 0.00745802161483 0.0113671664529
-0.0110566725067 -0.00221782932253 0.0184508047533
0.00719239246668 -0.00431538225226 0.027715906971
-0.0244579166398 0.018696932158 0.015541429901
-0.0317762277923 0.0304509000852 0.00027134348608
-0.00984002345531 0.0181036421446 -0.00906929058507
0.0692044277114 -0.029420573499 -0.0237184691663
0.0396815856766 -0.0313766821723 -0.00734492908475
0.0325227338263 -0.0135239840514 -0.0243186693213
-0.036412264329 0.0200590662496 0.0129325674783
0.0660400629391 -0.0099756347011 -0.00539195203878
0.0920481933544 -0.0209884598677 -0.0128413260618
0.0244364421818 -0.0186885189718 -0.0205418065471
0.0177220000928 -0.0191348795462 -0.0255830484661
-0.000777364378168 -0.0230306264091 -0.0152112150189
-0.0413386263962 0.0197869101332 0.0150788443719
0.0129694057285 -0.0283737293783 -0.0227635362772
-0.0263784530081 0.0335145662251 -0.00321595419621
0.0250376076008 -0.0307051434323 -0.0225375192471
0.0315299948608 -0.00163891815102 -0.0130637228266
-0.0049799050793 -0.0165088633508 0.0170827433042
0.0396163764935 -0.0377352040199 -0.0263113777541
-0.128949439471 0.00873938607558 0.0551837231875
0.0321723062432 -0.0259323209998 -0.00195341790289
0.0585822552581 -0.0304377906408 0.0118032659295
0.0113073627516 -0.0183711279733 0.00702710213922
0.0504342287385 -0.0109247383788 0.0112895771227
0.0418278708069 0.0031883627865 -0.0170890450327
0.0158122337648 0.0255978947324 -0.0333848537723
0.022432505832 0.0200547308648 0.00137375573319
-0.0207503499774 0.0571736414353 0.0153415954506
-0.0259485885119 0.0463030830311 0.057646335537
0.0191200800169 -0.0212686169691 0.0649329146765
-0.048935397403 0.0303279467252 0.00763144179243
-0.0167947447586 -0.00436515312773 -0.00723976105951
0.0144514178042 0.02659229449 0.0155524169493
0.00292319319122 0.00761855954806 0.0118389922943
0.0133334910119 0.0116493491169 0.00930934684302
0.00904646003056 -0.00961469638693 0.00302733381328
0.0170704275277 0.0171679524569 0.0114412915764
-0.0306088385852 -0.00216045241868 0.0185570217393
-0.0199376037464 -0.0224394590841 -0.0325377598703
-0.0651531115907 -0.00312229182772 0.0337417106969
-0.0270534375095 -0.0138771778815 0.000504739111283
0.0202807168356 -0.035595577094 -0.00973194648771
-0.0788618716897 0.00367355384159 0.0467316282557
0.0131990309382 0.00652523047654 -0.0233944641601
-0.0621366722319 0.0165810883081 0.0359003983295
0.00821621282917 -0.00364201513355 -0.0188463733042
0.0100376387396 -0.0130032007978 0.00414228678667
0.0051526953489 0.00681197839286 0.00690664491869
-0.0246414125821 0.0153564351209 0.0121464826412
-0.0421459932336 0.0104177203506 0.00244606377593
0.0446322234551 0.0366061274885 0.0157898072411
0.0529897712184 -0.0753661767185 -0.0111065418783
-0.020509511369 0.0448398532784 0.00969709933672
-0.0266536285122 0.0415331246439 0.00285480226557
-0.00206425207087 0.0185737031168 -0.0218259829367
0.057448398865 -0.0183585057429 -0.0441739975256
-0.00790021591826 0.0349393784212 0.00706262618951
-0.0147432361371 0.0398053206657 0.0167488421814
-0.0198178279283 0.0316296434055 0.0159435554793
-0.00301594961652 0.0148757522041 0.0111632553716
0.0599751882561 -0.00642057714257 -0.000410027590662
-0.0367505903399 0.0465756723655 0.0234717319698
-0.0405412116938 0.0365060154392 0.0204453030573
-0.0524069232006 0.0177334706139 0.00939859665571
-0.0382490187143 0.0532597015472 0.0290146547004
-0.033413241815 0.0434844787557 0.0314001933467
-0.015166454041 0.0109703029631 0.0288058794442
-0.0604348453867 0.098978981723 -0.0169090676827
-0.0447205080146 0.0814082020325 -0.0521325942117
-0.064877788488 0.00727497020126 0.00635652062405
-0.0484525561334 -0.00926916669408 0.000918382829845
-0.0178191536825 -0.0195471102997 0.00694462889538
0.0104194048007 -0.000617545083919 -0.00845189183439
0.0446881072126 0.0127093798221 -0.0134903704382
-0.0268880272023 -0.0137506905319 0.000740253681314
-0.0732339197226 0.0194224995496 0.0291872282867
-0.034141160148 0.01732078004 0.0188400839328
0.0133714761198 0.0166618093217 0.00375392124163
0.0446086602143 -0.0107310958358 -0.00950352243836
0.0396168000045 -0.025356856597 -0.0211946891832
0.0500214274425 -0.0239796909476 -0.0320773464544
0.0301137990604 0.0029572671281 -0.0215691444992
0.0543025503288 -0.0183758542938 -0.0389624683699
0.0567402484312 -0.00858776342918 -0.00451363905091
0.0749368914322 -0.0179602193724 -0.0102909356825
0.0597170488842 -0.0267138655342 -0.0213810730105
0.0372671867552 -0.0308789874699 -0.0200352347952
0.0107082850655 -0.0333880031865 -0.020233972284
0.0170915350546 -0.0326243691302 -0.0177350056266
0.0558811071939 -0.0406035389688 -0.0317204469854
0.0808034252847 -0.0423238590429 -0.0383984024838
0.0873811593011 -0.0404298383531 -0.0491232777814
0.0474495776928 -0.0305857931498 -0.022169151084
-0.0165491909434 0.000486216669416 0.00799350422315
-0.0466576244189 0.0195783123698 0.0141865274036
0.00640913447531 -0.0114909481041 -0.0534767719887
0.00105555103577 0.0120318582732 0.00896033529207
-0.0194220052385 0.0107682478377 0.0124743326627
-0.032122748275 0.00166862291705 0.0165933289717
-0.0297026275603 0.00507232139617 0.0133798479385
-0.0304284128139 -0.00266879139807 0.017823091048
-0.068320917294 -0.00552240429707 0.0282434393532
-0.0833082873472 0.00591207573299 0.0124277402129
0.0262062708324 -0.00413886280398 -0.0251561906003
0.0178124280352 -0.00249596534663 -0.039996436482
0.00708545552323 -0.00478401528052 -0.0623204054331
-0.0361870057253 0.00630378503076 0.0106521797982
-0.0142273385933 0.00103532405444 0.00240808772081
0.0333046274161 -0.0124733561058 -0.00423717357349
-0.00672769524452 -0.00480478258235 -0.00783718514023
-0.0615883337494 0.00735333089291 -0.00574368724379
-0.0432559670798 -0.000913129876398 0.0240706966676
-0.0331202319799 0.0186242516023 0.0106899601873
-0.0297369764895 -0.00968559943957 0.015841788275
-0.0261283689259 0.0186649888792 0.0135586093902
-0.00846094933331 0.0147241623306 0.0095094067719
-0.0668572730325 0.00144174825363 0.0393744107711
-0.086838995965 0.0035469307192 0.0455833152733
-0.0501374520362 -0.00204974433805 0.029137277311
-0.0228924380883 -0.00711682314171 0.0105708312062
-0.001801916228 -0.00969300843225 -0.00404666722117
-0.00286282159391 -0.0094256225133 0.000367885233403
0.0144433168217 0.0050327010565 0.0208219726592
-0.0531964449241 -0.00491886312893 0.0262033720025
-0.0451673389462 -0.00808525877877 0.00997033259125
-0.0755023208879 0.0017571943418 0.0408724157831
-0.106876278003 0.0102212170984 0.0594220353003
-0.0974870041303 0.0196869987573 0.0493213299479
0.0188664150318 -0.000207248471583 0.0300499922945
-0.0842808485357 0.0134064121607 0.0120277437441
-0.0445776542869 0.0169540595536 0.0330831707809
0.0201280518856 0.00170851008942 -0.0124510064599
-0.0256804487573 0.00399011329107 0.0241590882621
0.0519417105532 -0.00573497805646 0.0179926568371
0.0158298505091 -0.00970948025691 -0.0243782481932
-0.0170395812277 -0.0282860701804 -0.0306927078273
0.00834310147274 -0.00852652707698 0.0018862828761
0.0248609088523 -0.0118830525483 -0.00704382451218
0.0562301108974 -0.0126427422601 -0.0136244136714
0.0549964288552 -0.0112554712148 -0.0302503211793
0.0141939090296 0.0119303760887 0.00620259857964
0.0232828192752 0.0195673487073 0.0112100051644
0.0139885062939 0.014968754178 0.0129947609974
-0.0791049756058 0.00155199724031 -0.0122956371427
-0.00283628672384 0.00803165472123 0.0111840100789
0.00101317639238 0.00662369619092 0.0106694804923
0.0307821951878 0.0298899645973 0.0151846059779
0.0420460120566 0.0332134911887 0.0185389260271
0.0451721647063 0.0216974706454 0.00556291590286
0.0236151605575 0.0204953686 0.0110664169473
-0.022171808733 -0.00764451982829 0.0103517254498
0.0252736611029 -0.00853235937257 -0.00669359315805
-0.055362662927 -0.00150330770196 0.0136606789203
-0.0427089016694 0.00126120663917 -0.0108296882854
-0.0461010229124 0.0024557319571 -0.0306521928897
0.0115889782484 -0.00346446352271 -0.0311100020212
0.0502781752478 -0.0122195394014 -0.0474317632024
-0.0945741391618 0.00184114515046 0.0337631644148
-0.00081555168143 0.00244833162457 -0.0410913501293
0.0297157081877 0.00123600657414 -0.048125409497
0.012203264102 0.0134305746219 -0.0131868561895
0.0451651712126 0.00178875651419 -0.0322634457527
-0.109771855202 0.0088100342571 0.0366633389148
-0.0926186723722 0.0105214145657 0.0141234216569
-0.062028577281 0.00633553523843 -0.0168668947648
-0.0222368842425 0.00494110332239 -0.0248184247333
-0.0539166632755 0.0164392834316 0.0169613167636
-0.109967878975 0.0144295654457 0.0370140046026
-0.0938691041298 0.0183239307617 0.0342636367341
-0.0753189231424 0.0201245993737 0.0373818134869
-0.0696788155593 0.0203218310399 0.0409810712207
-0.034863883924 0.0142646985452 0.0206488776356
0.00339794022786 0.0062231737136 0.0115169400185
0.057412344732 -0.0212027106944 0.00176269654624
-0.0309514470864 0.000176740810914 0.000831840059026
-0.00585619954061 -0.0172204468238 -0.0404144773721
-0.00969439138641 -0.0236336087109 -0.0390421472806
-0.0043968104896 -0.017911635578 0.0209455012023
-0.023033591019 -0.0267031585763 -0.031357684888
-0.0372199693451 0.0169583231671 0.0262453460746
-0.018922833846 0.00750180821809 0.0328771770534
0.0361523395764 -0.00902920671913 0.0404284886823
0.0532630186664 -0.0174867521666 0.0491202550308
0.0408359763652 -0.00778659262379 0.0110409627646
-0.118782226975 0.00325656991748 0.0510376108737
-0.103890156438 0.00724217774879 0.0565371673388
0.011564623266 0.00344974856084 -0.0326755502648
0.0329964042063 -0.00710169368328 -0.0385623075364
0.0485897336179 -0.0114903239425 -0.0396227421098
0.0452182826032 -0.000670911468363 -0.0138573856726
0.0201414666957 -0.00436006343298 -0.021655960301
0.0255675493393 -0.00337057465618 -0.0371344416898
0.0454217799513 -0.0120520674059 -0.0497249087569
0.0514514132784 -0.015868046861 -0.0531291445707
0.0339690628832 -0.00975238739662 -0.0326329810179
0.0643323827533 -0.0162316672787 -0.0569454428922
0.0670561659106 -0.00936874059104 -0.0462144431623
0.0696670066246 -0.0115295246518 -0.0503095406908
0.062270048117 -0.00549644037529 -0.0387495948112
0.0322648491719 0.000740079427596 -0.010382848104
0.038117827871 0.00642447178869 -0.026501632402
0.0153270978436 0.018911830732 -0.0109518879908
-0.00220005991263 0.0210589739677 0.00535585582961
0.0124037776553 0.00849762549939 -0.00625614632218
-0.0345089941316 0.0301101150738 0.0232544981438
-0.0643468043161 0.0259775286486 0.0302343239518
0.00149004617179 0.00828515375198 0.00983337650795
-0.0250037064743 0.00677564957711 0.0078338174526
0.0709435859415 -0.0174397421158 -0.0549962897861
0.054116525228 0.00621435518736 -0.0384763431958
0.0700819881422 -0.00314508065713 -0.0488172268021
0.0591227270465 0.00609715532355 -0.0353171865825
0.0433444360429 0.0412250850778 0.0175789926159
0.0367607118667 0.0392661491445 0.0186034365993
0.0107436475444 0.0234326720278 0.0162164674471
0.0376138211527 0.0112467192747 -0.019447236594
-0.0111019846399 0.00965295443183 0.0269838613795
0.0217367230202 -0.000359717410176 -0.0327386509357
-0.0361606096393 -0.000935956584368 -0.00609625877956
0.0603938486823 -0.00762544214509 -0.0125050742086
0.0314727602994 0.00954503927104 -0.00258615165208
0.0190289519084 0.012430426391 -0.0113862555434
0.01077397828 -0.00185101047435 -0.0221515271694
0.0300343237831 -0.00145139093041 0.0080367051588
0.00435300988938 -0.0126388663675 -0.0081749859264
0.000738584765301 -0.0148985055846 -0.0277351707004
0.0350593205033 -0.0130286394435 0.0422406670158
-0.00251858469283 -0.0285622612516 0.0591293729025
-0.0428447815146 -0.0290103629236 0.0123946708305
-0.0229242718493 -0.0260206239488 -0.0277100148058
-0.0237593955093 -0.0228658833378 -0.00365229503028
-0.0215749871725 -0.0225831685759 0.00689313338919
0.0271365911973 -0.02642202174 -0.0295104436282
-0.0376915226988 -0.028805348136 -0.0145725890048
-0.0254669541323 -0.0262863310819 0.0363278045025
0.025962847318 -0.0354713567603 0.0107125319805
0.0025381406364 -0.0282215959005 -0.042590082218
0.00464750128401 -0.0200610742293 -0.0412540376366
-0.00962873261814 -0.0236003078507 0.0499815774287
0.019708574376 -0.0223740282857 0.059705016185
0.0375626416448 -0.0273238879696 0.0565695728374
0.0649846180146 -0.0253801808249 0.0315135153785
0.0501438735834 -0.011391244004 0.0190181132276
0.0349136303047 -0.00698600968313 -0.00294354737806
0.0261268823678 -0.033430068525 0.041977979505
0.0251363496646 -0.0210523449777 -0.0372768843383
0.0396595756683 -0.0177549676178 -0.0193789638726
-0.0200704815647 -0.0330670214459 0.0433877362859
-0.0252427598085 -0.0348336066949 0.00989475187609
0.0512959689856 0.0114845336865 -0.00629959418783
-0.0231268429591 0.00262478097241 0.0153653281668
-0.0121499536929 -0.0209106079693 -0.0175451554545
-0.0204664022678 -0.0188713709454 -0.0201514929759
-0.0174869840913 -0.0305569009252 -0.0449772305718
-0.0177708632521 -0.0305259064528 -0.0386320559696
-0.00663830013246 -0.018205961241 -0.0198623842526
-0.00122170183429 -0.0160672474162 -0.0291647602103
-0.0117062798889 -0.0184992250336 -0.00673409653126
-0.00146853704027 -0.00680675193582 0.012408174656
-0.0142049758818 -0.0244807628695 -0.0461130324679
-0.0200464728622 -0.0287471590105 -0.0441161009841
-0.018734267392 0.00245466599953 0.00740736037841
0.0193791097167 0.0315445038506 0.0177913532644
0.00360837217319 -0.0107108916065 0.00543562930926
0.00377096174857 -0.0085082002728 -0.0119803785189
0.0123775601083 0.00365222544175 -0.0149241239604
0.00161921125185 -0.00140526217331 -0.00239799655308
0.00717030119882 -0.00641954621081 0.000857483360786
0.0141237826733 -0.00190149173617 0.00732342302051
0.0338866835653 0.0133100544555 0.0183853642096
0.040501901738 0.0272817312458 0.0230410652629
0.0292640819153 -0.0026296008633 -0.00407439695263
0.0441387239943 -0.00870623666442 -0.0258394889249
0.0204049495991 -0.0333813940896 -0.0183500333611
0.0467649912269 -0.0290017416026 -0.0095108943584
-0.00957557054852 -2.87307459574e-05 -0.00999830986593
0.0375501627977 -0.00585052798711 -0.0186599678823
0.066469791056 -0.0159606740223 -0.0164610834706
0.0930970046341 -0.0364481609475 -0.0235076779676
0.0519656949871 -0.0266381025267 -0.0083016441738
0.015278830932 -0.0105395373913 -0.00137450497139
0.0272884470873 0.0044976027949 -0.00230202296215
0.0338048372253 0.00297694466035 0.00331495336409
0.0719732813843 -0.00896984224563 -0.00310406675613
0.0901608887964 -0.0184000223769 -0.0100605185355
0.0865083978544 -0.0243000273973 -0.0155602481142
0.0447920817421 -0.0178750646378 -0.0133957548369
-0.0251392425659 -0.00537411856853 -0.0131833852263
0.0708209316181 -0.0238089017553 -0.019053687327
0.0901680180351 -0.0244749716152 -0.0139790388801
-0.0398340377972 -0.00953307379855 -0.0200449061822
-0.0112893373048 -0.019051091912 -0.0218350138525
-0.0307716992903 -0.0173455492897 -0.0122698504377
-0.0636660431386 -0.000244434340666 0.00773930305675
-0.0900832267111 0.00761122505964 0.0083453873057
-0.0334098876533 0.00293637615528 0.0153635970772
-0.042649096209 0.0189342544791 0.0282079181276
0.0085016306703 -0.00445644869598 0.00680626738124
-0.0636366804423 0.0314258801622 0.0397599030518
0.0686525178718 -0.0378661448631 -0.018349430191
0.056841316139 -0.0473621010898 -0.0233724982521
0.0643549881094 -0.0445653251881 -0.0332127619158
0.0352665607714 -0.037069150313 -0.0118707370714
0.0134774227906 -0.016223765052 0.0022626142561
0.0172325337696 -0.0162154033307 -0.000601695457983
-0.0124849940237 0.00285090820611 0.00850944555936
-0.0339860800988 0.00390925981136 0.00417798570888
-0.0543473719674 0.0146601715754 0.00867805152194
-0.065712384372 0.0118410048205 -0.000329125164077
-0.067660380437 -0.0264012425143 0.00178121044914
-0.070061396553 -0.023630044225 -6.82164165511e-06
-0.0527814754066 -0.0169338206669 -0.00187264900626
-0.0371941019885 -0.00427061368303 0.00573853555001
-0.0177935895146 -0.00453341889484 -0.00462888534157
0.0705649412893 -0.0153547310023 -0.0428664925139
0.0640117185241 -0.0123980420427 -0.0218544493129
-0.0446933536962 -0.00664546811166 0.0024664832088
-0.0420244597824 0.00539215998464 0.00235562181658
-0.00250424166637 -0.00138949047667 -0.0212611205742
-0.0416204350567 0.0123133018627 0.0137799460728
-0.0295469767345 0.01426392785 0.0177002963005
-0.0266314072645 0.0119131504423 0.0256471544012
-0.00709117957373 0.00844932186457 0.0127148594018
-0.0273346501034 0.0189579526452 0.00901581333889
-0.0240177376791 0.0203057811003 -0.00759159174058
-0.00894874205529 0.00411571698833 0.0279159690899
0.0146857589238 -0.0137009073608 0.0258564079987
0.0249954130815 -0.011753829311 0.0232237610246
0.0379842427271 -0.00343194209015 0.00471070365393
0.0452205938695 -0.0214401400061 0.00754284629526
0.0576868877923 -0.0276592884231 -0.000891296265544
-0.0133839220844 0.00688787136335 0.00492750039178
-0.0126545846889 0.00770731760943 0.0165356995268
-0.000765197377946 0.0160230502836 0.0153282999723
-0.00997748840173 -0.00469922759049 0.00771780535516
-0.0168511259603 -0.0133719227185 0.00139404494753
-0.00160069148093 -0.007548764577 0.00657592490589
0.00573416515809 -0.0238638100969 -0.00260347661957
0.00763158354671 -0.0358484975738 -0.0103850585143
-0.00496689869615 -0.025529242409 -0.00734102433089
0.0132495933633 -0.0406571994537 -0.019955365584
-0.0540441311157 0.0875613468161 -0.0422825071321
0.00379846952023 0.0210129978392 0.0148654006686
-0.00948932950803 0.00870353249544 0.0105893209142
-0.00797461737361 0.00774191318915 0.0137330128005
-0.00165836449304 0.0173334811868 0.0186912713292
-0.00749852003735 0.0115995502419 0.01175250254
0.0195332740561 0.0304446508467 0.0264931603594
0.0719218398391 -0.0115392639544 -0.0564013735551
-0.0442784811062 -0.0216330745903 -0.0378111787538
0.035272912341 0.0248767227015 0.0117235491379
0.0298454745205 0.0176718016399 0.0157951631165
0.0109880740195 0.00167435528618 0.0108964229445
-0.0591885845332 0.00564573169773 0.0288541538178
-0.0873533229987 0.0108507695932 0.0498213252793
0.042906122417 -0.0293830399261 0.0524290727392
0.0333496736168 -0.024743824203 0.0384368573739
0.0141712025508 -0.0118031247446 0.0338158317881
0.0038891415903 -0.0139005000233 0.033252572483
-0.00945585251629 0.0118608978398 0.0136767802443
-0.0161902779634 0.0338947781065 1.39026026144e-05
-0.00260205865862 0.00814582303912 0.0210627288706
-0.0175413455245 0.0187295032735 0.0175669280381
-0.0280488880079 0.0311453693281 0.0061751573315
-0.022138111731 0.0338312698723 0.000745303235479
0.049284306175 -0.0321549770823 0.0371817156125
0.0322959134508 -0.0175650110902 0.0638397438128
0.0353553161162 -0.00859197414315 0.0510587415701
0.00525772365029 0.0142598012351 0.0649193236876
-0.0151799745621 -0.0264998637906 -0.0473188159758
-0.0300555406696 -0.0185329238903 -0.00364274531299
0.0180783773474 -0.0241467185941 -0.010023242249
0.00404219848154 -0.00258359337022 -0.0484887926526
0.0387922292292 -0.00408039902362 -0.0472199619102
-0.0539855589331 -0.0305358646693 -0.00170248036424
-0.0497452988375 -0.0238654589921 2.46644624657e-05
-0.057990834135 -0.0165340992694 0.002360517767
0.0296944939791 -0.00724300304922 -0.0361513448935
0.000804290823794 0.0120468342688 0.0112895439329
-0.0303921559477 0.0176725432993 0.0147221804643
-0.0725189990752 0.0208246985284 0.016291432498
-0.0609786631399 0.0220052711352 0.0164213879982
-0.0770637970077 0.0249026274575 0.015540463715
-0.0512433118906 0.0262247448355 0.0119689662655
0.0163541673328 0.0112065261604 -0.0390822333577
0.0270146877885 -0.0126010122789 -0.0272530401694
0.0084189195489 0.00120037735703 -0.0420375320575
-0.0868429776801 0.0210213656329 0.0283484939726
-0.0391501915463 -0.0118625709632 0.00429564570825
-0.0167327816052 0.000536487961504 0.00821773710074
-0.0133937789844 0.00623726433684 0.00744662279446
-0.0134212250022 0.00311986902399 -0.00363015925678
-0.0109976584661 0.0105346092038 -0.00913231642379
-0.010607744962 0.0255394827402 -0.00530619147242
-0.00854906776657 0.0338461260665 -0.00499619253489
-0.0109514433567 0.0171797255497 -0.0126727270096
-0.00536711704938 0.00899428230551 -0.0177060547352
-0.00709376825287 0.0305830650289 0.00445165045424
0.004371588273 0.0344311502204 0.0165353301831
-0.00225865118693 0.0246542586386 0.0140798173125
0.0212952693492 0.0376651368937 0.0278605161078
-0.0104367630459 -0.0134018396546 -0.0122394354312
-4.06497033195e-05 0.0373982012169 0.0103054674429
-0.0179556429012 0.0363521578739 0.0054427164582
-0.0116383361504 0.0315015389016 -0.000482224281078
0.0483635892002 -0.0097010426409 0.0370712403645
0.0504328721836 -0.0105595663321 0.0461305038164
0.0546715105049 -0.012134607331 0.0364376010893
0.0465145481109 -0.0199217103456 0.0617765232803
0.00840532218036 -0.0201959012306 -0.0232376042673
-0.012646788809 -0.0236791961494 -0.0127497999853
-0.0223288061237 0.0124581354834 0.00386578761772
-0.025438410384 0.00738345615326 -0.0167564254054
-0.0332166988141 -0.00199446636557 -0.0368618209571
-0.0266613397231 -0.0076464466096 -0.00198584061761
-0.0225567325751 -0.0200629895768 0.0193511846555
0.0576626756429 -0.0717195742994 -0.00680770147535
0.058800648774 -0.0680603936295 -0.0154517470505
0.0521311420443 -0.0583970441569 0.00784214668479
-0.00797045163975 -0.00405457028299 -0.00284999710304
0.0398953112684 0.0375567818217 0.00981973613869
0.0222122008399 0.0299568846916 -0.0144268822674
-0.0179168323253 0.0356122788939 -0.000940340644752
-0.0468434169087 0.0763496579003 0.0259025798924
-0.0378862993283 0.0212719534596 0.0128873738733
-0.0634033372173 0.0199307801739 0.0126727701437
0.0444094077895 -0.0210543851322 -0.009284841495
0.0520361328622 -0.0267077740076 -0.0152195560454
0.0462368412579 -0.0341311628901 -0.021769557958
0.025242194149 -0.0202356077715 -0.00580288886229
-0.00547109537792 -0.0147780465322 0.000817741433942
-0.0271590608649 -0.0115371566116 0.00242185230065
0.0146712916945 -0.0108717427844 -0.000446697341723
-0.00443633594311 -0.00740644229989 -0.00431390826124
-0.0183314919658 -0.000856093545519 0.00183584917716
0.00137562223677 -0.00256597211558 -0.00225628074935
0.0245306219535 0.00764221667045 -0.00666372449566
-0.0663218882879 -0.00730370100483 0.0307179862221
-0.0254869158228 0.029696254472 0.073236150651
-0.0218487572845 0.00709388441969 0.0786960504109
0.0139614555816 0.00301043545012 0.00520901574855
0.02965249775 0.00805708811091 -0.0710716444818
0.0554237734966 0.0118860610359 -0.0142204621133
0.0507818160297 -0.00391408401769 -0.0314169706127
-0.00538333122005 -0.0133326762942 -0.00322170376667
0.0315044474375 -0.0239239777511 -0.0238620943076
0.0503431865533 0.0238694590897 -0.0217781794622
-0.0734875959872 0.00563222702974 -0.00979211626113
-0.0667229075265 0.00342767456612 -0.0105543405719
0.036098619545 0.00185065084053 -0.0425658440555
0.0248127350854 -0.00180613956722 -0.054107694191
0.0172240153388 0.0112075801134 -0.0241858393866
0.00966164040493 0.0118373437691 -0.0161456148548
0.0236334877363 0.0116268066757 -0.0194344149042
0.014191661798 0.00727376529886 -0.0155738084771
0.0116443221015 0.00715725106962 -0.0309840299746
0.0275571094523 -0.00664707218627 -0.0219527623699
0.0403912103392 0.0111451112742 0.0046820414462
-0.0609967140516 0.0252859024329 0.0136404061156
-0.0678295644728 0.0185946751163 0.0143166927801
-0.0152050858426 0.00290725711299 0.00863761273467
0.00900903018319 -0.00931425871 0.0227755123477
0.0300523246793 -0.0371788155694 0.0161487435829
-0.0480279561024 0.00484524191951 -0.00615463299684
-0.0275604869817 0.00251408427527 -0.00527213963746
0.0108683691187 -0.0170678774052 -0.0514292484017
-0.0186201924027 0.0213690585914 -0.0644306173065
-0.00937772587826 0.0108983775519 0.0123298649573
0.00515560174744 -0.00468192368148 0.0124839709907
-0.0116948706986 -0.00140552765049 0.0107587915942
-0.00237680561477 -0.00290048383571 0.00505209571149
0.0214446499184 0.00918318116183 -0.00952948192859
-0.013092083275 0.0149171431019 0.0105796375469
-0.0800048261828 -9.23737416881e-05 -0.0085158001319
-0.0870626364581 0.00519141691078 -0.00296806724037
-0.0739242213214 0.00387143698886 -0.00735670931866
-0.0586473927656 0.0163185935782 0.00868325953554
-0.0692708294529 0.00255703023296 0.00362380104229
-0.0783937463847 0.00765905458694 0.00819639712326
0.0573531495227 -0.0100529112902 -0.0302349651295
0.0110408546102 -0.00338927376093 -0.00749484762645
0.00478293083973 0.00366624717503 0.0107331649704
0.000228437231643 0.0061354187469 0.00355836521877
0.0170185243638 0.0193508734401 0.0148434554623
0.0357336975981 0.0260906686715 0.00965761247463
0.00501149249881 0.0122681732939 0.0160685435467
0.056635443347 0.002202664161 -0.0216143075362
-0.0513492392586 -0.0203411497582 -0.0519020803234
0.044618514335 -0.0121405061595 -0.0203078126378
0.0125151739458 -0.0222115026738 -0.0443484644441
0.0474042332301 0.0349400672875 0.0220098935661
0.00141249446996 0.00462528496339 -0.0081412573466
0.0262646785644 0.0179934151267 -0.00652014067906
0.0476953547821 -0.00961321430049 -0.0140354194728
0.0124450236858 -0.00181603178859 -0.00378082796393
-0.0278605775391 0.0347704327395 0.00564984975344
-0.018439498038 0.0198480845531 0.0148286440759
0.0108262248082 -0.0114643869898 0.0253382008325
0.0663327797005 -0.0158870818179 0.0150194534528
-0.0127121772002 0.00619786277956 0.00321500757656
0.0274419846336 0.0246607515907 0.0142565249506
-0.0362022814947 0.00923655706895 0.00688631765144
0.0680952426351 -0.0406638807153 -0.0390475669262
-0.0274614750909 -0.0155403190894 -0.00669281914939
-0.0418637571067 -0.0167290134179 -0.0561441891504
0.0195564635082 0.00679329342757 0.00692098119033
0.0402664605054 0.0353836243175 0.0281118509089
0.0444330022955 -0.0662528925038 0.000920163717207
0.00915998382107 -0.0281035765829 -0.00947642509303
0.0745589533564 -0.0379601917066 -0.0296765157584
-0.0157252848463 -0.0127909377804 -0.0267874278957
-0.0304815410898 -0.0159572351557 -0.0868245738118
0.00902111244374 -0.00376943248785 0.00534215307732
0.0263036401107 -0.0309267821631 0.0154033844858
-0.0310147233188 -0.00685573109466 -0.005074972094
0.0214039934871 -0.0107919145366 0.023570179359
0.0134269835582 0.00422852918376 -0.0172091826162
-0.0191962144426 0.0266517666414 0.0270276659744
0.0677607581979 0.0282844663306 -0.0379233413302
0.015500907832 -0.00617124257203 0.0253155776626
-0.000782615349603 0.0100056821173 -0.0528662682978
-0.0373357269889 -0.00904873105393 0.0016732558331
-0.0552878296005 -0.0174794103227 0.000910731471382
