0.0725731703436 -0.166117240127 -0.0502959779631
-0.00819474910926 -0.000645845324176 -0.00149578886444
-0.00179036451197 -0.00215367979827 -0.0128756449153
0.0351524679908 -0.0416850262307 -0.0113541837374
-0.0258965771919 -0.00846617125389 0.037198122553
0.0301982584455 -0.0284448073887 0.0176767915539
0.00129257385941 0.00588260983251 0.0676142448886
-0.0339429267916 0.0843546378947 0.0499454803527
0.0638161169258 0.00724344339525 -0.0180011837601
-0.0539343560285 0.00303110730695 -0.0149057643813
-0.0135893152557 0.0211056471989 0.0397718684926
0.0107806066467 4.27079589073e-05 0.017729658697
0.0697320666665 -0.0204448156984 -0.0179584950477
-0.0166389724731 0.0590321742904 -0.045045698333
0.06362570028 -0.0363748435625 -0.041421744792
-0.00669384435542 -0.0193163748065 0.074643886505
0.0339389809702 -0.0189529274388 0.000438802265188
0.000639184083124 -0.0240602354294 0.0421518451895
-0.00253993473012 -0.00627703952807 0.0213946503727
0.030276255608 -0.021635737901 -0.00145765563545
0.0285753103059 0.0137879316785 -0.0155753539989
0.0527517497042 -0.0405680608794 -0.00769057618771
0.0908102010262 -0.0354935926657 -0.0539558630745
-0.00639133266997 0.0420141603168 0.0272483239239
0.0587454687805 -0.0249772932216 -0.0421220716824
-0.0259600338731 -0.0112213662112 -0.0078791818836
0.0656333537531 -0.0351607912344 -0.0120618979774
-0.0529270499129 0.00215543047038 -0.0235649945827
0.0638983509174 -0.0848640507212 -0.0317580080594
0.0196149982777 -0.0104046642928 0.00696573227813
-0.00718117393765 -0.00776904215503 0.00938984205378
-0.0169619353247 0.00316292891872 0.0648778904385
0.0438008877011 -0.0308438521544 -0.00532319866552
0.0634058567682 -0.0370009331826 -0.00674941083284
0.069906956235 -0.0560932436744 -0.000422079388291
0.0289643900297 -0.0327180450855 -0.0105314179561
-0.0124140186193 -0.0261566611505 -0.0344981781635
0.0316655529424 0.00503161027121 0.00855080434657
0.00960662037901 -0.01649814838 -0.000868026022295
0.0136438972971 -0.0285954761789 0.0826782605674
-0.0718518102234 0.0202189383818 0.0269487600852
0.0109420603922 -0.0129505959649 0.00969216096433
0.0574899922827 -0.0388631083361 -0.0119198533333
0.0657344867408 -0.0548264379282 -0.00194838026318
0.0211466401629 -0.0367819094227 0.000397595230851
0.0199235919216 -0.0382679884006 -0.0223328580176
-0.0594857843647 0.000905697491718 -0.00336024158986
-0.0297475364994 -0.00517827173938 0.0274372649811
0.0269695354352 -0.00458523288619 0.00890849071149
0.00794799958938 0.0207606475058 0.0304003560977
0.00817479651875 -0.0374593394766 -0.0195050837885
-0.0145204741995 -0.0170732679465 -0.00717061983999
-0.0338053241746 -0.011810772539 0.00214492495284
-0.00802818251362 0.0131826234181 0.099841515878
-0.134441772025 0.0608666438456 0.0705315354561
0.0685620159187 -0.188740597863 -0.0237025317022
0.0108288826512 -0.0112749204222 -0.035641144716
-0.0452974679709 0.00319034643511 0.0470543255086
-0.00682475544982 0.0475145009813 -0.0145566821699
0.0192868453358 -0.0205789462191 0.0223596761612
7.60145046994e-05 0.0455573057972 0.0234707403143
-0.0190588580967 0.0758129981805 0.00225472315909
-0.0214081776872 0.0413381460607 0.0786748213504
0.0490113172993 -0.0264269022246 -0.0032873330181
0.0494208414047 -0.0167368424398 -0.00249280040049
0.048968657707 -0.0103449316461 -0.00676723797025
0.0598575308694 -0.0323353060653 -0.0233511430425
0.0491483314171 -0.0534683200575 -0.0479889489258
0.0717068836056 -0.0635968714414 -0.0143477374817
0.0703468375602 -0.146342793964 -0.0530173851372
-0.0307229670106 -0.0171467671724 -0.0314313649773
-0.064915274339 0.00765283616323 -0.0389643350278
-0.0170816872745 0.0143344204818 -0.0180292800331
0.0436352064908 -0.00856624345073 0.0254526612966
0.00439528754472 -0.00615537905511 0.012284470356
-0.0143394034699 0.00342894700866 0.0382087589054
0.00154132219361 0.0141496233174 0.0102780417572
-0.00714422647187 -0.0300704794178 -0.0154542374874
-0.0364886464824 -0.0402108023614 -0.0127018303012
-0.0226685798139 0.0176067826941 0.0275525559492
-0.0150959915935 -0.013144449483 0.0516153984319
-0.0385319514112 0.0398935696494 -0.00628971004463
-0.0527306926339 0.030940689618 -0.0147863959948
-0.017909276626 0.0905867417117 -0.00441619117362
0.0717674046542 -0.0534169447311 -0.00615434638713
-0.0302665756603 0.066976777807 0.0269108816307
-0.0442806899684 0.0497428610499 0.0498809393612
-0.077972955368 0.0911771061281 0.0513458226667
-0.0483041696514 0.0643669207582 0.0217398734958
0.0355866706062 -0.047375607049 -0.0701052683971
0.0247626171041 -0.0561896901288 -0.0375653762689
-0.0254823847936 0.0643526697654 0.0651062457566
0.0210498947918 0.00486810225003 -0.0246705794733
-0.0547660013487 0.0535184948064 0.0189189171352
0.0752777472337 -0.0111757581654 -0.0536287453962
0.111576855221 -0.0460370700645 -0.0701850624906
0.0626336728754 0.00795200296226 -0.0206233625919
-0.0694117922418 0.0212814020187 0.0636834437984
0.0267895826603 -0.00867764283608 -0.017475287983
-0.026648151064 -0.0118711332049 0.0268390159911
-0.0207778629888 -0.000952455712074 -0.00524876565133
0.0303383914077 -0.00735096347795 -0.0191605570002
0.00938156485971 -0.0128263033236 0.00789175430055
-0.044652959283 0.00568569086039 0.00331556035958
-0.0442390829084 0.0274767814886 0.0139486300756
-0.0988508929196 0.0405115354697 0.0196851554059
-0.0508284626051 0.00803320601127 -0.0133609389249
0.0283264737485 -0.0334526275543 -0.0168170088639
0.0697957429187 -0.242533242098 -0.00338656465917
-0.0198404284616 -0.00377894018973 0.00966159403958
0.0574105575983 0.0134582394138 0.0207670230194
0.0946263752197 -0.0435117445575 -0.0222532645161
0.101874861223 -0.0665292281634 -0.0456571960065
0.0333726841636 -0.0394504684421 -0.00688562278321
-0.00860907478435 0.00133982117182 0.0148310708335
-0.0614343853096 0.0180336667508 0.0125679593874
0.0107844295348 -0.000817651644841 -0.0155423392729
0.0877045051953 0.00569044285465 -0.0233961145256
-0.0792692360467 0.0543015581646 0.0472686376774
-0.00466786824999 -0.00287212246188 0.00123846918991
-0.0854453492443 0.0231093277897 0.0387063346853
-0.0305367159045 -0.0223525171064 -0.000678398468212
-0.0292034262384 -0.0148127557399 0.0100050634917
-0.0269731444418 -0.0396308236192 -0.0150836846677
0.0229860733599 -0.0451793359304 -0.0388061721441
0.0362477666788 -0.0402126030258 -0.0419878355763
-0.0545973431876 -0.0131976067895 0.000494207781891
-0.0489739991482 0.00889025898771 0.0188513190049
0.0824207578296 -0.00810714372848 -0.0367188401139
0.107983970157 -0.00374810815589 -0.0289769095206
0.0640004359825 -0.0165940910242 -0.0393053454485
0.0254150027956 0.00842388774333 -0.0210645241673
0.0393254404071 0.0364021303596 -0.00692058324818
-0.0871284724829 0.0328428824435 0.0650499483763
0.0234430781656 -0.075084116453 -0.15509641726
-0.0858558774982 -0.025275449503 -0.0119822551115
-0.0356128597624 -0.00788232675309 -0.0026857696182
-0.0336996581021 0.0091480583365 0.0272373382625
-0.0254521791093 0.04333293159 0.0503268235543
-0.0177213943706 -0.045539146146 -0.0991662131055
0.105567568837 0.0163863273725 0.042018275186
0.0187634474796 0.00582262176756 0.016054473682
0.00322035070813 -0.0507134562014 -0.0220501978692
0.00973208774307 0.0210360970484 0.00772795784071
-0.0243602124242 -0.0125980157079 0.00659383652947
-0.0133976173592 -0.019020018507 -0.000589144218264
-0.0252811744458 0.0307290051342 0.0053298762547
-0.00475077640042 -0.00403266740524 0.0225292417564
0.0482999627805 0.0245532654187 -0.00513511642825
0.0463159849636 -0.0534784786867 -0.0579595648736
0.00202528187538 -0.0122905071087 -0.00902272156078
0.128178362872 -0.00437807022628 -0.0385497795682
-0.0408834743063 -0.0466594277079 -0.0976973584241
0.094980833447 -0.0269695185231 -0.0252202361477
0.0765512337472 -0.182715596591 -0.0550970383934
0.0210217244298 0.000737381626688 -0.0650308214184
0.0164671761989 0.02335605481 -0.0472044031266
0.0822514158106 -0.254337487105 -0.0239525394229
0.0277088056078 -0.161899225993 0.0205456391817
0.0850447527467 -0.234108780661 -0.0263485386199
0.0548196527409 -0.0970631555302 0.00215890928722
0.0490965721275 -0.0789559011665 -0.035060168186
-0.00733270517339 0.0339878575305 0.0277134485509
-0.00870021499047 -0.065369126782 0.0332330270939
0.0238756372961 0.0536777523058 0.0193929041561
-0.0164057470651 0.0238140526932 -0.0211955838884
-0.075558414227 0.0404358229126 0.00887752005716
-0.0723619124817 0.0458522722337 0.0246983742291
-0.0828067906816 0.0460378076754 0.0200205381164
-0.0705950286449 0.0213454429975 -0.00432062838935
-0.108320879071 0.0361022436248 0.0165411890293
-0.0799675714949 0.0236505141676 0.0109241264669
-0.0204059846824 0.00169772166376 -0.00303226773695
-0.0137504292698 -0.00603682698927 -0.0204942904348
0.0227409440489 -0.0301553155902 -0.0372340776894
-0.0198489131099 -0.0134220999645 -0.0113622692698
-0.130501825557 0.0638952781982 0.0666131855667
-0.173583740734 0.106020292982 0.0926998436918
-0.0679518689714 0.02022147036 0.0356262971063
-0.0415890646865 0.00507928330076 -0.00832647117814
-0.0615366694312 0.0200098426463 0.0222673040487
0.0411157952806 0.00553966582122 0.0178139457558
0.070475740208 0.0260304969119 0.0405200099958
-0.0333776800359 0.000126887075984 0.0262260662643
-0.0478730184335 0.00634237970059 0.0285832617398
0.0446554283699 0.016813305908 -0.0136185371333
0.000654251728018 -0.0177825984494 -0.00712567655442
0.0843111705542 -0.0532155577324 -0.0463571575985
0.0872235562133 -0.017455713046 -0.0379517004959
0.0180099971308 -0.0872159594572 -0.0757445138651
0.0346389552994 -0.0983093525056 0.0240278571665
-0.0312970569157 -0.0566259376621 -0.0253397463526
-0.0551096321434 0.0282253000563 0.0979341000696
-0.0760688000722 0.0356698557976 0.0097702577418
-0.0609599276795 0.0203973981481 0.0326608691588
-0.111059975878 0.0360481156777 0.0274652713783
-0.0225294488903 0.0251725926308 0.0296093713496
-0.0142564094776 0.0562352156501 -0.0126791731637
0.00214334313741 0.0665113788121 -0.0399372493935
-0.00860180651697 0.049155179717 0.0206268397081
-0.0114714208921 0.0438682404028 0.0626107221635
0.00373576146516 -0.00816560288526 0.107220763669
0.0152889836482 -0.0285549209227 0.043865862359
-0.0451928447526 -0.00293858055653 -0.0175965613394
0.0422976153436 -0.012696362155 -0.0665770202004
0.0255414123552 0.0455561600535 0.0319301576591
0.0235692020811 -0.000691745809632 -0.0181840152932
0.0346535496632 -0.016890235899 -0.0415384095046
-0.0457790923869 0.0127520875965 -0.00709449149176
0.0562041206582 -0.0141827420164 -0.0370867684146
-0.100127927266 0.0144263714338 0.0457177803749
-0.0317480091561 -0.0536451322785 0.0183899906674
-0.0761646921435 0.0220840686424 0.0727351904832
-0.128182047613 -0.00908223855526 0.0417513269607
-0.1374461841 0.0608481831121 0.0514003721156
-0.18755189689 0.0291630333133 0.118458329307
-0.0311877867908 0.0115847277671 0.0489450193334
-0.0558729971122 -0.00832907680738 0.0379775039582
0.00128027337737 0.00602192163714 -0.032336134376
-0.121635590462 0.0579129357811 0.0401791780591
-0.0341232907314 0.0148590026072 -0.0012761459764
0.0164771038347 0.00105405014982 0.0109744645436
0.116862352882 -0.0302739196607 -0.0155112888118
0.0823420524688 0.0154423224732 -0.0117830137212
0.046652676128 -0.129518133555 -0.0118707222667
0.0172495647433 -0.0209091700117 -0.0525609257936
-0.00316180744272 0.0166307361611 -0.0327620232531
0.0576086615728 -0.0244018202544 -0.0672785887258
0.0617788923478 -0.0526692229087 -0.0606709437302
0.0193663786491 -0.0609276439051 -0.0723933840356
0.0248642020154 -0.0503074916252 -0.0639018896269
0.0483980832267 -0.0165207840405 -0.0387847403856
0.0574499487832 -0.0158905440027 -0.0312843170783
0.0518277911613 -0.035342256195 -0.0263410368088
0.0286366877253 0.00024201120279 -0.0236758754573
0.0239542399709 0.0132967225863 0.0066221939415
0.0463604720828 0.0315486682529 0.0173401489455
-0.00739719134201 0.00961400204171 -0.00356669447578
-0.0165726995644 0.0176780006505 0.0148097242138
-0.00479323805112 -0.0214478727448 0.0341435723583
-0.0389456497319 0.0943409201318 0.0422435482429
-0.0324189167004 0.104818179921 -0.0260038559308
0.0393787634877 0.0427305159167 0.0267616216364
0.0334143857105 0.00930889167529 0.0275597257693
0.0498352000148 -0.0777908682942 0.0183942620092
0.0854254423699 0.0104943334173 -0.0422230651674
0.148175215498 -0.00570094362271 -0.0598004143168
-0.0831657556853 0.00314363242233 0.025082547812
-0.1052353996 0.00689378220079 0.0220043824346
0.0263606982414 -0.00936263733695 0.0232531260175
0.0245621828746 -0.0817656233273 -0.079442504968
0.0196949111263 -0.0828679830177 -0.0668732017344
-0.00598302777227 -0.0869367544644 -0.0610598157686
0.00553531271994 -0.0776853400265 -0.0541579738998
0.0295376912548 -0.0734833243123 -0.0733335392004
0.0310732663155 -0.0663568843081 -0.0569962701326
0.0403168883524 -0.0598044346873 -0.0477726351358
0.0481812279843 -0.0374106697276 -0.0208478387757
0.043548479097 -0.0170051920273 -0.000764395134687
-0.00780786027422 -0.0703038078601 -0.0484182204883
-0.0306416587711 -0.0452484764607 -0.0290324052603
-0.0630792180063 -0.0193686449678 0.0127239196005
-0.0428940839077 -0.0321624341605 0.00885553273712
-0.0210128716446 -0.00732132605004 0.0256247671348
0.031511591145 -0.0292967457666 -0.017893119119
0.0114571498188 -0.0401683052755 -0.0221565636278
-0.0433975582014 0.0727451656211 0.0758190347038
0.0224750129254 0.0236248975124 0.0396641518373
0.0452358968649 -0.0914461862667 -0.0657355499351
0.00570949826052 -0.00588353847437 -0.0178049207099
-0.00698988192239 0.00117053514057 0.00741618628094
-0.0313447081905 0.00808439197012 0.0355254391981
0.0206537199405 -0.00467919376102 0.0122108718893
0.0190319004786 -0.002169552566 0.0185504135581
0.0272055709909 0.00819151111212 0.0226664510375
0.0313434082855 0.0152338211728 0.0422310339079
0.0999496907385 -0.0126289694321 -0.0157652111306
-0.0292099944373 -0.00593464515259 -0.00242827741261
0.029424330386 0.000270550415516 0.0290234794416
0.073140737185 -0.0172433940763 -0.00321880878714
0.121748912398 -0.0421692842184 -0.0442408222201
0.0843253444749 -0.0533861294548 -0.131753604951
0.111278190429 -0.0623833770032 -0.0952993615325
0.0789065723082 -0.0373310671924 -0.0432698773356
-0.100234713667 0.0207946600738 0.0659100040897
0.0570305700421 -0.00662938232872 0.0095196696964
0.0757804571082 -0.0159026379509 -0.0233589636663
-0.0121038509964 0.0223418972176 0.0284184591925
-0.0162533393307 0.0119973052688 0.00916710058383
-0.148166019657 0.031518175762 0.10534048001
-0.0778116991585 0.0281607725773 0.0905841272006
-0.167394047699 0.0244455751042 0.0922972768282
-0.11486361484 0.00647782244745 0.042157484051
-0.0455168860666 -0.012018523997 -0.00738388724213
-0.0632926598949 -0.00382519417379 0.00262884897904
0.0130803655502 -0.00464208418031 -0.0157671729524
-0.182942298711 0.0140652976175 0.0911939185288
-0.129255386109 -0.0165701405144 0.0602665202784
-0.173088820058 0.0124354743107 0.0995822278769
-0.13557652201 0.0253500146148 0.108495721603
-0.020867460559 0.0051509685609 0.0535904589909
-0.0569728622206 0.0126888576303 -0.00656741461831
0.0580745918251 0.00479798998476 0.0525902833042
0.00780487096313 -0.0101583990385 -0.000519776317334
0.0915356614099 0.0184017010683 -0.0785370663737
0.0482098513234 -0.0231231480436 -0.00657300980546
0.0621272714739 0.00855620256782 -0.0918597398562
-0.0404124519367 0.0234045309694 0.0614916866949
-0.000581556047078 -0.041204278594 -0.0517254564316
0.117208570401 -0.0472885375101 -0.079330961661
0.103173563658 -0.0654961157661 -0.129681397896
0.0180487465442 -0.0694915936353 -0.175974640588
-0.0247284160751 -0.0429976828497 -0.142001497335
0.0444925099722 -0.0181483765995 -0.0359455076117
0.0775441815964 -0.0208095068172 -0.0475153509167
0.0533812959142 -0.0150661842117 -0.04093160147
0.0571481773965 -0.00975768699161 -0.0159775511528
0.00122042454554 -0.00630235443474 -0.0109719100129
-0.00758943935249 -0.00233834403904 -0.00791738927557
0.0882310813162 -0.00463458985925 -0.0342967931224
0.0943505057149 0.00287697673994 -0.016426554717
0.130130673486 -0.00955720263319 -0.0443279984722
0.0538755329884 -0.00207942865821 -0.0273563270329
0.0716370375984 -0.0148763463016 -0.0477689582885
0.0451420033958 -0.0345266800789 -0.109133609842
0.0444714205189 0.00400126665896 -0.0032488902548
0.0271195186409 0.00274902056188 -0.0107877105119
0.0271770452411 0.00715159557307 0.0293607848145
-0.0155376100662 -0.0146229246428 -0.0566316582508
-0.0488878339347 -0.0220709754954 -0.0535871616608
0.00374446834192 0.0203677787171 0.0556346276228
0.00247031710709 0.000345764068556 0.0231066880765
0.0462025494632 0.0034878483482 0.0117079800865
0.0291835166682 0.00878008662707 -0.00670390753505
0.117688841495 0.00692286794002 -0.0569047860472
-0.00269395653482 0.0229635512165 0.0758557270277
0.0370454403564 0.0143707642158 0.0604499705261
0.0557247076989 0.00647074453803 0.0491669555537
0.0870186504394 -0.00606880310213 0.0256831046662
0.077748239933 -0.01341611548 0.00836434086245
0.0100114138007 0.0158928473083 0.07269044977
0.0355971806987 0.00189243452127 0.0458990482415
0.0338904984523 -0.00836803692607 0.0166340141826
-0.0109059055879 -0.00716933040052 0.0222729740373
-0.0154071193301 -0.0132017850777 0.0118108042962
-0.0377400366482 0.0118734429197 0.0158285436076
-0.127407430203 0.108502336024 0.0201031749464
-0.0430142963481 -0.0292882428411 0.0288285228635
0.0137752406661 -0.0288362607627 0.0330624812652
0.0825156213541 -0.00815636240502 -0.0713557155309
0.0570987168575 0.0737765724486 -0.061806605434
0.0510944639487 0.0552624557519 0.0389128633296
0.0549251883824 -0.0172589748348 -0.0142020922502
0.00502894894332 -0.0118032936138 -0.0109951912698
-0.0265997152239 -0.0121637972793 -0.0340960499648
-0.0806082797717 0.052440513759 -0.0639242619125
0.0554546469502 -0.0194051149571 -0.0426672608857
-0.0583509979112 0.0310238792363 0.0954918371124
-0.131598285761 0.0332992914749 0.116353365089
-0.0204437969193 0.00418329481927 0.0364620798347
-0.0497691111444 0.00916011976471 0.044051854482
-0.00466469852455 0.00999673455849 0.0286264141373
0.0668444263313 -0.000160870365885 -0.0124488880919
-0.0666412086365 0.0153523384437 0.0499246589277
-0.0394992762872 0.0016922422008 0.02634064276
-0.0453331367608 -0.00266957342047 0.0123910720236
-0.0345427315833 0.00405360626587 0.0246401346771
-0.0451574675086 0.0133802903788 0.0454548355318
-0.00556129342007 0.000383639351737 0.0102500919384
0.0696692147551 0.000130564949588 -0.0134167162205
-0.0107110808741 -0.0141380600387 -0.0121475663205
-0.041439128211 -0.0305312364661 -0.037245298568
-0.0683086321991 -0.055936987354 -0.107618958287
-0.060119953726 -0.0226521230627 -0.0130539434145
-0.0276806751183 -0.000848215454243 0.0153894051429
-0.0247764086018 0.019701088505 0.0264833129349
0.0615030706805 0.0222554213606 -0.0176973494294
-0.0976661224253 0.00358137715338 0.0348308760201
-0.104345213665 -0.0249807334036 -0.0350193149624
-0.00733132246281 0.0343803596234 0.0266648267324
-0.0579643262168 -0.0602869910803 -0.132555869581
-0.0597037837744 -0.0289293992915 -0.057177485266
0.0467067077716 -0.00125939884609 -0.00625529912812
0.0763216252988 -0.00098669593361 -0.0117119366844
0.120807702751 -0.00128118827562 -0.0414839323123
0.090720099414 0.0217489346666 -0.00550589190947
0.0646665669319 0.0361099123492 0.0195586415394
0.0322375155132 0.0166226497271 0.0121272636423
0.129548826831 0.0006938615266 -0.0551896248154
-0.019653009993 0.00020137070399 -0.00268461963668
-0.0445298020506 0.0093196973628 0.048077629387
0.020989566991 -0.0654276452628 -0.128158274214
0.10631407446 0.000383399650923 -0.0780359640255
0.0975043721395 0.00571137269839 -0.0811798305675
0.0844329256877 0.00710087683965 -0.0631024490727
0.0680921258235 0.00748442368613 -0.0688134806987
0.0658590249763 0.0283314623391 -0.0781133394441
0.08344222428 0.0414934852627 -0.0553883407759
0.0971557980968 0.0178179133651 -0.0661275842652
0.0158448865009 0.0402784637785 -0.0928317459189
-0.00859635539001 0.123623980546 -0.115328614553
0.0353163482753 0.162903905442 -0.0250748498595
0.0983019879716 0.032074340005 -0.0254262431849
0.0836848567532 0.0670143291387 -0.0283989241351
0.04338105916 0.102695294899 -0.0181036700721
-0.0716942996997 0.121968765346 0.0691466005222
0.046175395858 0.113981661564 0.0279211379801
0.0303905178076 0.134689146637 -0.074327429363
-0.10339625388 0.19485228791 -0.0317073962977
-0.0161114526566 0.0808719189744 0.0850860204609
-0.00099006516911 0.0243923241623 0.0668126396436
0.0431826710503 0.0922033015419 -0.103496534871
-0.004123637219 0.0731312023613 -0.110131600794
-0.0747124350212 0.0993866594395 -0.0945292012687
-0.138293420858 0.0985180213826 -0.0329050733417
-0.112987843081 0.0576409492751 0.00640216724826
-0.0797531115809 0.054847550551 0.03656859963
-0.0869479606982 0.156631557371 -0.0848425069758
-0.0557639002254 0.0637511421054 0.0855930284428
-0.0879629105831 0.0885239168012 0.0592532169552
-0.0176621252533 0.183456465832 -0.0976149402087
-0.0333669273106 0.226009068612 -0.0338403232812
0.123251209307 -0.0103025735863 -0.0419680323582
-0.0504472121805 0.00748654080479 0.0265462640203
-0.0541552941488 -0.0297801810298 -0.0149522615953
-0.0693991926081 -0.0371531266864 0.00648606945616
0.010606924623 -0.056054925013 -0.0314931456833
0.0544964334413 -0.0270407826036 -0.076599856381
-0.00555241090076 -0.0108812953719 -0.0473299625613
0.0407549729913 -0.00430049667075 -0.0658500537445
-0.0184906174426 -0.0218129674674 -0.0415930596214
-0.0133617060165 -0.0120453866121 -0.0256911834748
0.0395938289499 -0.0440286690903 -0.0156995419748
0.0933342541854 -0.00715143109643 -0.0372965175746
0.0232661539662 0.000527133884802 -0.0144136228564
0.068686887007 0.0276732190161 0.000143766939085
0.0970678839468 -0.0342857876942 -0.0784833531299
-0.0462066690213 0.00401602347778 -0.00563965083814
-0.0396476642716 0.0131760423457 0.0211508283324
-0.093336969358 0.0105335191558 0.0443067835788
-0.0593759348254 0.00494585102159 0.0212752486408
-0.0181279979046 0.000803660410477 0.00627885450706
0.0678962953264 -0.00284452799555 -0.0214723841848
0.0681001685601 0.00479361833317 -0.0144298278471
0.0162046202824 0.00308868883773 0.00415427609457
0.0238653977199 0.00628428904092 0.00932865641321
-0.0865015388819 0.184528013343 0.0346846221762
-0.11857122467 0.151400482051 0.0262189767877
-0.0175227883955 -0.0151776974373 0.0308030370033
-0.0686027004488 0.0195618358347 0.0241412981055
-0.0887094656118 0.0383348613096 0.0390236180399
-0.0965436546898 0.0821140761084 0.0776212629708
-0.111416227369 0.0950072845373 0.0861248679287
-0.0116246904187 0.0681438569105 0.0721155442691
-0.0595697901441 0.00945707838041 0.00753174768239
-0.0192999945238 -0.000489309479576 -0.00254108963737
0.0232282925403 -0.00504972376197 -0.000448846452888
-0.0044101867043 0.0208821390383 0.0258122914056
0.0233976204808 0.0374960505175 0.0457849839177
0.047720978804 0.0462953686885 0.0578941912213
0.102518609535 0.0277966202452 0.0472980653377
0.0589192628792 0.015784141386 0.031094644746
-0.0535678543582 0.0491013857691 0.0485169692172
0.0700554295626 0.0133374758232 0.019349239879
0.031261954876 0.00624790826671 0.0119899675936
-0.0300306798307 -0.00307963185317 0.00113360251988
-0.0686336408815 0.00293550149405 0.00505871125137
-0.0430977769857 -0.0139105418136 -0.0390216905038
-0.102326953312 0.0227878773174 0.0568307068051
-0.112568699351 0.0264188258594 0.0645947252566
-0.0869658322015 0.0421330835243 0.0804116497424
-0.129374856677 0.00532524771759 0.0321340281353
-0.164796641283 0.0970875275866 0.0896317285403
-0.173130286911 0.0984258405148 0.0944566830098
-0.127830705208 0.0689554433114 0.0774836867288
-0.167524355014 0.0943764043436 0.082223223846
-0.145755158154 0.0891528650154 0.0752273943551
-0.115794245889 0.0989922202654 0.0908316129008
-0.07444805886 0.0731879005108 0.0718330820845
0.0429288038718 0.0466244350527 0.0629963417046
0.0493384732353 0.0301121550333 0.0512055550274
0.112916726801 -0.0109311041823 0.0121856646518
0.014620309354 -0.0192087462773 -0.0276619110857
-0.0287850232857 -0.0287703447848 -0.0144936989469
-0.0904842468603 -0.0134335453972 0.0175738439649
-0.0995128272598 0.0266995195742 0.0461734078124
-0.0687140413415 -0.0200590868859 0.0122233905257
-0.0595707408431 -0.0446149317407 -0.12242691501
-0.0100699822538 -0.0555101456541 -0.153691315103
0.0788033865089 -0.0479832584549 -0.0615962785458
0.10620843366 -0.0405125230854 -0.0706490353327
0.110108386754 -0.0426402728718 -0.0780277803896
0.0726056824668 -0.0185179551568 -0.0485449036545
0.0270272424733 0.023039304074 -0.0157173092375
0.0329612173328 0.00492226470172 -0.0158235843993
0.0201895294135 -0.0185364618383 -0.0206081028967
0.00540637666107 0.0441411368912 -0.0105184039502
0.0584840090506 -0.00154787726624 -0.0535857094683
-0.00515946655178 0.0400618638316 0.016846281189
-0.03284184244 0.0550392136384 0.0421641823547
-0.0139003816255 0.0275665683618 0.0327840640364
-0.0109452800945 0.000478454458191 0.0175266916988
-0.00405736714754 0.000887026346812 0.0288932781923
0.0167434164554 -0.0199519388696 0.0197974383423
0.00653932014256 -0.0334020080581 -0.0261460007747
-0.0491643841148 0.0823286146985 0.0308973698727
0.0310664402383 0.0291307190543 0.00614309628553
-0.016818800946 0.010415541928 0.00169880692965
-0.03752003361 0.013779263109 0.0170407253878
-0.0248633809056 0.00545614356098 -0.00917254307007
-0.0815659070262 0.0262411992059 0.014574048819
-0.107754596605 0.037048404191 0.036392397406
-0.071197848657 0.0201499548491 0.0283198411205
-0.10052637437 0.0321605983941 0.0472155640722
-0.0368752273541 0.103616339611 -0.00354863007537
0.0182085651082 0.0623643023741 0.0369632620079
-0.048336177222 0.0578909087763 0.0526459826571
-0.0247710315731 0.054795320682 0.0404288893756
0.0214140271002 0.0250009030119 0.0213716168578
-0.0279127997056 0.0410263224088 0.0409067325622
0.0245122687649 0.0259893690277 0.0266179982792
0.0308525175655 -0.00233038001768 -0.00117641277079
-0.0522229405427 0.0108208543789 -0.0261000584152
0.0567306292028 0.0074399241926 -0.0173524911848
0.0371952256112 0.00253697003627 -0.0157894721354
0.00165472054097 -0.00887132953043 -0.0215314128347
-0.111696926271 -0.00854074295988 0.0616981172303
-0.121123099569 0.00908722476432 0.0828096310534
-0.00679631998041 -0.0111076302578 0.0404427451592
-0.0238177297988 0.00147256037687 0.0178326261538
0.00206427883832 -0.00609001262785 -0.00402665544146
0.0241618519177 -0.0105061820666 -0.0115158907777
0.0375449192653 -0.0235164757648 -0.0268997506111
0.0855266860026 -0.0489496954237 -0.0388192868003
0.0142890456035 -0.0147902327948 -0.0200661053582
0.0256552949164 -0.0180307288577 -0.0304217292082
0.0469651378666 -0.0350440994309 -0.0425434735397
0.0821370445343 -0.0529940710512 -0.0493909534677
-0.0358934184574 0.00368862568533 0.0356327007776
0.0120792393641 -0.0330099879756 0.0643789376142
0.00366240646725 -0.0234924064679 0.0713689831538
0.0140985190618 -0.0304592174371 0.0945822726692
0.0567998978563 -0.00561935780507 0.0233804212869
0.0228612866497 -0.0120072572847 0.0180620301012
-0.0809171611832 0.00888189123539 0.0492089854079
-0.0235688301669 -0.00626784398471 -0.0165777918387
0.10016326103 -0.00179618894312 -0.0135077687792
-0.021151774699 -0.00271388540925 -0.0102003498839
-0.0607870273693 -0.00145702044435 0.00868502046977
-0.0906337960279 -0.000248500237416 0.0243310958495
0.0922446972823 -0.0449502682027 -0.0752415800928
0.0472078730675 -0.00952173217094 -0.0243096375486
0.0237841523706 0.00820186138041 -0.0161039453007
0.011495048346 0.0387915703693 0.00114686422212
-0.015883712345 0.0213394992596 -0.0072577180916
-0.0641542042438 0.0239296789876 0.000562019811132
-0.0673811164102 0.00570471418761 -0.00614777776249
0.0270438217625 0.00698333697786 -0.0596533700807
0.0482437181362 -0.0581288920899 -0.053682925871
0.0464309555263 -0.0839977724244 -0.0599656373412
-0.0895120704959 -0.0164410917604 -0.0344431088121
-0.0255171327479 0.00125843178561 -0.00163613160143
-0.009951470101 0.0268001493946 0.0229791834679
0.0136202693949 0.00852272270309 0.0146490814599
0.0271106068649 -0.0223793814544 0.00148488385887
0.0598538770669 -0.047135558192 -0.0163637468183
0.0917429770045 -0.0593446587077 -0.0316227437961
0.0956335975727 -0.0627059886913 -0.0389058495461
0.0790907693141 -0.0607367022546 -0.0320654671648
0.0513427156138 -0.0463723331852 -0.0204620037049
0.0911267275551 -0.0417822818381 -0.0194727548852
0.0730451233811 -0.0113096569806 0.00299663756026
0.058577237354 -0.00884441297638 0.00300526077948
0.0454262143636 0.0271179586974 0.0308629952589
-0.0103685210994 -0.0169861149231 0.0117961084014
0.0812666781078 -0.0155816504483 -0.000240564236591
0.102661487882 -0.0296619490811 -0.0185209265027
0.070969950311 -0.00729572120657 -0.00017297388453
-0.0871534367311 0.0311941987272 -0.026561728691
-0.0446127057155 0.0130902490734 -0.0588472532378
0.0115660947687 -0.00692096490888 -0.0698081115298
-0.0279121352659 0.0332890899327 -0.0996278916292
0.111870956276 -0.0409489207277 -0.0674787281524
0.101287063004 -0.0326799767474 -0.0572488318245
0.0526746544737 -0.0178227157806 -0.025564033592
0.0214313682698 -0.00204365147956 -0.0151304206175
-0.00816685304531 0.0228075147263 -0.00746794031295
0.0117566834194 -6.3251391027e-05 -0.0181374849767
0.00877800494504 -0.000922112192379 -0.0113460353666
0.0274752137592 -0.0655471595236 0.00495221755281
0.0532268283743 -0.0716921422535 -0.00755453056801
-0.0162513385321 0.000118177877334 0.0350988311414
0.0628672985951 0.0414231457795 0.0572090501167
0.00703296584153 0.0300249158234 0.0348205065497
0.00519961415432 0.0265392847661 0.0254897268184
0.0962159438731 -0.0589186392465 -0.0473963633117
-0.0177173068663 0.0426837789522 0.0866708576482
0.0566321883902 0.0154392543442 -0.0145439424334
0.0466257725845 0.0424213406414 0.00640568286535
-0.0531265445834 0.0379073069123 0.0672020878144
-0.00512925084137 0.0273940876839 0.0371067131914
0.0432004161629 0.013144545909 0.000944299296069
0.0271792440966 0.0266837481817 0.0113683354011
0.0531297187024 0.0206613006924 -0.0170527330235
0.0603700812222 0.0117807882263 -0.0350578838215
0.0116027955433 0.0417788150745 0.0202831836128
0.0635062962007 0.0205260539919 -0.0318136529521
0.0716054868625 0.0032277221305 -0.0422891097961
0.0545294621442 0.0010660549517 -0.0338943678779
0.109559841569 -0.0031110894913 -0.0501610898419
-0.00583655570765 0.00998684816755 0.0403143636306
0.00759218140294 -0.0235291350985 0.105060144249
0.0118490160088 -0.0373367904409 0.0820567531805
0.0160677274368 -0.0101748693897 -0.0336155082692
-0.0541604533349 0.0145983798436 -0.00533896286212
0.147212647918 -0.00886847698111 -0.0533503556767
0.118137331704 -0.000725037804325 -0.0523255000827
-0.0312910580702 -0.0205973531345 -0.0253528930975
0.0535264386552 0.0032326138193 0.0155950495759
-0.0182327805539 -0.0281361507941 -0.00731753191367
0.111351683001 -0.0114729630698 0.00294887655678
0.0930138220577 0.00810942269978 0.02341018039
0.0898727163763 0.00339196065102 -0.0163496792133
0.0642512678819 -0.000421061419354 0.0135542787299
0.0518849595254 0.00620297395538 0.00163290992066
-0.00448055168863 0.0107062970093 0.02985958507
0.0842868556499 0.00671876824957 -0.0384727399257
0.0415388980865 0.00896179811814 -0.0420213035235
0.00424336794261 0.00596513439769 0.0359395301986
-0.000510045802825 -0.0273601091596 -0.0990556134565
0.0861180255561 -0.00764547530755 -0.0283500898864
-0.0732998365022 0.0181155115313 -0.00554124070615
-0.0858328263911 0.0364863500272 0.00821184009583
-0.0794786304118 0.0497132530825 0.052445564286
-0.0632950565034 0.0424320904497 0.0522009280111
-0.0451187810809 0.0124134744149 0.0474418629742
0.119049278296 -0.0400633174989 -0.0371465724181
0.0698603769396 -0.0595017340541 -0.0895488966613
0.047122564648 -0.0654751499653 -0.0613157657972
0.0154883812445 -0.0129923961996 -0.0513033592976
-0.0133177141156 0.0199701780241 0.0232727630716
-0.0222804930013 -0.0038533819536 -0.00744531942776
-0.0652531130733 0.0045807004562 0.0193691330074
-0.0494520542614 -0.00169457116241 0.00519027191065
-0.083042934596 -0.0379688730868 -0.0455568502485
-0.0990831124961 -0.0432855061636 -0.0722024192144
0.0135177839662 -0.00830006870998 -0.0238520615371
0.00607609070153 -0.0263690881101 -0.0555458252098
0.039426617071 -0.0400094957904 -0.0688968723506
0.0879148675879 -0.00233682667396 0.0214272371472
-0.0548432493995 0.0550300751384 0.0287195222084
-0.00993538253896 0.0554438577525 0.0269525239617
-0.0090114793146 -0.0205878880869 0.00503004849045
-0.0799353864647 0.0145190510362 0.0521812994203
-0.060171194361 0.0470397738512 0.0671678197152
-0.0605519890599 0.00523840867767 0.0252048260036
-0.0245097722383 0.0208169946045 0.0276395106313
-0.0386701362764 0.0144695752873 0.0260239252474
-0.0406895356249 0.0434745258461 0.0389801118746
0.107389675857 -0.00411566009273 -0.0290465428296
-0.0454572157345 0.031531922694 -0.0209863972072
-0.00909056457082 0.0377496722996 -0.0307015706876
0.0599893951841 -0.162468509351 -0.0587922655149
0.0897417022908 0.00724214942824 -0.0131468801955
-0.0346265496386 -0.0365991053796 -0.00421970780732
-0.038835485572 -0.0225551097698 0.0027382115554
-0.0280348564076 -0.0721375784138 -0.177916736621
-0.0331454027166 -0.0705201675835 -0.155160463539
-0.0227483773002 0.050259599966 -0.00912242906699
-0.064909125435 0.0867308074786 0.0310091652917
-0.0569565342885 0.015249546772 0.0117445719722
0.0606617600437 -0.00341247661756 -0.0818205876179
0.087212340077 -0.0206207436586 -0.0106832019959
0.0775137553168 -0.000390742892705 -0.0172466285684
0.102141347305 -0.0247532134759 -0.0100843977002
0.0590095935594 -0.00789314435798 -0.017169737546
-0.0203388358788 0.0186295600986 0.0169694852657
-0.0471328380791 -0.00731496612243 -0.03479172971
0.00156232745044 -0.00988072902392 -0.00340986614224
-0.00412305884518 0.0425296689842 0.0401553032872
0.0367291679398 -0.131375424837 0.00165141001223
0.040559356705 -0.0663131260057 -0.0112881408981
-0.0279818434007 0.0225384275291 0.0487239899883
-0.0134961341833 -0.042186790335 0.0238753860546
-0.0699980089077 0.0258175785814 -0.0304421196789
-0.0617960033048 0.0239391850942 0.00371640123492
-0.0573132010828 0.0563595531609 0.05163328549
-0.068243267922 -0.0336460037201 0.03053680844
0.0461798759845 0.0489765808219 -0.0776242339086
-0.0559855155549 0.0152524085257 0.0496646161111
-0.0467004784315 0.0455241145253 0.0317955200497
-0.0445837911626 0.0113593674773 0.0145353474054
0.0249010016407 -0.025130871373 -0.0194149199469
-0.0315675275504 0.0277005561199 0.00378863948403
-0.103690964039 0.010878372547 0.0365191891969
0.0818754002331 -0.0382733004144 -0.0562647426412
