0.0448710403841 0.0912437600911 -0.0140432001443
0.0184264155167 0.0734903763862 -0.0121546573257
0.00792003630413 0.0389086424296 0.0355706956338
0.0102962581283 -6.75800679412e-05 0.028229084044
-0.0370649107236 0.00831859544175 0.0184579544935
-0.0252048690037 0.0128433339639 0.0329502251874
0.0144563701486 -0.00205960399878 -0.062743159877
0.0385803647188 -0.00733308516019 -0.0549375208227
-0.00802928818197 -0.000575142945529 -0.00513089066021
0.0415159073646 -0.0341236217734 -0.00392029061838
-0.0442545003081 0.0252106707335 0.0292409971853
0.0224839914929 -0.00801746353621 0.0063836354798
-0.0390317456252 0.013667253177 -0.00874246349953
0.0333430270469 0.0259986730058 -0.0439316351394
-0.0230502830409 0.0425716420952 0.000150544229415
0.03452701148 -0.0319056895252 -0.0343930769136
0.0151544248043 -0.0031429927433 0.0145230544107
0.0255640098739 -0.0306006398073 -0.0487161943954
-0.0166321311857 0.00895546511981 0.0225519154715
0.0226472586573 -0.00753961763458 0.0139432671982
0.0174152900211 0.0044490937617 -0.0140967036038
0.0114875679783 -0.00336368739263 0.021068329357
-0.0316751695179 -0.0136793067099 -0.00104022312841
-0.00733550502631 -0.0071077451396 -0.00560675101094
-0.0437442706888 0.0554139523928 0.0325195654274
0.0319069570869 -0.0123318521909 0.0180661017805
0.00146107902906 0.003180689495 0.0110480621415
0.02571586975 -0.0222193670692 0.011305637721
-0.0410639730864 0.0080649406515 0.0323828279933
0.0221470818152 -0.00700964969216 0.0107665520487
0.0304545980892 -0.01227915284 0.0112129559881
0.0438270305624 -0.0276444613176 -0.0200243915499
0.0159716113305 -0.00453733863538 0.0172389384176
0.0142235148103 -0.00508808122414 0.0111409879804
-0.00383123073503 -0.00292246932926 0.0225147828934
0.0215213579384 -0.00669295656829 0.0218437253291
0.0471161331401 -0.0290399201865 0.025529359311
0.0232017127502 -0.0059314291636 -0.00532084118923
0.0329877200513 -0.013385852357 0.0129642248165
0.00820390178364 -0.0190392727325 -0.0506270000088
-0.0298273750546 0.00119434278108 -0.0040019190182
-0.0235490528327 0.0118563560123 -0.0388064961123
-0.0315401777529 0.0277018684766 0.0228046156887
0.0112929692403 -0.0141661663442 0.0247367627501
0.00608147940225 -0.00614065240524 0.0284689886555
0.039454205723 -0.0226373780891 0.0236220685808
0.0385747415929 -0.0317682452651 -0.0313130163609
0.04696875718 -0.0289970683399 -0.00638138180109
0.012271909028 -0.00197002953878 0.0104564830585
0.0188598175458 -0.00753089098206 -0.0027080777442
0.0252834465515 -0.013365558753 0.0281216467435
0.0242414993669 -0.0260135706268 0.0165893808833
0.0279200802021 0.00615715687038 -0.0188403330053
0.0360490744119 -0.0267306766392 -0.0437376023578
0.0175971596074 -0.00793603359801 0.00619153836062
-0.00920242904112 -0.00424897363656 0.00801533669815
0.0526719469008 -0.021335537811 -0.00863044131908
0.0307831577173 0.00446119217256 -0.0202281625631
-0.046387333999 -0.00363990557094 0.000794649278129
-0.0400731338755 0.0153566822127 0.0319157573067
0.0325669804035 -0.006918400933 -0.0258247128694
0.0299173429137 0.00202114893043 -0.0361162061808
0.046862458672 -0.0218289392841 -0.0413208797518
0.0119161814345 -0.00232651650417 0.0139358956396
0.00952217269502 -0.000403216002127 0.00817935573415
0.0176780949143 -0.00127096415669 -0.00453702863093
0.000189655462739 0.00736072867348 0.00471903901604
0.00729019194885 0.0145175323983 -0.00618887887751
-0.011455211263 0.00732646003434 0.0178324726042
-0.00370823718981 0.00989404767175 0.00528384835024
0.0348545009077 -0.0230299707891 0.0239011946716
0.0306372553918 -0.0233597812769 0.0169461243756
-0.0067141525154 -0.0154521061814 -0.0158540850128
0.0246222790459 0.0673843747121 0.0117059346565
0.0294515975968 -0.0116575316416 0.00815484081999
0.0453469527102 -0.0241105981814 -0.00893594235943
-0.0387423587269 0.0450999645029 0.0186205868875
0.03430715008 0.0409033486538 -0.0151424738229
0.0687809500114 0.0364273654141 -0.00102588260707
0.0312584985538 -0.0428614518427 -0.0411304604968
-0.0105992924999 0.00757913327534 -0.0562708616038
-0.00780908559499 0.0257385853098 -0.0311772156075
0.000386876412635 -0.0303577454582 -0.00647789798344
0.0326583434176 0.0281017934662 -0.0607444654379
0.0072099348451 -0.00587251775088 0.0198897652327
-0.0614877843887 0.0228048554295 0.0208855632558
-0.0476038922628 0.0171879886812 0.023242986519
-0.0367399890351 0.00546838072862 0.0045269354572
-0.0142798280652 -0.00646172934337 -0.00549861465968
0.011950813075 -0.0358080095582 -0.0159068278157
0.0196588341327 0.017158500088 0.0280499246957
0.0516788152919 -0.0211625940851 -0.0111269065245
0.00678971872776 0.0229523511045 0.0255899708134
-0.00836525174114 0.000553487438012 -0.00426655973717
-0.069854198067 0.0249187580812 0.0239891175445
-0.0537066100653 0.0311123298353 0.0378011289371
-0.0395819095895 0.00840316448627 0.0284403957935
0.0130222201883 0.00113370138663 0.00294205050849
0.0182873100634 -0.023889267773 -0.0169006186014
0.0385597540746 -0.0344171927816 -0.0255092594775
0.00951701741121 -0.0177136458864 -0.0230517729955
-0.0247314291249 0.0121371320943 -0.0255196513228
-0.00654012042387 -0.00571730742905 -0.0402920665206
0.0260138974814 -0.0260724283809 -0.00776608684902
0.0095942419087 -0.03895287997 -0.0286354178313
-0.0183122307855 -0.0165364354301 0.000586826876989
0.00374341529639 -0.010423304247 0.0161045750285
0.0313228478977 -0.00558159441354 -0.0166459800987
0.0685315187371 0.0925414145339 -0.0149274425866
0.0279067707604 -0.0163589661241 -0.0345633419936
-0.048855876742 -0.0369433102557 -0.022003399707
-0.0407176904031 0.0229557295636 0.00618634814244
-0.0191134332068 0.0373089471304 0.00519701937586
-0.00740174729808 0.0170860373818 0.0123524599817
-0.0378632818622 0.0245193012178 0.037953602362
-0.0335201905035 0.0246750058758 0.0361956453291
-0.0480535792961 -0.052970515522 -0.0156546555813
-0.0330643309959 -0.049276161854 -0.055645917761
-0.0190913095592 0.00652400861601 0.0113766041502
0.0155674841424 0.00490984925791 -0.00887482730329
0.0757209112676 -0.0111590479334 -0.0213474024569
0.0591717449945 0.00746334428242 -0.0319574572733
0.047859655334 0.00401213877862 -0.015701486086
0.0659148071287 0.0341955262027 -0.0162529946235
0.0288799398663 0.0495519068894 0.00708111063986
0.0203996406344 0.0377672151974 0.0200509327815
0.0603546466741 0.0248455405881 0.0105490646401
0.0383971861398 0.0113440601651 -0.000852372061362
-0.0252018251161 0.007267899011 0.00445171972886
-0.0513337275779 -0.0430697024887 -0.028271549666
-0.00761523876642 0.017741268597 0.0232490983806
0.00469133634769 0.0191062377597 0.0261772888692
-0.0168011293405 0.013300662774 0.0209475682476
0.0177352358647 0.00148975939038 -0.0103259248412
-0.0295919264509 -0.0259325560841 -0.0460425311282
0.0259962538215 -0.0204019455162 -0.0427999473862
0.0218024557906 0.00796833192387 0.0169714785919
0.0533391344074 0.00234038626618 -0.0340649610567
-0.014333365586 0.00162530070479 0.00785816255691
-0.00521035587788 -0.0107893338252 -0.02038105524
-0.0155283634914 0.00114958131008 0.0107101620398
-0.0286990019622 -0.0113339577414 0.0054932750435
0.0142707551007 -0.0260511410906 -0.0074272905874
-0.0279724811956 -0.0286704838209 -0.0224527181491
0.00932811985803 0.0105636655718 0.00301184334783
0.00984149936806 0.0431107833589 -0.00791449175347
0.0293842013441 -0.0150135853872 -0.0135505814418
0.0619347347867 0.0203140439701 -0.01558208734
0.0090402246678 0.0208399730512 0.0152617652885
0.0156689282524 -0.00290265791257 0.0172110369342
0.0169256008922 -0.00934786054086 -0.0173816845876
-0.010437310785 -0.00310127478336 -0.00431682479112
-0.00445534851602 -0.00602435931008 -0.00294436058865
0.0235846829825 -0.00283033168833 -0.0324339619259
0.0169229383648 0.0280685004693 -0.00690010533578
0.0274966592631 0.0501100688043 -0.0291714557291
0.0245072265211 0.0717245515112 -0.027641277925
0.0412790548858 0.0499978522865 -0.0161555062558
0.0425730515859 0.0252309438716 -0.0224802130616
0.0585285197392 0.111908171826 -0.00507318628651
0.0321554312725 0.0917205917431 0.00616333976465
0.0289887883993 0.0861423415671 -0.00604206254893
-0.000828233723472 0.0404876412591 -0.000653687325616
-0.0132368208869 -0.00177538161192 0.00378572184776
-0.0085773602664 0.0244665825381 0.00683823611804
0.0261712374455 0.0834557020905 -0.0293090659799
0.00843050376529 0.0421000697452 -0.0281596635781
-0.000139174623304 0.0236651414993 -0.0124662442339
-0.0177580185183 -0.0215631378654 0.00770593475084
0.00434779201824 -0.0207384388922 -0.00250047587431
-0.00769176852835 -0.0219593527372 0.0113725705646
-0.020104508847 -0.0102820452333 0.0201654877836
-0.0312712433796 0.0261253038237 0.00802786778369
-0.00378582524467 0.0118274928919 0.00932356490909
0.0248392515504 0.00230429127346 -0.0057069542871
0.0435575565315 -0.0198676393435 -0.023758128385
0.0607459506364 -0.0391952744227 -0.035595971285
0.016977771816 -0.0144168162803 0.00671796313237
0.0477293937804 -0.0287647584074 -0.0281436223792
0.0188261534448 -0.0273404584511 -0.0286232049207
0.0599223449639 -0.0471550464412 -0.0464167145829
0.040335988375 -0.0110847368232 -0.00502342507096
0.018328371862 0.0260055628119 0.0288887502726
0.0220319165034 -0.00838543065339 -0.0061438043807
-0.0199675446794 0.0119951206339 0.0282745963277
-0.0042345821018 0.000528622083891 0.00387325313296
0.0152578090024 0.045249470173 0.0444016320339
-0.00276416627935 0.0151923180361 -0.00128785773772
-0.0460910250887 0.00147058117431 0.0216335866913
0.0515617394865 -0.0274715466322 -0.00389224685059
0.0385689121824 0.0351613912961 -0.00966116082605
0.0402497660701 0.00856913390264 0.0163667629318
-0.101632583024 -0.00822620281726 0.0538762250054
-0.0223330290758 -0.00216195750001 -0.0113809868585
-0.00886456871862 0.0194056824257 -0.0458933449179
-0.0141871655483 -0.00707831665988 -0.00658540438566
0.00534246675765 0.0236423553258 -0.0587461210861
0.0206945639292 0.0514586946768 -0.0526036571131
0.0234930220361 0.0487662616399 -0.0408931354461
0.0172598155061 0.0198905182842 -0.0579461418156
0.0368460801936 0.00149218719075 -0.0740180299383
0.0395175216943 -0.0215966976583 -0.073383455545
-0.00157228608583 -0.00991166592298 -0.0564490922691
0.023525651419 -0.0188134039018 -0.00692209293255
0.00671772594455 0.00773458896149 0.03805195621
4.07933585489e-05 -0.0480214707755 -0.0563036321608
-0.0267918707981 0.00708565854652 8.69822059887e-05
-0.0221295253232 0.0040941603809 -0.00710807123808
-0.0329506548781 0.0221410279751 0.0243844317636
-0.0153825446896 -0.0326240449101 -0.031687214609
-0.009674698465 0.00837867372193 0.033745333921
-0.0928397268867 0.0517851198235 0.142239404566
0.0106232873181 0.0174980643497 0.0222991073531
-0.0479367042066 0.0303062370709 0.0875721056784
-0.0147240787829 0.011744180531 0.0279677199943
-0.0582241334775 0.0290413525283 0.0858745720215
0.0858620700996 0.0110295129449 -0.0470848353336
-0.123928210008 0.0108332129118 0.100064521257
0.165510290986 0.0262976921692 -0.122756510603
-0.0254008090673 0.0109900573679 0.0233877716591
-0.0219890159904 0.0126837383811 0.00620285820302
0.00498223817654 0.00298482112211 -0.0155632694952
-0.0198387673402 -0.0140487435109 -0.0282670789469
-0.0595839610378 -0.0900433410562 -0.0705398112222
-0.0233610168674 0.00407022091012 0.0164018406547
0.029362398027 -0.029990515196 -0.0116734376606
-0.00161025325456 -0.0225930168321 -0.0129581235342
-0.0317416076291 -0.0203232201352 -0.00771049082305
-0.0113360164043 -0.0295810534203 -0.0133082293821
0.0580246165724 -0.0331995550156 -0.00991891323193
0.0482324636573 -0.0128124190807 0.00477806194292
0.0138136039452 0.00580576760041 0.0168749599377
-0.00180148480564 0.00547092226654 0.0145617878492
0.011746218034 -0.000655726548482 0.0102149586168
0.0374682320681 -0.00210029915734 0.00380713991111
0.0409863154115 0.0297447323833 0.00445273594844
0.0131977206285 0.0566291850504 0.019212029134
0.0675837021934 0.00120436720649 -0.0136738340387
0.0485557110609 -0.0052645164209 -0.0154032326495
0.0310536084838 0.00225778444661 -0.0120846815692
0.0476034434093 0.010990593556 -0.0813213628858
0.036942395825 0.0309045837439 -0.059206067867
0.00311614730144 0.0555924207233 0.0142630115353
0.0128832426275 0.0736821906734 0.0102683441457
0.0301098608241 0.067092287043 0.00411836614392
-0.0218570834762 0.0198407065673 0.0230140284255
-0.0355105269075 0.0036871948977 0.00970037682132
0.0352551158219 0.0282977178858 0.0234193753105
0.0372901684515 0.00931051972772 -0.00269931910332
0.0389199985318 0.0382805626772 -0.000174157815207
0.0475192092586 -0.0190350846042 0.00515570694053
0.0350986264383 -0.00447292973819 0.0150356875753
0.0475558929693 -0.00651027039346 0.00945578201375
0.0419984070891 -0.0283127916452 -0.00805641636358
0.0366084914198 -0.036633913112 -0.0140566393058
0.0169989165448 -0.0348965824476 -0.0139418108248
0.016150216028 0.00406797961496 0.0205952827247
0.013005441778 0.0139198964489 0.0226511823087
0.0142646319792 0.032480930429 0.0355276259308
0.0275940014547 0.0238787601468 0.031329879654
0.0249435242149 0.0397877377563 0.040117667832
0.0358431491992 0.0203441485623 0.0210087628745
0.029637264025 -0.0055899962092 0.00375076204341
0.00503226418986 -0.0134845510791 -0.00370137552433
-0.00459498631084 -0.0239013815998 -0.0111139962758
0.0183061436172 0.0323444194304 0.0367589019195
0.0025812632525 -0.0039677934906 0.0137423956126
-0.0160550267533 -0.0025853828963 -0.000659111597454
0.0251190544734 0.0341378829705 -0.0205403393383
-0.00363065768236 0.00621210198198 -0.00899211158197
0.0134212347722 0.00771957484594 -0.0113153500004
0.0258472927006 0.0130116541741 -0.00126257524465
0.0231807888383 0.0062390776336 -0.0176310537608
0.0315307949576 0.00823302677023 -0.0100698066694
0.0140927141417 0.00144254703465 0.00737254523784
-0.0177931452141 -0.00710594840372 0.0333748696788
0.00976939984075 0.00515237529474 -0.0634151172367
0.00885904623149 0.0138687889128 0.0539817398195
0.00413378024301 0.00789804230561 0.0276157550318
0.0119417871701 -0.00245956461416 -0.0250661820662
-0.000516781004673 -0.0125526789378 -0.040383319183
-0.00197035894696 -0.00644757390172 -0.0219133866409
-0.0305205479115 -0.0233240275155 -0.0467523566132
-0.0311707954764 -0.0133555778796 -0.023662938496
0.0112932589617 0.0185500426203 0.026405761616
-0.00722731828188 -0.00449421161144 -0.0201991436679
0.0294372557389 0.000541547444184 -0.0180809285493
-0.0123752345311 0.00256153534389 -0.00403582450471
-0.00766512931154 0.00740158447022 -0.00586931077943
-0.00926751180325 0.024298332479 0.0511003925564
-0.0144316829854 0.0096197359293 0.0374778950504
-0.0190042854017 0.0266085422839 0.0628856848747
-0.0275995457586 0.00944077807725 0.0517075800611
-0.0432317598583 -0.0158076332544 0.0270823535071
0.0707497474991 0.00836999595644 -0.0521523457784
-0.0234206927896 -0.0355186672866 -0.0313571146611
-0.0589960294069 0.0358696267979 0.0989341989048
-0.103139606973 0.0457090431325 0.138554108889
-0.111137480702 0.0346935963556 0.123995985857
-0.115503486194 0.0121184505206 0.0915637811883
-0.133395431661 -0.0116684855969 0.0638451259019
-0.149519839632 -0.0108417121585 0.0673430875612
-0.0685362089614 -0.0192162880944 0.0181047514906
-0.162457507411 -0.0104961052343 0.0790064235442
0.142928173616 0.0197043594743 -0.109182453374
-0.143546622259 -0.0150719084871 0.0130541321391
0.0867368644734 0.0147779639201 -0.106043835713
-0.106439736146 0.00171540634242 0.109341907955
0.034088358819 0.028843831097 0.00269193947843
0.00988355251372 -0.0100856276553 -0.0393409996328
-0.0186127582286 -0.0180441411577 -0.0439805917866
-0.0273092217083 -0.011863669279 -0.0199864865991
-0.0275496866381 0.0130391021556 0.0530687993048
-0.00450260463647 -0.00619626677287 -0.0179107819269
-0.0233066979499 -0.0203365408223 -0.0288702741675
-0.0303889545451 -0.00229066302584 -0.0118939993631
-0.0152425613185 0.013553755571 0.0116354495854
0.00416615325488 -0.00824362434686 -0.009969058778
-0.0133103403129 -0.0243408753401 -0.00668217970853
-0.0341206384371 -0.0567237956547 -0.055103632948
-0.0447832615097 -0.0476840588152 -0.0436436114911
-0.0419782227738 -0.0151443929198 -0.00941542558458
-0.0360347571457 -0.0599589135201 -0.0411931299189
0.0234336190301 0.00125607383092 0.00183370359017
0.00448284831059 0.00589509856315 0.0185721175773
0.011469066236 0.000152067512697 0.022431804413
-0.00205062099616 0.00514991874569 0.0526064323255
-0.0196626519813 0.00184634587345 0.0551014298194
-0.0101400913422 0.0165368366278 0.0756148747408
-0.00807619699573 0.0143352532539 0.0575010217471
-0.0144293212867 -0.00395747933083 0.024653303333
0.012192410909 0.00782901191509 0.0375929034901
0.0851768688838 0.00643699361265 -0.0634828204778
0.126524726355 0.0118689063054 -0.104235504655
0.135967405659 0.0130570417208 -0.136259693028
-0.0496228074966 -0.0112258198912 0.0329099895409
-0.0455670217302 -0.0143776461571 0.0288744646484
-0.0365945818444 -0.0093147681751 0.0276817302785
-0.0230308377676 -0.00711689847214 -0.0143691366706
-0.0935976579212 -0.0200330385568 0.00396460782018
-0.0836982000391 -0.0176779132946 0.0344162779162
-0.109115214696 -0.0212552530913 0.0313604827497
-0.138122566843 -0.0188530015358 0.0454639623211
-0.145250551993 -0.00655684710671 0.0803166001968
-0.137926090664 0.00509682573703 0.105327347584
-0.141171114857 -0.0043149847475 0.099632095891
-0.0530445583296 -0.0386083584885 0.0570827192965
-0.115958522113 0.0317134263157 0.132885545126
-0.0658025797693 0.0297040413954 0.10243657862
0.14422196737 0.0403329655406 -0.0831028733963
0.0980534724658 -0.0155589191421 -0.0693317422866
0.00875852205322 -0.0137782973462 0.00161062277586
-0.121255306541 -0.017932510333 0.0218312423179
-0.1671482678 -0.0135959464464 0.0518868093698
-0.10083267037 -0.00594988729372 -0.000688454837648
-0.023001705181 -0.0251753052265 0.00791214945902
-0.0203623376051 0.00705752967725 -0.0627689649835
-0.0552192477138 -0.00153554849897 0.0412168848549
-0.0621409258557 0.0121181754853 0.0643621848699
0.0437843202879 0.00981543444552 0.00568798396473
0.0565579919756 0.0131199219314 -0.00761952947762
0.0455821125959 0.00724867127135 -0.00981141440643
0.00748561871222 -0.00943710543459 -0.0135608244433
0.0983239946981 0.0128394617045 -0.0635025645317
0.0362149457611 0.0134234242503 0.0204627156646
0.0284092719347 0.0122053456473 0.0209132362577
0.0391183096259 0.0080121465851 -0.0021000642935
0.0644620011349 0.0104213126929 -0.0258668117407
0.0297622705075 0.00387768755722 -2.43475334636e-05
0.0109783895605 -0.0041372520612 -0.006131686236
0.0234034570705 -0.0004061772813 -0.00438171909832
0.01428156071 -0.0112608528722 -0.0199462802917
0.00228977589732 -0.023336747237 -0.0372438532787
0.0204172663741 -0.0186021380672 -0.0323063299339
0.0162302022274 -0.0100663393756 -0.0281904480245
0.00531714697939 -0.00221216037664 -0.0118589606537
-0.0188883238581 0.0086547846032 0.0107337577193
0.0289546584059 -0.0102184931864 -0.0293724060874
0.0342289223488 -0.0162491646023 -0.0341870949286
-0.0140915520437 0.00417206394325 0.00673639472103
0.00311583849307 -0.0276924140653 -0.0436047078101
-0.00474919184332 0.00302855942982 0.0256179839786
0.00831824824739 -0.00539562561254 -0.0184722607769
0.0128036402599 -0.00235125900335 -0.0122873259171
-0.0153486813556 -0.000685680064429 -0.000703449607982
-0.0476103519679 -0.0832869708499 -0.0776301582195
-0.0290357878718 -0.0692431827695 -0.071385837775
-0.00369174983613 -0.0234499189403 -0.029978920502
-0.0291608798899 0.00422409897297 0.0105295500733
-0.161734070393 -0.00928216195786 0.0810537980542
0.0646742223386 0.0124220545198 -0.017054919007
-0.0290548071381 -0.0247426199844 -0.039811521611
0.101967189806 0.0204985836391 -0.128799118365
0.0982973572365 0.00963007172449 -0.10424397118
0.133367381858 0.014048413161 -0.115637066417
0.165347052095 0.0289964243642 -0.117413817956
0.10890683885 0.00895277981997 -0.0924436563473
0.130416437257 0.0131869655175 -0.0901852127997
0.153420548992 0.0305492192346 -0.0991939059497
0.0745267633759 -0.00497086755558 -0.0675469145938
0.0586911962203 -0.0593388901743 -0.024056045279
0.0265253701239 -0.0799921792009 -0.0283523176146
0.102294343431 0.0176418882781 -0.0628598659911
0.0941330451296 -0.00688988190377 -0.066695648587
0.0477772749838 -0.0406117870016 -0.0324041113347
-0.0396733258943 -0.0487586395151 0.0425339516619
0.00783423818594 -0.0506477906789 -0.0176484576621
0.0571105217265 -0.0629658066278 -0.0344456728005
0.0229582639115 -0.0916136461764 0.00919811449535
-0.0478727372205 -0.0309709755566 0.0442576380597
-0.0574634062141 0.000485830797372 0.0740881121609
0.0916256665594 -0.0324952630739 -0.0622264463059
0.0652972496964 -0.0280452319136 -0.0435429826998
0.0218175534139 -0.0478529676947 0.0010658012246
-0.0375817996152 -0.0404509243891 0.0401700621227
-0.10634280048 -0.0184843384997 0.0715978316094
-0.099245306277 -0.0149868306463 0.085399425245
0.0316586841931 -0.0761784385979 0.00799390444052
-0.0807817962935 -0.0165255019999 0.0838949981188
-0.068751750587 -0.0282566613451 0.071267679848
0.0465071162986 -0.0925336897608 -0.0131224147417
0.0239935570813 -0.113056687385 -0.0156434314391
-0.0241073937452 -0.0143477913777 -0.0110908022581
0.0138683000072 0.0077758706608 0.00688368164682
-0.0246368621362 0.0161106609158 0.0462093742177
-0.0300820917553 0.0435040860695 0.0843056032368
-0.00446800521098 0.047379463325 0.0626308126562
0.115947230187 0.0377159467863 -0.0639888368356
0.131397285181 0.0251676182117 -0.093346349093
0.163965282956 0.0346814679808 -0.110312901544
0.0468256627217 0.00427804007073 -0.0436410874954
0.00619484294058 -0.0202165586493 -0.0403045387128
0.00608846005198 0.0437019768336 0.0521732623809
0.0908665622662 0.0354927779814 -0.0378140786146
0.00517175923911 0.0131910774383 0.00868169780045
-0.0260570258591 -0.0461516395286 -0.0543223696011
0.0207145197344 -0.00293726719259 -0.0202840653175
0.135819679382 0.0185714609848 -0.104018022311
0.138774752854 0.0176300593392 -0.104148435755
0.0917047134823 0.0183407293289 -0.0503397157605
0.0636417704777 0.00358363052907 -0.0474033526603
0.0209641114799 -0.0112637194822 -0.0256113167397
-0.0340543393734 -0.0363239415986 -0.0247365677257
-0.0660201955682 -0.0703334705865 -0.0436982505996
0.0215959983806 -0.00845057012823 -0.0214921550978
0.0302859984875 -0.00158449219886 -0.0171741173305
-0.00339850676117 -0.0842646642358 0.0107193046411
-0.0183226704262 -0.062191702556 0.0349207130869
-0.117442686861 0.0171670065193 0.122638365364
0.0581027683445 -0.0320687428529 -0.0383936197985
0.0631543498928 -0.0415114520541 -0.0441932410959
0.0625867625011 -0.0305275413641 -0.0278483839305
0.0396918653239 -0.0218508912326 -0.00488670634575
0.0270694874289 -0.00985358189607 0.00748463344601
0.047686502231 -0.0400897519205 -0.0424046908794
0.0382812303827 -0.0372677990956 -0.0368669791128
0.0380606843589 -0.0276605720592 -0.0217165532431
0.05512909442 -0.0327526746279 -0.0291168668568
0.0496402944059 -0.0140735191176 -0.0083034405389
0.0349131867516 0.00114531383663 0.00914826276805
0.00308220171317 0.0155842244451 0.0235561923005
0.0302712678681 0.0124753553811 0.0165832370075
0.0634367513339 -0.0373848183981 -0.0331493382052
-0.00159593270751 0.0335657173845 0.0342985243286
0.00934793688235 0.0436058314511 0.0423038649247
0.020499160549 0.0424549725659 0.0386284738952
0.0296522338608 0.0294081270685 0.0227410785396
0.0166923807824 0.0173195224918 0.0107766034795
0.033329580777 0.0155058169713 0.00687653826474
0.0305534111652 0.00572019473888 -0.00656749179891
0.0161069548316 0.00620064064834 0.000631492396058
0.0412817732557 -0.00653885395358 -0.0225586944696
0.0469647920316 -0.0314139576809 -0.0168772329522
0.0278172548974 -0.0153025077117 -0.000906251168253
0.0509462809336 -0.0235081422213 -0.021089092394
0.00159852272031 -0.000103553038697 0.0163514451135
-0.00859929253153 0.000988829421234 0.0178652761793
0.00844399628227 -0.00410529949496 0.0117748918973
-0.00999665211421 0.00267976805931 0.0126138079112
0.00332848259517 -0.0028115966278 0.0146246650207
-0.0137935119015 -0.00191451059785 0.00650667986012
-0.02717530523 -0.0093223491103 -0.0098049014271
0.0210142002688 0.0281678645403 0.0248696641496
0.0545709710808 0.0328136896894 0.0125609999237
0.0848126133344 0.0212751059806 -0.0033588635958
0.0871834539052 -0.0104800316259 -0.0269762487407
0.0765614867344 0.0186618663378 -0.0101099649563
-0.0271384758981 0.00644001722577 0.040393685117
-0.0216565415452 0.000917503394758 0.0135418979928
-0.00777912426163 0.0444207026406 0.0176806935742
-0.0607740211746 0.0349873199429 0.0319607119515
-0.0519415037546 0.00344952976501 0.0106869489481
-0.0570583350491 0.0446364425702 0.0280533007424
-0.0617639046046 0.0350585138886 0.0218888017123
-0.0592747321366 0.0497391192191 0.0310428841863
-0.00800751245507 0.0525733578534 0.00822560566571
-0.0564873354928 0.0158030344599 0.0106699158981
-0.0550941911673 0.00372121499876 0.00639052490702
-0.0625205228611 0.0364792562177 0.0276529534215
-0.0542326114451 0.0255558620479 0.0256137715143
-0.0460360887881 0.0320866753219 0.0259430406343
-0.0202409822649 0.0390174709625 0.0121421489346
-0.0321995151958 0.0274960582635 0.0264696706484
-0.0154323540934 0.00245281988061 0.02992458816
0.0269023246071 0.0477724962488 -0.000839696581321
-0.0517119264268 0.0121051065794 0.0106361476781
-0.0224332659026 -0.013500480616 -0.0187496157846
-0.0232165400947 0.0190106037434 0.0184716899558
-0.0266306720431 0.0248706114793 0.0335606061671
-0.0335604289438 0.0226819438923 0.0247394835628
-0.0269548765546 0.0239569446214 0.0332078560991
-0.0155524392768 0.0188409649801 0.0330355977942
-0.029895517023 0.0198898210969 0.0378896309281
0.00152689459004 0.00856317302291 0.0217815563836
0.0345324460692 0.0104935705072 -0.0527049809065
0.000984200711741 -0.0447735443892 -0.0477589590732
0.0496908617766 -0.036615144475 -0.042736421774
0.0148816375415 -0.0252427333454 -0.0169152277513
-0.0290417285758 -0.0121982338836 0.00749647150175
0.0331775783531 -0.0264379037039 -0.03742192508
-0.0207847574358 -0.0394096252836 -0.0160187193012
0.0228885554922 -0.00153173684396 -0.00775978091576
0.0150141455624 -0.0177100280856 0.00115377176702
-0.0620742615535 -0.0810870462867 -0.0494477214383
-0.0686761139866 -0.0703745042256 -0.0346969789112
-0.0463832525276 -0.042821432836 -0.0176039350688
-0.117494403555 0.0311130510739 0.125824914547
-0.136628519982 0.0180069848097 0.114028082444
-0.0301929015451 0.00650880983277 -0.0288893911786
-0.0360098586921 0.017178434101 -0.0116828844373
-0.0362520495571 0.0312201576331 -0.00736377242144
-0.0282160297622 0.0197186238559 -0.0268788517599
-0.03209079845 0.0457199040458 -0.00391262272834
-0.0306130404217 0.0455349286425 -0.000251120000722
-0.0295514834825 0.0441064669943 0.00342970206474
-0.0168000579512 0.0277598688163 0.00210877526083
0.00244142132313 0.0219726539511 -0.000152458792751
-0.00821183713051 0.0371197380308 -0.00153612357667
-0.0325889523947 0.00809728960325 -0.0219963277793
0.00247222713624 -0.00659206235431 -0.0671695321085
0.0112609163625 0.000766521063266 -0.0745948164571
0.0269024057651 -0.0153791291501 -0.0774294311069
0.00187019776138 0.0212800597455 0.0336879425161
0.0164372393441 0.0764099654885 0.00340615638059
0.0302542803051 0.013050269692 0.0112598926225
-0.014031689712 0.0155433620245 0.0823160354409
0.0694725557339 0.00912205126427 -0.0777710177516
0.0328057687433 0.0255038864882 0.0220399997845
0.0449598351695 0.0256405029062 0.0157783529956
0.075798757549 0.0160142457373 -0.00204552676172
-0.0321791656699 -0.0164327695895 -0.00690039531372
0.00531778372859 -0.0105141266056 -0.00113396184354
0.00293739045265 -0.0147079230761 -0.00959305148578
-0.0090139021767 8.79087581424e-05 -0.00138315263734
0.000570045766559 -0.0144538534611 -0.0133456001339
0.00606345591171 -0.015638991423 -0.016508295972
0.0218624349266 -0.0274221029694 -0.0248928980892
0.027949154049 0.0663071340705 -0.0262463857713
0.0310234170979 0.081840623842 -0.0141326307836
0.0463240634201 0.0917910479885 -0.0278830191184
0.0329221579855 -0.0011718394185 -0.0134599637613
0.0272267693268 0.0209759801672 0.0139345972037
-0.0225954885529 0.00980590600863 0.0193334483227
-0.0357322636062 0.0139337685179 0.0272499654151
-0.0367885301323 0.0262705749732 0.0332380853399
-0.0290357613816 0.0282519692224 0.0230789993367
-0.0319528611878 0.0342998041164 0.0163241711163
-0.024394385307 0.0416874386034 0.00485592277701
-0.010362099895 0.0266358002941 0.00695032532345
0.0110143011012 0.00892632664038 -0.00441336644499
-0.0469376453097 0.0236546649126 0.0183102937245
-0.0462920528297 -0.00701920006432 0.00274001337134
-0.0456659557465 0.00461765864019 0.0171243167727
-0.043395758309 -0.0520201601472 -0.0241777001973
-0.0188122870387 0.0234637126555 0.0296352029431
-0.0476573083896 -0.00682024737367 -0.00480119705298
-0.054168591772 0.0124653503105 0.000436078954435
-0.0462706812685 -0.00992419166441 -0.0128697553769
-0.0938833927863 -0.0164926726905 0.0398729099466
-0.0405042619683 -0.00931707707016 -0.0105633049837
0.00295404968425 0.00816401344157 -0.0633044005771
0.0319815721852 -0.00964067875075 -0.0430201909909
-0.0422713038326 0.00599070739123 0.0158393518188
-0.040780544316 0.0155217818368 0.028305398619
-0.0337123487148 0.0245504121422 -0.0114810300504
-0.0240469632887 0.00369142402801 -0.0133216783599
-0.0187915501562 -0.0232871088227 -0.0172759910073
-0.0183586723957 0.00320108311244 -0.0186269086139
-0.00629983605601 -0.0100671496025 -0.0354994898865
-0.0369039603726 0.0105732180682 0.0256702459251
-0.0222966003961 0.0109015453373 0.0208918919617
-0.0399152501838 0.0124172151109 0.024051533551
0.0172267601023 -0.00156587961695 0.014048324835
-0.013172513058 -0.056693572441 -0.040145442101
-0.0210694624721 -0.0449644497672 -0.034132714949
-0.0226962406262 0.0454398548517 0.00141672155779
0.0419813558292 -0.0144244480514 -0.0677780828265
-0.0055154883316 0.0187822475149 0.0169427426096
-0.00582378658447 0.0262926893422 0.0131327155169
-0.00196684734352 -0.000555066188557 0.00267335186078
-0.0254639413565 -0.0038168554041 0.00930632428168
-0.0334435302054 -0.00313894920822 0.0144030644977
-0.0346112401015 0.00279828509922 0.0192485334231
-0.0316627744325 0.0106968663112 0.0269156717652
-0.0180636597351 0.0176606838774 0.0292434543481
-0.0191715254487 0.00648715976739 0.0148631781945
-0.0174324820771 0.018825600616 0.0257737991651
-0.0144261386179 0.0185649864419 0.0242161861061
-0.0140867064274 0.0221262370642 0.0211774931978
-0.0285931237472 0.0139867726573 0.0154436698092
0.0174611800542 0.00846502079294 0.00416027177281
0.0342920913704 -0.0305766945449 -0.0568504901355
0.0354744728861 -0.0343574190514 -0.0631983477331
-0.0301697124975 0.0155268453552 0.00833422525719
0.0178727490405 -0.0256947765361 -0.00870867882237
-0.0312670540374 -0.00465190837861 -0.000137739149425
0.0965321112612 0.0142740314469 -0.116103777372
-0.0101628490433 -0.0086643921865 -0.00258429539825
0.0114441188609 0.0395872584663 0.0400612075213
0.0382340993585 0.024649617948 -0.0252860196806
-0.0295254946665 -0.00303401227418 -0.00243049103029
-0.0155070985027 0.0104244697613 0.0131748787044
0.103774213416 0.00779172761651 -0.0975868563658
0.0501141304974 0.00605409248904 -0.0361691200396
0.105129813117 0.00623924101061 -0.0906008083296
0.105411742776 0.010127405872 -0.0772451339307
0.128523686347 0.00931676097335 -0.119593083124
0.1572591393 0.0209270023023 -0.123114361927
0.0675639273213 0.00673324210932 -0.0337911292644
-0.00910138596375 0.0144222575283 0.0569716487934
-0.0201277805378 -0.0253635861105 -0.0193797488171
0.00421340724201 -0.0200234537427 0.00945551263358
-0.0094532324853 -0.0239302526799 0.0109226011699
0.0724822528628 -0.0302804418701 -0.0363251137503
-0.0091698031008 0.00109460557521 -0.00484648023639
-0.029615566114 0.00325532358328 0.00978595874341
-0.0339133685693 -0.0179803965461 -0.029831259626
-0.0321866816399 -0.0231607556348 -0.0424329758573
0.00285395214455 0.0132008956035 -0.00266440560892
0.0336514293508 0.0258664662178 -0.0352022611142
0.0225696267082 -0.0116359431241 -0.0233570903501
0.0252323509675 -0.0144099684008 -0.0446293014674
-0.0172593714617 -0.00853716831134 0.0215936824351
-0.0313688749277 -0.0192836415198 0.0183811657564
0.0191619665446 -0.0229836051111 -0.0405531005867
0.0236243899872 -0.0271231168892 -0.0453649962232
-0.000853306930529 0.0243856265092 0.0210376856119
-0.00664377862554 0.00606115199458 0.000161252730274
-0.0241667108806 -0.00854963505829 -0.0167296526017
-0.0188470244842 -0.00861446800968 -0.00867094351113
-0.00707553667493 0.0141823993591 -0.00467622460027
-0.0093736228813 0.0212645611793 0.00129234657232
0.00380274459568 0.00348669376004 0.0181525187802
0.0781169785847 0.0140430927098 -0.037901433811
0.00316695294931 0.00425466647876 0.000304849782571
0.0615516768006 -0.00398873095849 -0.0161852283705
0.0280753621113 -0.0259284837692 -0.019890121451
0.0497569567298 -0.0320914108534 -0.0349138111352
0.0349277532275 -0.0333650428272 -0.0231331523455
-0.00426805774364 -0.007766088107 -0.00885959437399
0.00157166605311 -0.0327396541903 -0.0111073571268
0.0059224197966 0.0461812178152 -0.0294299027053
0.048319987951 0.0728111401009 -0.0306728421577
-0.0607068298063 -0.0698095426134 -0.0524066031352
0.0647052264428 0.0258074923576 -0.013965258626
0.0668559848345 0.00794124436154 -0.0269221896199
-0.0253643952353 -0.0200427287261 -0.0288530378685
-0.0147120551723 -0.0273490089705 -0.043780100887
-0.0245898039308 -0.0111833270505 -0.00709818830661
-0.0295934972591 -0.00217807394327 -0.00329220374872
-0.0283410043554 0.00643301150606 0.0105312952958
0.0723140005685 0.0236299974533 -0.113607933965
-0.069557534319 -0.0108969629032 -0.0250862184905
-0.0288697259568 -0.0203569269067 -0.023342644132
-0.00340977587939 -0.00910696617095 -0.0278164596566
-0.0245207803142 -0.0124800955882 0.00104389036396
0.00553404098042 0.0484635329661 -0.00746480924706
0.043638805546 -0.0245269132273 0.0211891359874
-0.00611990717822 0.0489184372472 0.00160077225013
-0.000178568908884 -0.0664915350909 -0.0400829978709
-0.0249918923821 -0.00718700461603 0.0155531365251
0.0363390648869 0.108360550166 0.000981291011048
-0.00123650776131 -0.00768548829775 -0.00162152195271
-0.0907775835942 0.039755494477 0.129053677756
0.0194944920123 -0.0334264952832 0.00737854016478
-0.0303647760691 0.0167752854325 0.0185849658041
-0.0447973436688 0.0121936237026 0.0171834518486
-0.0867025071412 0.0432742390359 0.126290035267
0.102555538668 -0.00203614817593 -0.0799277714568
0.109285747649 0.0149581525052 -0.0712384138903
0.00975064581731 -0.00717432145276 -0.0106840976626
0.0326865804478 -0.0278448380296 -0.0343837203229
-0.107706436732 -0.00516324716396 -0.0139283153358
-0.00847703898655 -0.031681021016 -0.0192192125496
0.0889110336337 0.00275051969331 -0.0159405402467
-0.0244007419908 0.0326730199391 0.0348500660897
