0.0479943942613 -0.0281558472001 -0.0413896581834
-0.00124952136222 0.00592498079631 -0.0209080115568
-0.0458569476261 -0.0148475786813 -0.0267576425011
0.00759892702725 0.000241247907434 -0.0241915410407
-0.0260840371553 0.0209664363941 0.0161522721609
0.0222027519715 0.0100706507768 0.00705220495261
0.017856942394 -0.00502996469744 0.0274543605063
0.0242415613794 -0.0232525929507 0.0584628916348
0.0544697476263 0.00261990035567 -0.0288418861248
-0.0258311533458 -0.0341907565698 -0.120043064034
0.0183153405646 0.0173415442342 0.0114331240276
-0.00571085536707 -0.0131903638156 -0.0155451034558
-0.037204476171 0.0544787281322 0.0220934395541
0.0435409507415 -0.03909055474 0.0350675112651
-0.0456036788087 0.0416298285781 0.00830844122241
0.00561008913265 -0.0486995400523 -0.0657458134236
-0.00195715622042 -0.00683944400395 -0.0103216954416
0.0102132662696 -0.0598589443111 -0.101025024606
0.0699727403287 -0.00933156039945 -0.00423579600326
-0.00169336184928 -0.0107257250151 -0.0204198225161
0.0272476109356 -0.0305863910646 0.038617483113
0.00629455643058 -0.00466507576542 -0.00965691386293
0.026957451534 -0.0228372142495 -0.0205402926239
0.00207857250991 -0.0582541265576 -0.0349002916122
0.0101640011324 -0.00312246561846 0.00902567823271
-0.0188927112159 -0.0114075564684 -0.0723195241834
0.0115339876972 -0.00887750761779 0.0235241768272
0.0324456439134 0.0086884811185 -0.0416030525067
0.00314845593821 -0.00209426453574 0.0338613009999
-0.00497230474104 -0.0111953120604 -0.0189365246638
-0.012985056222 -0.0152942641233 -0.0476345466882
-0.00208206722429 -0.0385614298126 -0.0395754661538
0.0021057046139 -0.00706018027802 -0.0124113352894
0.0101224919029 -0.011246241785 0.0061919160235
0.0177695365367 -0.00265909206536 0.0143149276708
0.000650881637756 -0.00716291737031 -0.0309776604042
0.0124298627456 -0.0259731997235 -0.0733187815591
0.00985751347838 -0.0207477306464 0.0154681317337
-0.00675118543553 -0.0162693121315 -0.0409433723965
0.0156989204105 -0.0353781994641 -0.0310884090627
-0.0483268623055 0.0188799547221 -0.000635301062223
-0.0114223304788 -0.0169715672983 -0.0478809457151
0.014865614934 -0.0112702773324 -0.00922308764444
0.0286619597041 -0.0129767955059 -0.007560985358
0.0491942560892 -0.0111094530744 -0.0225668913115
0.0137621248654 -0.0219408865422 -0.0528320960337
0.0101113998726 0.00966672172667 0.00794925647726
-0.0138968100272 -0.0387387490056 -0.0810771311786
-0.00238690825193 -0.00745260108793 -0.00042146819988
0.00214986462418 -0.0158276834123 0.0105638464709
0.0317625282186 -0.0123015815517 -0.044836188954
0.0777034408404 -0.0215549829377 -0.0326349421375
0.0570691061329 0.0261152810297 0.00450729900802
0.0152995338662 -0.0311549069887 0.013663637711
0.000417181087798 -0.00410813249381 0.000133739072291
0.000125814996246 -0.0323910442606 -0.00350080436753
0.00468942911313 0.0113303137293 0.0105261066797
-0.0398923480986 0.00197391299909 0.000124684268624
-0.00425556766473 0.0128744949245 -0.0142239610242
-0.000342518586528 0.0208049438471 0.0243588186963
0.0195715572979 -0.0316982006305 0.0337965554694
0.0316901332613 -0.0345397192698 0.0510602375285
0.0137825937854 -0.0365307655725 0.0210581877386
0.00326546321219 -0.00716567332352 9.16581661701e-05
0.00666349864023 -0.0101323623943 0.0142924881873
0.0170930508245 -0.0217383014864 0.0252498677132
0.0193762119346 -0.0175880851194 0.0339533275704
0.0351427122465 -0.0368796771741 0.0303802867115
0.0118819169976 -0.00333947371329 0.0283437085433
0.027251974177 -0.0368585916976 0.0105500189952
0.0306694525869 -0.0121046253299 -0.059645476865
-0.0193661158375 0.00128300207675 -0.0862041413006
-0.0413014148058 0.0279436940867 -0.0544542029409
0.00456124590408 -0.0423598921378 -0.011082825456
-0.00848244631156 -0.0160363866819 -0.0327458948623
-0.00709234135112 -0.033669728872 -0.0433763806705
0.0391783479417 0.00453800148951 0.00369497404044
0.0371418503565 0.0135548776511 0.00103104076546
-0.00910727094864 -0.00765737661323 -0.0165457861782
0.0180773013558 0.0195105103842 0.030178543452
0.000953200670779 -0.0164604878158 -0.0157607468754
-0.00425481385287 0.0230061287225 0.014037094387
-0.0196195339767 0.0407628433224 -0.0285077646017
0.0233134515398 0.0127342245755 0.0453321317561
0.0156859554745 -0.00695362995984 0.00430973123299
0.00501202635793 0.0128753095189 9.62391679914e-05
-0.00888847140064 0.0273850490663 0.0141819444394
-0.023848648029 0.0282495337582 0.00121595910447
-0.0271659234709 0.0273373262647 -0.00435801768858
0.0193221916365 0.003724186513 -0.0100385696624
-0.00116908095699 -0.00183371868033 -0.0123969788437
0.0412070644197 -0.0121944030255 -0.0149790132485
0.00213304372553 0.00302750717772 -0.00883240250603
-0.0178487128932 0.0238555603737 0.0131285455373
0.0071374061087 -0.00771035976206 -0.0105728420038
-0.00598722481032 -0.0139112669034 0.00162753367091
0.00425728067055 -0.00516305637264 0.00541311551315
-0.0135783565492 0.000950990842573 0.00964826370007
0.0766644511636 -0.00626195252312 -0.00562395408278
-0.00785734683707 -0.0511812296152 -0.110953543313
-0.0230062614436 -0.0175323069149 -0.0989459265691
-0.0334122876714 0.013666740047 -0.0396168149161
-0.00738705218525 -0.0276677426187 -0.0806418781407
0.0811103349165 0.00381230353704 -0.00854438474718
0.0338662976391 0.0463191896695 0.0230785353933
-0.0563161367117 0.0272624599968 0.0134074911031
-0.0526178442196 0.041249021674 0.00779762285828
-0.00995248672726 0.0161642583429 -0.000415168170052
0.0170021760877 -0.0737266523857 -0.0401658416451
0.0314921814606 0.0400696420858 0.0264291829313
-0.00848225896884 0.0520593917231 0.0548155887924
-0.00699698188276 0.0275341472572 0.0222514871257
-0.0130646318858 0.023468564986 0.0041795439666
0.00922556815075 -0.00262496449637 -0.0117965528306
0.0201258501304 -0.0360588409052 -0.0238747240102
-0.0093328245902 -0.0121792007548 0.00339927746088
-0.0206160753935 -0.0044060847129 -0.00258915635572
-0.00635306809944 0.0138449692276 0.026470805361
-0.0568322367439 0.0225219543949 0.0421692806221
-0.0586065677863 0.0395492344043 0.0649520044229
-0.0201090339055 -0.045526893586 -0.0285388691231
0.0300387803826 0.0166869721549 0.00892216019884
0.00722831339433 -0.0118455166377 -0.00890213055846
0.0111952612093 0.00407663243602 -0.006047294665
0.00132082113391 0.00130200504965 -0.0031619397268
-0.0141598824051 -0.00565205158043 -0.00469197477479
-0.0328229488527 -0.00793515578822 -0.00603019116799
-0.0139432379976 -0.0204122730908 -0.0162840797704
0.03481796722 0.0155062348062 -0.00313361932287
0.0830376872721 0.018897621213 -0.00516585889829
-0.000888628387786 -0.0107983259498 -0.00672462866918
-0.00154720342119 -0.00265982611354 -0.00618889442302
0.0187426477261 0.00514685155528 -0.00779309256503
-0.0216396382672 0.00926482815301 0.00650734469724
0.00368039420186 -0.0108176554763 -0.00447658668191
-0.0256183688914 0.00247125980123 -0.00416639907393
0.0619801466794 0.000585693494384 -0.0208175618944
0.0389736178013 0.00101725836975 -0.014846279542
0.00464779741862 0.00198504729129 0.00685482899603
-0.0445352175405 -0.0129132745838 -0.00778229829648
0.0251409605922 -0.00755241892933 -0.0195864131637
0.0162392878935 -0.0128927835749 0.0011144384412
0.011164309971 -0.00762344735882 -0.000687234539493
-0.0253234073663 0.0649824810001 0.0262062191211
0.0680625454709 0.0080093121512 -0.00740561769402
0.0450698899323 0.0213467140082 -0.00156060641668
-0.0207667214089 0.0178770993264 0.00336275719266
-0.0161767124294 -0.0229819664001 0.00219373986622
0.0290713662823 -0.00919777248245 0.00863839715288
0.0347033052994 0.00627581638395 0.00669438287049
0.0642058180308 -0.00420061661268 -0.0330551071054
0.0915521926555 0.00937513630703 -0.0256768972119
0.0195865627798 -0.0012082330306 -0.0105233121254
0.0174056098349 0.013420397611 0.0409599027997
0.0364749848133 -0.0424998807338 -0.0152336791003
0.0429261279241 -0.0119467828791 0.00233026825444
0.030390419154 0.0257102511976 -0.00905755659404
0.0231485674738 -0.0581832173869 -0.0319697941197
-0.018209328145 -0.0422774366787 -0.0148682108855
0.0393119392254 -0.0515062722372 -0.0517763394744
0.012235933498 -0.0366445951902 -0.035503407193
0.029503681104 -0.00290549303514 -0.0363138909597
-0.0180800749934 -0.000467935473698 -0.00503052320006
-0.0358466192356 0.000418892978284 0.00391830901447
0.0133445750754 0.000261726825577 0.00487661833178
0.013455786209 0.0242946316826 -0.016022372377
-0.0231158832794 0.0205847450599 0.000125229807242
-0.0373085450525 0.0184698247531 0.00370486144396
-0.0539814862167 0.0319008011668 0.0146811951038
-0.0240337290411 0.0309459386919 0.0149719628242
-0.0621470314071 0.0360038132829 0.0165549948846
-0.0639680265464 0.0370225113792 0.0074116809919
-0.0557097215821 0.0362329201871 -0.00647520480771
-0.052821863606 0.0393602587284 0.00640488078484
-0.0327123796671 0.0333634736844 0.00485343528812
-0.0113257373753 0.0178434350036 0.00532208875548
0.0146661752432 -0.00481389974274 0.00330089414407
-0.0175979927679 0.00773693928755 0.0199848165679
0.000597437806663 0.00418484546094 0.00387240619041
0.0414733866502 0.00546811982683 0.00589556769236
0.061647252555 -0.0166490527046 -0.00607726217159
0.0591575354356 -0.0180213029062 -0.0233009733195
0.0131980458012 -0.0172052399469 -0.0356988244277
0.00444701903402 0.000364736488536 -0.00583189846056
0.0118575674725 -0.0143398476562 -0.00949763640444
0.0563698825533 0.00184251291985 0.0050850695125
-0.0390320298692 -0.00944009518553 -0.0241007574912
-0.0234426274163 0.0270907550328 0.0129158653608
0.0113807799712 -0.017527270234 -0.00319920307708
0.00855458211702 0.00877212449295 0.00297212954428
-0.0158662824045 -0.0454279716114 -0.015101080884
-0.0304755409036 0.00379919395651 0.000699391077215
-0.00665868105422 0.016074016972 0.0359757770621
-0.0368490396481 0.0224203772428 0.0127090706634
-0.0163894140071 0.00751091297833 0.0058984813461
-0.055282926369 0.0236245624805 0.0108637719637
0.00819118358375 0.0118152661357 0.0216360148935
0.0186296142865 0.0293093613836 0.0185614631898
0.0283323619586 0.0239426028655 0.0184941411343
0.0183378651235 0.0167958898775 0.0388487634634
0.0207572234075 -0.0011057770996 0.0507916426962
0.023962673815 -0.0287907399555 0.02009518744
0.0131393389854 -0.0450059415905 -0.0675131488153
-0.0257879029023 0.0291172426739 0.0124426479742
0.0635021909214 -0.00173916835661 0.00348672549519
-0.00269071361718 -0.0318984832082 -0.015342418282
-0.0141067026578 -0.00157919071244 0.0135129244593
-0.0526643110663 0.0374408351749 0.0584927111015
-0.0387833862573 0.0153213960344 0.0317313233684
-0.0298964299262 0.0420582186672 0.0546524375446
-0.0605116335376 0.0292843096779 0.0485606749878
-0.0658032218926 -0.0552981285178 -0.0369832057845
-0.0315112527718 0.0229114392087 0.0474300651103
-0.0845832347308 -0.0324084662331 -0.0254432185179
-0.0218801926114 0.00346694555568 0.0158848284004
-0.0670077835885 -0.000981801009565 0.0124157564114
-0.0118974109818 0.00160525854451 -0.00583459019459
-0.0414863833541 -0.0275776035363 -0.0101947266703
-0.054357933714 -0.0235737142665 -0.0222060730887
-0.0522344642325 0.0189016904341 0.0395280847013
-0.0673048825543 0.0300019610899 0.0545164863557
-0.0534513194303 0.0270959133541 0.060528637228
0.0187840215015 0.00170579277231 0.010724283138
0.0165411575408 0.00503846402571 0.0062055131441
-0.00640334382967 -0.0115835065626 0.0147108588201
0.008022445438 0.0169870220448 -0.000685183411269
-0.00134583644743 0.0171348450013 -0.00906328324464
0.0168242610263 -0.0029186089884 -0.0214331867847
0.0302661583797 -0.0146162057833 -0.0189561891565
0.0121316815526 0.0140552341644 0.00816833140677
0.013725329166 0.0103056797381 0.0148051088377
0.0355787997431 0.00158648393489 0.0117187366057
0.0612461585494 -0.000462414786999 0.00531191845605
0.0600448378464 -0.00686330573648 -0.00824921629495
0.0145492891833 -0.000352834218294 0.0118949163772
0.00598111238557 -0.0237967317663 0.00596051998189
0.0195971991361 -0.0299154586512 0.000607818917889
-0.00660479416375 -0.00487520332086 0.0103244606188
-0.020738923196 0.00232677613984 0.00611408991114
-0.0327795244115 -0.0121527754153 -0.000413938128065
0.0201093254552 -0.00853957017822 0.0609252600307
0.0309208585478 -0.0119029565455 0.0427167368858
0.0128162211226 -0.0206013424449 -0.00245291813374
0.00165811271231 -0.0264153483569 -0.0146255434346
-0.000827040260242 -0.0474003784471 -0.0227638495753
0.0359728656734 0.0100180365016 -0.0157887130843
0.0832968831977 0.0134222149068 -0.0236207004166
-0.0573396904916 0.00304434899209 0.00414089375559
-0.0632905787124 0.00498899901957 0.0100804546625
-0.00540327374399 -0.0351750258017 -0.00296158272475
0.0101485921615 0.0126536855969 0.00932985878102
0.00203036449036 0.00713130447913 -1.82210805781e-06
-0.0168719203116 0.00780497129671 0.00327111101506
0.00541560608234 0.00151642301354 0.000912941479443
0.0198169299289 0.00395642003756 -0.00420722210685
0.0218177733819 -0.00625155215525 -0.00784188256292
0.0256117313384 0.000902370780755 -0.00518250757382
0.0317204378872 -0.00821474026085 -0.0157980760533
0.00075901711731 -0.0127811076623 -0.0274060871188
-0.0338287571937 0.00380044810283 -0.00575399453895
-0.0537162266136 0.000776491292474 -0.00835665607593
-0.0432406292849 0.00306375089696 0.0031852451092
-0.015290992741 0.000202509635222 0.00645178618077
0.00813057037125 -0.00840622212033 -0.00010468984266
0.0268635901647 -0.0164622211883 -0.0133600584436
-0.0225709966283 -0.00531723161281 -0.0185464941106
-0.0100508537988 0.00961836588472 0.0122013764718
-0.0254305996659 0.0154925210159 0.0276327697387
0.0481537010331 -0.0444544216627 0.00202876366162
-0.0712329147377 0.0402476380551 0.0705425792102
-0.0680047085007 0.0364402639929 0.0751870009631
-0.0477585336492 0.029903184097 0.0600390784158
-0.0391868412582 0.0273186070705 0.0641358312504
-0.0131337628059 0.0183893852038 0.0373601088509
0.0279110036578 0.014404289541 0.0269755047545
0.0333562401929 0.0131248177199 0.0177002579538
0.0494702480967 0.0146249389173 0.0508556829274
0.0311062478992 0.00838678396529 0.00261916978545
0.0292693186426 0.0174664694234 0.0509710473467
-0.0123967952313 0.0204081280557 0.0571685427354
0.0252291106071 0.0038653331345 0.0194126802922
0.0584246162911 -0.00889729719701 -0.00550133999238
0.0409596563793 -0.0118428161919 -0.0073936409764
0.00841566440931 -0.0120785954614 -0.0181204565432
-0.0537291535339 0.0287177503462 0.0511908673508
-0.0260665727312 0.0163206351894 0.0348730303178
0.0332633772267 0.0107792988138 0.0269094373051
-0.0541972821673 0.0237181280374 0.047457147593
-0.0692427372671 0.0302493958149 0.0593563419706
-0.0512774076156 0.0136553176612 0.0260274733185
-0.0200371114464 0.0131064139551 0.0216846911733
-0.065613484947 0.0102912951658 0.0218230243138
-0.0638111384486 0.000938919970834 0.00861024146045
-0.0530674484235 -0.0393151741655 -0.0383764224761
-0.0352407969945 -0.0252680958482 -0.031110429649
0.03686492047 -0.0189094595732 -0.0313132791055
-0.0805936146002 -0.0112546665119 0.00104209073745
-0.0828968799365 -0.0408167973022 -0.0243158201448
-0.0735208196262 -0.0190353767266 -0.00104700962376
-0.046782619245 -0.00225616549148 0.0161292116456
-0.0167127148289 6.93848909882e-05 0.0160464899699
0.0343923496448 0.0230372025274 0.0392281535032
0.0190531157109 0.0166588054924 0.0298745359912
0.0182696927009 0.000671820206086 0.0209196311755
0.0366110304111 -0.0121172204601 -0.0159286276673
0.050588725276 0.0193780563214 0.0500248090927
0.079085502626 0.00692766045678 0.00453045660941
0.0230535520962 0.0158538744472 0.0302832894599
-0.0830327839617 -0.071743750784 -0.0715783826136
0.0452095033945 -0.000990940191186 0.00812861416968
0.0536933721893 -0.0118664963216 -0.00522784738607
0.023466564945 -0.00907058177748 -0.00233372735733
0.0361675180438 -0.00309733080323 0.00376781463403
-0.0451416287023 0.0435712401307 0.0604026853224
-0.0222162075093 0.0375789839153 0.0480800671814
-0.0290920556181 0.023925966232 0.0400838102095
-0.0117020762507 -0.0175601306709 -0.0308320089067
-0.0528574176103 0.0449122784897 0.0665151879452
-0.040505915007 0.0334308741351 0.0457599254836
-0.00740619049896 0.0285004566887 0.0369492021208
0.0447763435164 0.0181786424062 0.00731790000184
0.0766473264085 0.021985082519 -0.00650499808362
-0.0165141880524 0.0237959053963 0.0309878643711
0.0535146537926 0.0032653338213 0.00593953323161
0.0543892770804 -0.0046160426309 -0.00787314521119
0.0460161669555 0.00788837707859 0.00976542883571
0.0498902484664 0.00538145467732 0.0102330949415
0.0394310702666 0.0115210776279 0.0292412757782
0.042864568349 0.00286330303602 0.00451366089468
0.0432680277011 0.00438482035024 -0.00368796192441
0.0208902685736 0.0155513481853 0.0243530804163
0.0219206639867 0.0124520900805 0.0182517495654
0.00734874670075 0.0145794394134 0.0294877349884
-0.0341242407833 -0.0114190168931 -0.00976334769505
0.0236663391081 0.00899083457077 0.0261745287911
0.0108064295855 0.0161927887407 0.0253787564027
0.0224158113303 0.0160497275027 0.0243907943056
0.0321657715582 0.0161536430313 0.0339001332735
0.0310532819043 0.0164138224626 0.0417252208568
0.0242959159865 0.0124041870246 0.0300002784558
0.00424269692029 0.0149579972407 0.0264312579579
0.00542441949893 0.0118233280865 0.0261730209412
0.00847940966981 0.00563354225508 0.0231150825399
-0.0127860302932 -0.0109514946858 0.00728936838582
-0.00596168914459 -0.0216078869193 -0.000646662190188
0.0282733733883 0.00725074922204 0.0244398307151
-0.0171013721101 0.0531423113657 0.0377568357495
-0.0426566680003 -0.0416362766361 -0.0197235055694
-0.00219305283743 -0.019683991616 -0.00526529429098
-0.0194368650186 -0.0241416969359 -0.032215324763
0.0974317390821 0.0471805242635 -0.0211420102369
0.0717775711122 0.0692022404518 0.0207865108143
0.0317147896126 0.00920785065918 0.0270783551432
0.0435632364708 0.0193295352763 0.0421694376151
0.0438167542264 0.00772745405086 0.03211399511
0.0114330786859 0.0152374832886 -0.00511746761794
0.0631075019531 0.00715675538817 0.0390694032031
-0.00289192790162 0.0180504099967 0.0364435355009
-0.0393376977497 0.00786671029889 0.0220564501227
0.0110549149089 0.00785832064294 6.55812684983e-05
0.0323013599051 0.00296197211831 -0.0135843802895
0.0647860938762 0.0010512206385 -0.0237533713948
0.0837421461309 0.0108133076021 -0.0156724743748
0.00167561054682 -0.000833597129513 -0.00903420157455
0.0273706251305 0.00566052823756 -0.00931205626925
0.048674378129 0.00389813466079 -0.0128731515142
0.0666032410229 0.00178689164128 -0.015682943516
0.0423961657821 0.0015271612841 -0.01513366212
0.0796897017777 -0.00144808784524 -0.0266113650214
0.108196983402 0.000449385759654 -0.0303579136444
0.0556018106124 -0.00289533285662 -0.0310733008758
0.0303404723661 -0.00225025941853 -0.0221472252741
-0.0242965952249 -0.000641192173637 0.00376981802982
0.0202977299745 -0.00133270297675 -0.01876251936
0.0150087326658 0.00156687146009 -0.0201384269849
0.0114289310665 0.00607388978636 -0.0105017808938
0.0358982947755 0.00682312601245 -0.0170723420164
-0.0291508303784 0.00697100207586 0.00188235864942
-0.0653724838658 0.00335451306181 0.012733866394
0.00966961931699 0.00752100278112 0.000874449049372
-0.0544166385927 -0.00414009630579 0.0113552591113
0.0472126982551 0.00116385606096 -0.0103935273918
0.0548215113111 -0.00113404082034 -0.0333078388715
0.076186852167 -0.000251244179628 -0.0343282408358
0.0869088677671 0.00364836810317 -0.0342786826802
0.0134603431984 0.00596093351922 0.0117331013696
0.0161599280837 -0.00881276098779 -0.00209669428853
0.0185878415292 -0.00201732452739 -0.00699953532307
0.0777284752281 0.00664368463669 -0.0304437202396
0.0341864866056 0.0125491976112 0.0315456840046
0.0115311839135 0.00440284684024 -0.00726486328828
-0.0127929657697 -0.0144155310721 -0.00902325515835
0.0667429372885 0.011650231741 0.0330374324956
0.0434269088428 -0.0055408726344 -0.00171564303519
-0.00659896873361 -0.0170408191571 -0.0122950363026
-0.0213717847986 -0.0246730690993 -0.0234276499224
0.0782508569156 0.00525055989976 -0.011950017055
0.0839181141487 0.0177751136139 -0.0137828920276
0.0348710909503 -0.00489169550614 -0.0187499796904
0.0752721054782 0.0172127465255 -0.0211924703452
0.0159684245938 0.0516535831111 -0.0462711484721
0.0440750510094 0.121406580042 -0.000301646065539
0.0773020833423 0.0353434475913 -0.0068722242427
0.102937362247 0.0590617006403 -0.008090722369
0.0794984521356 0.0785319445515 -0.00379320027333
0.0019808743171 0.0858267535111 0.0548403994715
0.068593874023 0.113713895518 0.0242669242762
0.0509260687287 0.0819543616173 -0.0288874583392
-0.0661337378353 0.0859206277857 0.00864980968511
0.0324597320256 0.0843036399623 0.0536414518823
0.0349502874949 0.030863742707 0.0283357796432
0.0770935424441 0.0528747185402 -0.0406115615942
0.0473556064958 0.0285464469655 -0.03844400286
-0.0138708635911 0.0271091470262 -0.0283118964345
-0.0337565719293 0.0336315355056 0.0136011279445
0.00810890206282 0.0336509006451 0.0376219956429
0.0225092018128 0.0313012310277 0.0361380452726
-0.0487582759622 0.053136572197 -0.0239764764214
0.0195763071916 0.0534511820687 0.0519137371842
0.00980493455116 0.0547356841932 0.0470295193172
-0.0187472568947 0.0856566019079 -0.0363556440064
-0.0393301876119 0.129043284378 0.00428829444793
0.0802058533728 0.0212310058545 -0.00753286469448
-0.0584338911055 0.0389650382933 0.0651107906672
-0.0803971173176 -0.0635389099128 -0.061685260689
-0.0895488270978 -0.0586216205253 -0.0519522239274
-0.0749293853 -0.0648502322057 -0.0598058919715
-0.0601403944578 -0.0469637259855 -0.0518952986468
-0.0647386642586 -0.0386091223499 -0.0395117085021
-0.0507153640188 -0.0313915169319 -0.0326257748523
-0.0567126830851 -0.0578212093468 -0.0592778161632
-0.00981912127414 -0.0434907168919 -0.0484713803789
-0.0327043552404 -0.0396469646617 -0.0346974621077
0.0223609785074 -0.00105714636003 -0.0199771671118
0.0110835815981 0.00291097098761 -0.0096616323365
-0.00400179382523 -0.0128939030672 0.00469315500713
0.0543715011703 -0.000449940195407 0.00453461948139
-0.0485261626453 -0.0206982845993 -0.0219116983502
-0.0421546707019 -0.0108473586135 -0.0125179364312
-0.0354584791755 -0.0119552428871 -0.0211627161687
0.0019884568116 -0.00862520222778 -0.0190245778059
0.0296365020816 -0.000681468729478 -0.0159205048805
0.084701981576 0.00566910405497 -0.0167617218808
0.0527716882817 -0.000614596795867 -0.01378300359
0.0622790084742 0.00648646756759 -0.0141534595722
0.083017685356 0.00384787987825 -0.0192454122837
-0.0398465573467 0.110990419421 0.0457846264053
-0.0367767042981 0.0783058662094 0.040460747218
-1.34655461074e-05 -0.0215616666581 0.000803794371014
0.0119598101525 0.00173715497843 -0.00104798348102
0.034421650256 -0.00926860239575 -0.00361691180789
0.0315905997035 -0.0105099837789 -0.00870314542911
0.0114371099988 -0.000764370686017 0.00383602448515
0.0220148321786 -0.00280750510654 -0.0077698047652
0.0424060103936 -0.00546527345624 -0.00127230490733
0.0709883070789 -0.0112474349409 -0.0067143325443
0.0775006709906 -0.0157063887825 -0.0150216048487
0.0692707171824 -0.0193638282444 -0.0177047406517
0.0520021889238 -0.0178045652188 -0.0243225617392
0.0361873633859 -0.0142426425544 -0.0268352790028
0.0274593633201 -0.0155187096406 -0.0340353833068
0.0322298480201 -0.0176647189285 -0.0307031411044
0.053448194853 -0.0164867316254 -0.012423378212
-0.00761431112469 -0.0189656483025 -0.0385721827789
-0.0261399747399 -0.0159262539974 -0.0337501601119
-0.0522256479809 -0.00804061936918 -0.0181908500923
-0.0622351292051 -0.00249960250879 -0.00419909169303
-0.0597240139914 -0.00935669778544 -0.0100472460709
-0.0485966202069 0.0062458422079 0.00984188357867
-0.0437911091624 0.0092983359928 0.0128761394303
-0.0204621362097 0.00599413217505 0.00984339138843
-0.0579795375582 0.00977213490524 0.0173742369831
0.00578348856871 -0.00161620454696 0.0087551752179
-0.00615978002844 0.000741177828604 0.00852110300346
0.00662250961432 -0.00326751256553 -0.00361016794185
-0.0238754359153 0.00734482454919 0.0186846599189
-0.0399312214541 0.0156315591693 0.0309641805399
-0.019329690963 0.0102435901122 0.0165948342319
-0.0354932683136 0.0161130392153 0.0253407498722
0.0176637532267 -0.000162709579649 -0.00723049206179
-0.00132821160929 0.00600570182889 0.00403372992942
0.0219060972185 -0.00395743917586 -0.0069360505238
-0.0209726195533 -0.00393169092742 -0.00113649337018
-0.0239206043663 -0.00680039235236 -0.00763339219546
-0.0266471025984 -0.0209635791333 -0.0181846211206
-0.0379506820287 -0.0405898270624 -0.0239686819828
-0.00770433030971 -0.0203521135353 -0.0204314627509
0.0253068706174 0.000984890437651 0.00417382662578
0.0271369167205 -0.00457012717507 -0.00279396826581
0.00188033664892 -0.0060923038704 -0.00947190010814
0.00292999558004 -0.0125732670395 -0.00510473559651
0.0156713086494 -0.0178234110516 -0.0204525273486
0.00982668130585 -0.00533676316105 -0.00368109496512
0.0112374097177 0.00271154924681 -0.00582194232477
0.0245521569359 -0.00254196406156 0.00649002720153
0.0317576828399 0.00502546491671 0.00332982413032
0.000870595581901 0.0100812756348 -0.0125613490545
0.00824215854216 -0.00253929612524 -0.0201643308672
0.0230693245465 0.00389337684126 0.00377979856338
0.0149214284374 0.0140555374581 0.00739417484074
0.036576033497 0.00618427122998 0.00611520353459
0.0480772746001 0.0109575257959 0.000701945737491
0.0371731546416 0.0103802576788 0.00343457076296
0.0538364414218 -0.0085690501591 -0.00567621803876
0.0199622835366 0.00621644289025 0.00335850778254
-0.00944751546453 0.0216619851928 -0.00386871012029
-0.00465039516323 -0.0319265700379 -0.0102674840231
-0.00647516785878 -0.0214742879377 -0.00497868631975
0.00774610876688 -0.034693437722 -0.0196302760335
-0.0202599704614 -0.00154042446264 0.0150164373754
-0.0220985548445 0.00177984197767 0.0149167408726
-0.00823103794681 -0.00688453516499 0.00270522051422
0.00471227392055 -0.0179184628174 -0.0063146351333
0.00529804604782 -0.0111894594923 -0.00829191710787
0.0316986365066 -0.024315793965 0.0551861786503
-0.00619602288305 -0.0577256038895 -0.0323908606189
-0.0237286984505 -0.0613640711477 -0.0363727704769
-0.00328574018743 -0.0699826376902 -0.043735244407
0.0155404037473 -0.0440310610322 -0.0219894112427
-0.0152061494922 -0.0411768792814 -0.0237085576167
0.00849185034656 -0.00952615964728 0.0122472804449
0.082352077567 -0.00302863638542 -0.0339346314709
-0.0357293065369 0.0111256276163 -0.0867801630308
0.00580697671847 -0.0030474934077 -0.00321125690376
0.0181782548887 -0.0238356659676 -0.0302110319205
-0.00752633445035 -0.0439360729661 -0.0490418127409
-0.0663823219924 -0.0343938587738 -0.016565113516
-0.0538026671165 -0.0175839303405 0.0015966601637
-0.0141715354021 -0.00885300094186 -0.0327684659978
-0.0373689697956 0.0113359391999 -0.0208458539931
-0.0442639362266 0.0238236350862 -0.0217703961029
-0.0273894316894 0.00365732241301 -0.039385891162
-0.0518096035674 0.0462046225709 -0.00704453277435
-0.0363889203018 0.0462371162726 0.013952495519
-0.0553923513927 0.04510086672 -0.00608211618262
-0.0484412436865 0.0358189993146 0.00720624008977
-0.0405363456455 0.0377856638607 0.00782706369123
-0.0335287563035 0.0370939388838 0.0064535998261
-0.0276401312548 0.00358854658148 -0.0139516829879
0.018282138223 -0.0392248035379 -0.0379436559482
0.0187784415867 -0.0231637475323 -0.00477579092844
0.0260336004317 -0.0337439202497 -0.00392577809724
0.0345318463495 0.0142961193438 0.00176097753728
-0.00197987763467 -0.0179435326838 -0.0214826940479
-0.0345704199997 0.00340647587964 0.00775320409857
0.035516004813 0.00872949573771 0.0223780109303
0.0332059667036 0.0180952813525 0.0493437647122
-0.0117577497782 -0.00573581198934 -0.0110734422578
-0.0145845501146 -0.0144724925856 -0.016833700509
-0.0312204326231 -0.0228388975777 -0.0173315628062
0.0265095937649 -0.0165932955369 -0.0263455530117
0.0715528997024 -0.00204217107219 -0.000178528773987
0.06117103535 0.00282149306978 0.00166339105675
0.0294670239873 0.0104372198056 0.00730271602778
0.0348994325328 0.0119456163815 0.0068353152565
0.00640450443971 0.0202016380478 0.0145344409894
0.0095155270487 0.0151254170092 0.013528395993
0.0384520534829 0.0111988762248 -0.00834322683719
0.0398960334109 0.00433460803676 -0.0291325559412
0.0497985616095 -0.0164666494062 -0.0298772041422
-0.0707019251856 2.78482828312e-05 0.00855334425139
-0.00725771187204 -0.00621569440259 -0.0119671804893
0.014070620938 -0.0555835096318 -0.0355706103762
0.0212346344469 -0.0450313144822 -0.0283076454929
0.0203231786385 -0.0247865636778 -0.0183828677912
0.0123909300704 -0.0060604677028 -0.00966110636894
0.00289914531678 0.00832170611454 0.000897684369014
-0.0120376471704 0.027455919062 0.00816141928371
-0.00028916017641 0.0100366642916 -0.00561262083889
-0.00276239372915 0.0109533969638 -0.0054843352839
0.00680976852447 0.00597531938358 0.00992707903252
0.00689653147009 0.0112323176017 0.0234633350823
0.0166739133338 -0.0169943370503 -0.00163782453577
0.00437200923043 0.0261618913456 0.0455809934862
0.0169250975703 -0.0207024217733 -0.0197807842218
-0.00603387270895 0.0359903970297 0.038368362048
-0.0225301434665 0.043382900547 0.0357291329199
-0.0234384258048 0.055708442263 0.0411510089812
0.0198235776181 0.019642501744 0.0238900198097
0.0389495643529 0.0069468165211 0.00657945538634
0.0628897639419 0.00219353777964 0.0151149748692
0.0422515568398 0.00683321651052 -0.0212989920499
0.0137618746266 -0.0207324100211 -0.0148224225309
0.0018068414416 -0.0159133959955 -0.00350483287454
-0.0456141215101 0.044099185662 -0.00359590110515
-0.0438853205556 0.0536990496898 -0.00828506494715
-0.0388453026922 0.0517106323724 -0.0128254440449
-0.0416520037193 0.0291954126694 -0.0414498669826
-0.0208561052881 -0.0120132020105 -0.0759903643062
-0.0105447712336 0.0102732954884 0.0254086394805
0.00437774840314 0.00219508565856 0.0284597670379
-0.0134309184307 0.0230067848687 0.0214088475472
0.0361345857386 -0.00909355245644 -0.0204984431072
0.0118738278475 0.0435010590792 0.0532981426157
0.00242614374135 0.0611171516805 0.0501792792496
-0.0294553428833 0.0374715335891 0.0100167188172
0.0213204909485 -0.0180654530639 0.0499620794509
0.0525383783096 -0.0035725697165 0.00808086930038
0.0357730117942 -0.00555592049139 0.00628446852886
-0.00233807267862 0.000420943444975 0.0085627836113
0.0089259930766 -0.00477346922648 0.00731460726837
0.0147876483512 -0.0115775006259 -9.60986959825e-05
0.00925341436076 -0.0019603671581 0.00663069039709
0.00870648522132 0.0024289154023 0.00272704852353
0.00943823062527 0.00575293567804 -0.00408477637841
0.0121118392824 0.00345977515569 0.000422712168537
0.0241039146434 0.0072614689081 -0.0122578576396
0.0239138670242 0.00891640054701 -0.0118841282913
0.0229118978858 0.00929892552619 -0.00968789968248
0.0495031830954 0.0144035019166 -0.0139264948067
0.00184612426392 0.0205212566315 0.0457204714552
0.0202919929708 -0.044114093848 -0.0206970041792
0.0237479435827 -0.0653640940455 -0.0714396119205
-0.0365814296355 0.0243139758828 0.0382577867407
0.03783693688 0.0297257584937 -0.00930273756076
0.0907488738656 0.0164062400452 -0.0187894881068
0.0460062529797 0.014256855711 0.0406634436058
-0.0503020226508 -0.05765300691 -0.0599128373934
-0.00558618958312 -0.0168473862737 -0.0348374979626
0.040198821837 0.0266657866831 0.00510265819958
0.0219568508498 -0.0134422019046 -0.0247286907482
0.0101495716975 -0.0134755339611 -0.029859826376
0.0134838489582 0.0134426172022 0.0324319126106
0.0220184768028 0.0184325233132 0.0444741272185
-0.0137232944075 0.00140575063268 0.00649897126858
-0.0288208074012 -0.00405250062385 -0.00688489879198
-0.00854344288312 -0.00462966104786 0.00276390104221
-0.0374008425995 -0.0208652644457 -0.0176479022606
-0.00266079262424 0.0073708053702 0.00615919933683
0.0473018473688 -0.00189281896834 -0.00256426400217
0.0694948329098 0.0201720990061 -0.0029167649609
-0.0454770492309 0.0374629987242 0.0143345585844
-0.0496364750022 0.0371641908551 0.0158400394284
-0.0301567256716 -0.0599699976541 -0.0355929903693
-0.0404858588096 0.0211103832639 0.00222845180566
-0.0370871510314 0.0214280176515 0.00801178320774
0.0308130157648 -0.00973132751567 -0.010132225069
0.0126418089056 -0.0115698249162 -0.0123059005747
0.0380193528505 -0.0368940859113 0.0226809550607
0.049068010649 -0.0535391463156 0.0258467287301
-0.00512192866035 -0.0180207266808 -0.0127211312434
0.0162500496587 -0.0191733625185 -0.0285439841608
-0.049383438138 0.0190748002382 0.0285249612376
-0.0432099098421 -0.00336915485909 -0.000345661811017
-0.0152230761631 0.000599893670737 -0.00479018847109
-0.0506305422362 0.00217807974572 0.0113341436212
-0.0360216310826 -0.0162504325515 -0.0268240163255
-0.0355437328763 -0.0153861603825 -0.0198217463065
-0.0129460108063 -0.0163429845134 -0.0204296280574
0.00529445081554 0.00748643271512 0.0174115027751
-0.0324662851656 0.0186730917732 0.00776607069528
-0.011882845017 0.00846706495225 0.0047779073378
0.0635969430324 -0.00270539512935 -0.0171265605291
-0.00319028061119 -0.00310660581774 -0.0169763112914
-0.00679585215654 0.00704826193399 0.00617510627698
-0.00508264331482 -0.0312357289816 -0.0202414961863
0.00278410918468 -0.0264047348098 -0.00865871068985
0.0078388891577 -0.00362553577888 0.00946171142257
-0.00716533607972 -0.0519250073969 -0.0279811360374
0.0891840758671 0.0129007911667 -0.0179266270106
-0.038439281362 0.0239831661057 -0.0596115107149
0.0142936127284 0.0263106407965 0.00533769757763
0.0543046229135 -0.0490151181965 -0.0263922222221
0.0538821177688 0.0126156851662 0.000319159187947
0.00625927481623 -0.00603382867789 -0.0148776611603
0.0144531704808 0.00340583486548 -8.03110780616e-06
-0.0132547348476 -0.00551010913839 0.00802307665982
-0.0302263469131 -0.00586597890281 0.00657607171557
-0.0100546923143 0.020097472358 -0.0114578695943
-0.0223405762431 0.026139601122 -0.00531407084161
-0.0572488361519 0.0306220712137 -0.000963911015912
0.0782182728919 0.00699101461107 0.0264641691222
0.045967146433 0.0143116272679 0.0414353220013
0.0348713585921 0.0137319843336 0.00244618043655
0.00498891943911 0.011296694058 0.034692754947
0.024951102855 -0.0199357921232 -0.0128886857882
-0.0186380401191 0.00373717426461 -0.0103930395364
-0.0152488118598 -0.0177097520674 -0.0933380250762
0.042831929326 0.0108726459983 0.000561404346024
0.0066974973205 0.00835915336088 0.031614395735
-0.0205609758713 -0.0114722349104 0.00688939999617
0.0212092300174 -0.0119026599776 -0.040058185681
0.00901478637064 -0.00717482051317 0.000325762512386
-0.0364370216277 -0.042228259363 -0.0217846844915
-0.00433624798298 0.0139293662369 -0.0549691614694
-0.0569346881296 0.0236448719084 0.0449302098039
-0.024436799213 0.0310637047209 0.0101832943828
-0.0698408083156 -0.0498092340792 -0.032883603835
0.091150554745 0.0230137385698 -0.0195060524173
-0.0239709001359 -0.00388721120708 -0.0108271436905
-0.0346064668966 0.0202000338614 0.000957457724053
0.0579006859523 0.0328743255293 0.0221279636381
0.0547318019967 0.0105425654063 0.0467911260811
-0.00654245452137 0.0574865850503 0.0111702087075
-0.0302239267624 -0.0369694235963 -0.0247341452321
-0.0146467638851 -0.00853025204818 0.00423866096697
