0.0115206621431 -0.00314893437358 -0.0237405443786
0.033286721223 -0.00417245916499 -0.0184457701679
-0.0711448263585 0.0159575548843 0.0256836097398
0.0169764560356 -0.0138324473169 -0.052413428216
0.0448818726581 -0.0717672129243 -0.0114292005771
0.0607319868795 -0.027129201584 -0.00426603141324
0.0101398612313 -0.00429754874835 0.0904436123268
-0.0567298025532 0.0479850754196 0.0638939277064
0.0653019354147 0.00164284104865 -0.0279250834921
-0.0536627990006 -0.0363210673271 -0.0933562403927
0.0477174618056 -0.0223467946761 0.0200893867881
-0.0392917558479 0.0148908780187 -0.0299256150732
-0.0432258746715 0.041120339627 0.0093754750441
-0.0364709284385 0.0325733439164 0.00249056839021
-0.052804883083 0.0381926536467 -0.0137311138456
-0.0582178593328 0.0021634391623 0.014105352882
-0.0170142458468 0.00388136319461 -0.0423568375657
-0.0544788539092 -0.0103527249567 -0.0126653963838
0.0678511743295 -0.0019104801179 0.023866785182
-0.0207901680913 0.00270644695195 -0.0484882853451
-0.0254998968778 0.0279600375185 -0.00993137340171
0.0086237695775 -0.00910856645314 -0.0459328024246
0.0540387448621 -0.0224084402866 -0.0458747717569
0.0043044333217 -0.0233308515195 -0.0167541148525
-0.0184906271477 0.0130030139828 0.0185954431337
-0.042393183852 -0.0131444859281 -0.0732563329581
0.00728854312151 -0.00570684749894 -0.0305344674515
0.0135910286956 0.00229101374895 -0.0591851972791
0.0501533021344 -0.0589987915716 -0.0306463094401
-0.0309137874386 0.00847920411387 -0.0411217861658
-0.044620629698 0.00112724285801 -0.0507266259794
-0.0691847631179 0.0190392913838 0.00250784234675
-0.00609250701138 -0.00243537742914 -0.047091768881
0.000743717986358 -0.0021712565994 -0.0376702571851
0.0441104544964 -0.0301064966212 -0.0201094006857
-0.00682514935852 -0.00715056932219 -0.0582932106815
-0.0101117645769 -0.0171561941042 -0.0887833468237
-0.0347681748914 0.0269311200612 -0.0197171822918
-0.0352103177015 0.00119639078761 -0.0571576871176
-0.0247480246895 0.00387215539382 0.0644875749298
0.0667064137868 -0.0246320586572 0.0312308413252
-0.0450874765963 0.0182506219896 0.0110698530177
0.00137264348126 0.0162331592736 0.00546037063731
0.041369372836 -0.0187156875081 -0.0255640783649
0.0568195676293 -0.0120373853569 -0.0197267984165
-0.00209210012782 -0.0120538579106 -0.0712508510178
0.0695036780081 -0.0386039750311 -0.0222205557199
-0.066352731963 -0.0061338332854 -0.0470843044447
-0.024640134797 0.0124547765953 -0.0299036011362
-0.0421179379497 0.0300289481205 -0.00301826253216
0.0276798388456 -0.0125794668107 -0.0564904821082
0.0568217017972 -0.00278826215224 -0.0266330282008
0.0562638610336 0.0213454572784 -0.00142598692708
-0.0545630136993 0.0308787017762 0.0711816923996
-0.0758452341516 0.0474803937284 0.0658414546128
0.0351083374494 -0.053135023179 -0.0206740190411
-0.00878849363332 0.0229828688577 0.00735569897776
0.00532726075607 -0.010195744803 0.0126650491447
-0.0228981234791 0.0143891914917 0.0103107012589
0.0583108437196 -0.0528303456575 -0.00820352565692
-0.0557336247069 0.0513845382875 0.00974225537936
-0.0489862679359 0.0518016461238 0.021693469096
-0.0752775126634 0.052882740988 0.0453699108155
-0.00706205331063 0.00133442725997 -0.0397669762054
-0.0113279463825 0.00830185755809 -0.0303646090771
-0.0194187865872 0.0175083847062 -0.0229995935273
0.00540062296302 -0.00430804521685 -0.0245218390076
0.00607799260151 -0.00892900870716 -0.020774517548
0.0371201680542 -0.0369316381244 -0.0267754390265
0.0322251726099 -0.0422394147621 -0.0254197902423
0.0125338633041 -0.0109224121088 -0.0741961093619
-0.0302673095607 -0.0231686030335 -0.0995825266461
-0.0387455706566 -0.00409999935128 -0.0521884122121
-0.0542203638338 0.000374238553078 0.0133703330447
-0.0427094488511 0.00834222323026 -0.0427241358681
-0.0672659466767 0.0163499546517 -0.0254146056914
0.0244261954465 0.00640808008127 0.0321838477205
0.0627936796969 0.00364678796524 -0.00369719025933
0.0358509669679 -0.0129785126902 -0.0230909384861
0.0387992113182 0.0458736080962 0.0406383577339
0.0295007106775 -0.00677103243156 0.0688643300234
0.101503355927 -0.0284403139465 0.0139693673648
-0.0145258797059 0.00862200026012 -0.047396778656
-0.0121429214189 0.0053519810764 0.0433335680867
0.0272019691241 -0.0175607394902 -0.0334248503944
-0.0244019314108 0.0107809347074 0.0359196233776
0.0326993553794 -0.0404357343654 0.00987252344002
0.000296237356809 -0.0199275399865 0.0137858438237
0.00458581539739 -0.00620676511051 0.00368846839313
0.0271586622866 0.0159482943232 -0.00196225418438
-0.0764779499723 -0.0166204542265 -0.0300447044765
0.0784947528502 -0.0407381592037 -0.0401712631003
0.027405773057 0.00311882755873 -0.0178988156753
-0.03221168229 -0.00287874402203 0.0081277252053
-0.0434516368605 0.0206339348142 0.0107304801524
0.00465525248849 -0.00648479108512 -0.0256610882423
0.080067146463 -0.0307075757673 -0.0569321012555
0.0048703603474 0.00242740877732 0.0128167626495
-0.00491970184593 -0.035924965921 -0.0391330739903
-0.0590169730571 -0.0220938593317 -0.0475050503673
-0.0494741330338 -0.0190452327267 -0.0599727459906
-0.0672029568124 0.0215636053478 -0.0244031022089
-0.0550669811461 0.00279763407014 -0.0213890538629
0.0550156579732 0.0166029059611 -0.0102856927801
0.0223938319878 0.044871209041 0.0108857100995
0.0691957068528 -0.030370025781 0.00191898900534
0.0420054580887 -0.0374811165851 -0.0129790191968
-0.0064513070885 0.0232788527096 0.00429446255879
-0.00385218217387 -0.00625000173916 0.00593837352465
0.0355875531349 0.0421319798628 0.0219541763718
0.0093488489361 0.0569178891892 0.0575303890504
-0.0138502703583 0.0375997486467 0.017140912105
-0.0262237390213 0.0385328229105 -0.00742033383239
-0.0259931135362 0.0324640719279 0.0138448500593
-0.0278353862209 0.00775344142321 0.0158040073839
-0.0923965528858 0.029566216588 0.0548645650262
-0.00555968298147 -0.0342118293701 -0.0291506600338
-0.0057381138092 -0.00341757193708 0.00272960330598
-0.0643473414494 0.0543367334088 0.0720084710089
-0.0252902664401 0.0254369758317 0.0288506919463
0.0153326912206 -0.0125170052567 -0.00792686298428
0.0550173567808 0.0195646430636 0.00638964478094
0.0367123187156 0.00638832649965 0.00270911660682
0.0530254644355 -0.00140997911759 -0.0125507424284
0.0318157421692 -0.00593366091682 -0.0167407110915
0.0296584876731 -0.0139655383528 -0.0325840817133
0.00842449022466 -0.00392679564144 -0.0105532509527
-0.02482241271 -0.00486952731391 0.00444383130205
8.78955843808e-05 0.0229829228953 0.0110265582101
0.0354583813562 0.0105295059316 -0.00629835930952
0.0536075075484 -0.0257473748503 -0.0529656295759
0.0515458774645 -0.0176229762478 -0.0432860340423
0.064728558414 -0.0141278929813 -0.0442097351038
0.0161675739623 0.000641957469663 -0.0003018963778
0.024116091982 -0.000568378941011 -0.00085310102381
0.0062488995015 0.0136444838386 0.0124858119678
-0.00842557662328 -0.00831082924145 -0.0119161489959
0.0224143280073 -0.0093558542164 -0.0259539309933
0.0620471144606 -0.0243044094973 -0.0359850173573
-0.0154829836214 0.020218156694 0.0370958778804
0.110999873631 -0.0248534345716 -0.0349495699025
0.0661383578614 -0.0259162798408 -0.0357677410935
0.020755443885 0.0118043906426 0.00960541178655
-0.0104526490525 0.0403329415722 0.0153563847795
0.0666225442057 0.00648523988915 -0.00191201340911
0.0667654695339 0.00324030164179 -0.00333616549134
0.000403073156366 0.0166501795743 0.0110280061689
-0.0195791444539 0.0186589016609 0.0181263348725
-0.0587521342425 -0.00461912284322 0.00360199385058
-0.0526784292347 -0.0171695262121 -0.0240352144831
0.0360688892543 -0.00139802956864 -0.0162604381953
0.0549629070733 0.0139628072403 -0.0128685975461
-0.0199099605813 -0.00151114268786 -0.00416808781475
0.0176255466934 -0.00643124840408 -0.0113127654383
0.0231322806067 -0.0250503192536 -0.0236080937693
-2.99457290627e-05 0.0034754401197 -0.0154023707746
0.0513156636062 -0.010962498673 -0.0186693028038
0.0145668345375 -0.0228844938491 -0.00996242209909
0.00959946173649 -0.0253732147261 0.00546605027534
0.0045509480693 -0.0029986195698 -0.010815790299
-0.0143828445001 -0.00153259428916 -0.0059378742975
0.0339983932008 -0.00542711134887 -0.0283135237918
-0.0400689270004 0.00229975971112 0.00444153874752
0.0292742026651 -0.058024533422 -0.00796830783066
-0.0761516867015 0.00159358236857 0.0119180419089
0.0752105687763 -0.0109659713978 -0.020649419976
0.0806995742402 -0.0152898433505 -0.00509800264361
0.0188199723968 -0.0059713045093 -0.000620218886992
0.0136121690734 -0.0210258228519 -0.000335591094713
0.0299474522835 -0.0299987686297 -0.0082253635769
0.052250461153 -0.0337177452702 0.00612359526655
0.0575807702056 -0.036249500662 0.00477146197352
-0.00308537243832 0.00108112733164 -0.00176992716367
0.00826166206345 -0.00606218311625 -0.00699243703457
0.0136451815399 -0.0039647253425 -0.0145083232849
0.036901534589 -0.0144538013755 -0.0087047224638
0.0296048217026 -0.00167323500078 0.0163520656263
-0.0504157389368 0.0444804498005 0.0692502261431
-0.00178649668217 0.0189800294588 0.0255766776993
0.0350601160058 -0.0313419398256 -0.0233571879115
0.0942615662043 -0.0512029565795 -0.0465473727923
0.0155244871635 -0.0524783244108 -0.0641247209228
0.00470788728142 -0.0358143726018 -0.0445595899774
-0.0365316877245 0.0389774179272 0.0335741478184
-0.0652823370095 0.0381473566081 0.0461121493408
-0.06158579027 -0.0132883591575 -0.00770152266879
-0.0980323263734 0.00599145706927 0.00237382776001
-0.0341986145337 0.0398765988931 -5.9967936999e-05
0.0619236674673 -0.0289773901007 -0.0527912782611
-0.013708854411 0.0165990812941 0.00173349646836
-0.0229413128262 -0.000307477841008 0.0111873471145
-0.0668727722385 0.0310228398034 0.0310863453115
-0.0583790814347 0.0013596771189 0.0253947714199
0.105178491292 -0.0347984057158 0.00989313293118
0.0902558249898 -0.0240126051132 0.0517017886089
0.087593665038 -0.0314520978476 0.0233044863456
0.0651510994599 -0.0205332216663 0.0619655964161
0.0622738367026 -0.0185760045226 0.0230589258644
0.0266194276778 -0.00806066795455 0.00674293936878
0.030355191608 -0.0120475906036 0.0612829329705
-0.0244727838449 0.00960259090571 0.08967648047
-0.0422665112621 0.0168827131138 0.101118469088
-0.0389236449415 0.00574678844237 0.0269930157428
0.0471675733303 -0.0328707540008 -0.0126839484771
-0.0746791316063 -0.00698497694836 0.010565981373
0.00336503059569 -0.0205703311117 -0.0156323383187
-0.0518399285081 0.00983501770601 0.0267207156509
-0.0643801806425 0.0411266068425 0.0545583142489
-0.105659899493 0.0464954417898 0.0716483496322
-0.0102971961779 0.0134163339004 0.0135857062844
-0.0158442578431 -0.00175794870922 -0.00611907928534
-0.00828262016367 -0.0356869280712 -0.0410495860816
-0.0382075793057 -0.00792755837971 -0.00230129538674
-0.0140298909718 -0.028399751205 -0.0371427516753
-0.114528393465 0.0546533114247 0.0833737723274
-0.0303592327576 -0.00214072699494 0.000217429713099
0.00610903111365 0.0112485677848 0.000813981988023
0.00805904958367 0.010658619531 0.0170821320615
0.0377325230077 -0.0054169953496 -0.0454883623209
-0.113778069084 0.0651786587751 0.0932586063679
-0.0855840548805 0.0552956847805 0.0746984576599
-0.00858931080708 0.028939343517 0.0338893628559
0.0943816182312 -0.0045825238377 -0.018221869094
0.0091048243767 -0.0255988125018 -0.0170840655111
0.0494272823184 -0.0747422106711 -0.0233432053473
0.0137700830316 0.01698053175 -4.27034984166e-05
0.0102189692878 0.0158240931541 0.00359537466658
0.01369895442 0.0076113773313 -0.0115962167188
0.0482348810614 -0.00701655153452 -0.0230293995495
-0.000937875161176 0.0239560027702 0.0044160207721
-0.0236136866184 0.0107655458456 -0.00278647888438
-0.0486145706453 -0.0104242441171 -0.00993991792281
-0.0639138036392 -0.0226230440794 -0.0198210720747
-0.0523881625728 -0.0364889587945 -0.0457015640708
-0.0308316704347 0.00930408511181 0.00367632946809
-0.0356363797491 0.00830502483787 0.0111913166977
-0.0620186855911 -0.00457897311849 0.0111747832685
-0.0127258254193 0.0262164587478 0.0152447684624
-0.011311500269 0.0209283673942 0.01574856881
-0.0150622002255 0.00346480005635 0.013180374082
-0.0581742095997 0.0313042146551 0.0717671950807
-0.0397340412722 0.0267592477768 0.023683753572
-0.0744408158501 -0.000479727863908 0.0140832951292
-0.0562639493216 0.000983728393583 0.00922396709217
-0.0358105573445 -0.000103872109876 0.00743376325289
0.0365976626274 0.0122641401626 -0.0166963400072
0.0590620456786 0.0210317839132 -0.0134758215095
-0.0908221041078 0.0400059613848 0.0595664937505
-0.0594924411222 0.0320135635336 0.0546124443342
-0.039997825895 0.00829703333837 0.0152200341462
-0.0294761629389 0.00956635092126 -0.00623048046244
-0.053513415567 -0.00129808166944 -0.0148652882922
-0.0505398854237 0.0261413384521 0.0165064766676
-0.00166713726654 0.0236378596015 0.0155621006224
0.019781528503 0.0147364520698 -0.000657189723334
0.0306455407261 0.00998559849933 -0.00102701863881
-0.0641322005331 -0.0250585165272 -0.0370624969361
-0.0640708412665 -0.0354177320555 -0.0496546413991
-0.0686571544338 -0.0276131009799 -0.0413889538156
-0.092089484739 0.0162370836039 0.00643028991651
-0.114202122667 0.033088926111 0.0316629992375
-0.0776924425055 0.0365118857374 0.048240519614
-0.0232274038578 0.0248810723083 0.03247728141
0.0302287061157 -0.00524161179057 -0.00298464783676
0.0543335553326 -0.0156214079062 -0.0246721042563
-0.0899801517653 -0.00579566757502 -0.0162617193554
0.03147214872 0.0132579751232 0.0197721119031
0.0357261407925 0.0218605676381 0.0210719096479
0.00292986491555 -0.00617960930229 -0.0205479306841
-0.0543295725748 0.0425755451029 0.0544937154285
-0.0297574402312 0.0287608065684 0.0371751562443
-0.0208630328396 0.00737400051757 0.0108683702425
-0.0053372265644 0.0108727604532 0.0134644634463
-0.0205453999152 -0.00402807811448 -0.00266401257614
-0.0647976319963 -0.010964886317 0.000626848252199
-0.0640849608316 0.00318028791594 0.0292240853552
0.0608261425835 0.00530066794757 0.0163855903921
-0.0328368198244 0.00232035707516 0.00873354097687
0.0360600838971 0.00862741269088 0.0230198881638
0.0367825231538 0.00695066621072 0.00332244549648
0.0604235056166 -0.00508969156392 -0.017244694917
-0.0150955654826 -0.0124360992526 -0.0146446262963
0.0811255677194 -0.0125805511661 -0.0245050472363
0.0787394271036 -0.0072997002779 -0.013047111443
-0.0230922536659 0.00246463551381 0.00301781238792
0.0326861274576 0.0192300965675 0.0147436033916
-0.0292586926562 -0.0120992117971 -0.0104660185072
-0.0194053487981 0.0401787792995 0.0479360162998
-0.0503470816044 0.0460082508314 0.0587944993491
-0.0343305380577 -0.00266043333244 0.000630340056186
-0.0583252280745 -0.00547258906209 0.00654885951055
-0.0190409240346 -0.00243781331921 -0.00683264832519
-0.0106585359695 -0.0160281673014 -0.0238080809637
-0.0205338623032 -0.0499262464719 -0.0465785837794
0.00447161727401 -0.027063414681 -0.0483806145081
0.00632118867138 -0.0328681522182 -0.0398500350557
-0.0177016022325 -0.0103007222272 -0.0164358092758
-0.00773204612892 -0.0165573532199 -0.0228789750706
-0.0203650779554 -0.00532452123708 -0.00427911869987
-0.0374307451137 0.00161290680996 0.0148358572177
-0.0161183644142 0.0137246011131 0.0356421382913
-0.0265038573711 -0.000565907212669 0.0145951700952
-0.0151752563066 0.0142629388341 0.0453049646961
0.00445163941464 0.00799043682358 0.0281872705838
0.0620389458683 0.00384764953295 -0.0310094125828
0.00180731049578 0.00401411193776 0.0409436756594
0.035670923094 -0.000458732233043 -0.0179112247715
-0.0137355389854 -0.0170599180799 -0.0168814001692
-0.0314246545544 -0.0623435644015 -0.0687702888724
0.0209173414141 -0.0107905996132 -0.0193713082758
0.0374675990575 -0.0133406101785 -0.0217293910209
-0.0154762756965 -0.00619500473147 -0.00520745098793
-0.0612162799367 -0.00751193310702 0.00177562909642
-0.0305123911176 0.0324629083186 0.036146810705
-0.0259381538612 0.0233270092408 0.0280407139262
-0.0528131300282 0.0247028079149 0.0379462791445
0.0248318424946 -0.00561193849773 -0.00260882436404
-0.0178621258576 0.0186290735852 0.0183215793785
-0.00601001120611 -0.000174671113054 -0.00358111142127
-0.00188942703977 -0.000505553855022 0.00327111084392
0.0111155495097 0.00919625619366 0.00436896227911
0.0345973879938 0.0250451777991 0.0022218700044
0.000283761046338 -0.0135231706795 -0.0105703766066
-0.0590926079553 -0.0106649443936 -0.0026168119192
-0.0570115640585 -0.0096549774603 -0.00345066125976
-0.0749559411322 -0.00565763042857 0.0115564041415
-0.0663323434092 -0.000364566856368 0.023597771243
-0.0249715716595 0.00645096027005 0.0363780464361
-0.0592022703983 -0.00254721313272 0.0125503603335
-0.0410309793973 -0.00540872981805 -0.00189647788196
-0.0737746170676 -0.0044280344342 0.0151027141474
-0.00733987715873 0.00981071863723 0.0192904632811
0.0435507979827 0.0143716722381 -0.000739110633704
0.0458942718032 0.0194351357027 -0.00600848780641
0.076218772151 0.012862169468 -0.0159349440675
-0.0628365611326 0.00355187752178 0.0284959970662
-0.0428236745019 0.00955436541147 0.0390988601209
-0.00990503832721 0.0107833242121 0.0425523908556
0.0353966654681 0.0127867332847 0.0354232514067
0.0150013984023 0.0156443456352 0.0434498930805
-0.0408617114043 0.0107952801768 0.0387590730453
-0.0143422335609 0.0155874835481 0.0441579058078
0.000520274233807 0.0150282804775 0.0409393391851
0.00399596424934 0.0131901226977 0.0300323684887
0.014993571281 0.00527488431437 0.0127971443127
-0.00527273583948 -0.00325709379978 0.0049655769277
-0.0433906719302 0.00170271742914 -0.0141214005077
0.0125704528278 -0.00692343983016 -0.0104070334751
0.000358001080935 -0.0249130172182 -0.0292536281147
0.0210054404955 -0.0294180482729 -0.0650362633081
-0.00571511996369 -0.00586477009857 -0.0255824331218
-0.0254183832797 -0.0242791613639 -0.0203607545912
0.0139840829602 0.0120568071648 0.0373927953673
-0.00990031336262 0.00303962466965 0.0310482483198
-0.0199769383228 0.000272062705286 0.0206668818623
-0.0412409888008 0.00872914874155 -0.00335610817034
0.0304671232059 -0.00124948573237 0.0129732374413
-0.0688628935036 -0.00523649981033 0.0143620721062
-0.0510041149654 -0.00214663278556 0.0106233295689
-0.0108318790419 0.00889258099532 0.00823624582857
-0.0085220098291 -0.00316691761893 -0.00765196333117
0.0191476232831 -0.0051771714981 -0.0151019293138
0.0447437243498 0.0046762300363 -0.0161203256589
0.00955677072327 -0.00447510797266 -0.0201720950742
-0.0231895180976 0.000931597098647 0.000925115479051
-0.0177693441012 -0.00593381036276 -0.00757690304642
0.00422694602674 -0.0104526725399 -0.0158617023199
0.00907946012473 -0.00730309493021 -0.0165868358532
0.0169272545648 -0.00897084216528 -0.0170463372285
0.0520686207498 -0.00399132933545 -0.0226177413875
0.00684262014526 -0.00391526015355 -0.0128165259904
0.00788357723342 0.000800298636735 -0.0076935734055
-0.0112073005927 0.0100335337946 0.0138109482045
0.025629953348 0.00404887144424 -0.00530754093603
0.0345250057897 0.00521819360117 -0.0105428600338
0.0491482756171 -0.00355923259185 -0.021738831972
0.0701702777617 -0.00464693797755 -0.0372185881938
0.00788398870805 0.0105582040357 0.0108020390576
-0.0352749385701 0.028545475774 0.0473178523774
0.0697060358343 -0.0177495577994 -0.0384260556125
-0.0224814863203 0.0213556932452 0.0383377679499
-0.0189437642848 -0.00649454452835 -0.00823249761379
0.0459055590918 0.00511449621736 -0.0171943497168
0.0444393113807 0.00518270226095 -0.0152250804299
0.0673985492947 0.00858895632617 -0.0230876220907
0.0112107167604 -0.018476431531 -0.0122560888359
0.00820004975905 -0.0141913907507 -0.0102520088115
-0.00450874605563 0.00938360623468 0.00660734466318
0.0806584893943 0.00807503919872 -0.0303572050123
-0.00732152271829 0.00132935561879 0.0191971270312
-0.00781068202687 0.00389471230775 -0.00158874858556
0.0333070544839 0.00443889764199 0.0101307643537
0.0671251852342 0.00112141532276 -0.0173136150015
0.0640576025938 0.01111879614 -0.0104575781096
0.0679593427055 0.017005466577 -0.0141979798732
0.0579873840108 0.000352378276621 -0.0422054917967
0.0385800412635 0.000444467924925 -0.0240637459442
0.0281790903866 -0.00921461201835 -0.0369853247871
0.0405481812157 -0.0135031277842 -0.0503863434169
-0.00510731450448 0.000651616337606 -0.0193343157803
-0.0370035210977 0.0150730481498 -0.0132829249651
-0.0293050003883 -0.00147880852676 -0.00544627017574
0.00130098689112 -0.0242133973382 -0.0408389420171
-0.00686908481357 -0.0156880577683 -0.029146626029
-0.0228354683215 -0.00807500286895 -0.0158456723811
-0.0352552301925 -0.011024662902 -0.0174821953137
-0.0333775241881 -0.0168694157454 -0.00927055501042
-0.029545970969 0.0048097015686 -0.012451109568
-0.032394154379 0.0192074682036 -0.011208136512
-0.0353007884765 -0.0237915180554 -0.0176655570542
-0.0182611604575 -0.0241877846445 -0.0230270557634
-0.0234328768225 0.0022768533319 -0.0213556623393
-0.0300136770885 0.00756594330339 -0.0170341888848
-0.0462294312167 0.0172725563517 -0.0099447813126
-0.0527364936384 0.0126220669779 -0.0081779751233
-0.0418089354956 -0.000392240374291 -0.00292267759637
-0.0252606851566 -0.00748041825164 -0.00959199445413
-0.0418658229769 0.0233088157462 -0.0106049016326
-0.031036345494 -0.0207495273704 -0.0213425741295
-0.0334519350996 -0.0102736377711 -0.0174972025927
-0.0312104593255 0.0199101894738 -0.0079717198986
-0.0193792653786 0.0143989977361 -0.00300738868311
0.0427217610838 0.0206189002854 -0.00306649641418
-0.0196557625399 0.012537801745 0.0127898449697
-0.0270253101391 -0.0560196721249 -0.0571859684046
-0.00670215147335 -0.0339285199961 -0.0465301486602
-0.0186722422799 -0.0508634783692 -0.0587274539271
-0.0126394402638 -0.0519582265483 -0.0757231257234
0.00395785949549 -0.0374941956052 -0.0692036326023
0.0280300597676 -0.0235712424896 -0.06516082842
-0.0277098794702 -0.0599701998872 -0.0679214942386
-0.0183454210189 -0.0536129009554 -0.0567004774104
0.00210254125274 -0.0330080921598 -0.0462657563377
0.00245165429279 -0.0325197310305 -0.0516415653582
-0.000432028881169 0.0151549572687 0.00466444783807
0.00164015060269 -0.0150737347588 -0.00965126867269
-0.0261634831684 -0.0122442367343 -0.0128997988768
0.016252680568 -0.0186893130263 -0.0505449321912
0.0267058939665 0.00536573273179 -0.0221952938725
0.0136137901083 -0.00291954352724 -0.0239655452334
0.0141388866903 -0.0163314169267 -0.0358549813098
0.0219209258477 -0.0109669137231 -0.0283548228177
0.0354196239893 -0.00716890332241 -0.0238868899498
0.014108813707 -0.0185636296307 -0.0189784605431
0.033893202219 -0.00368064997563 -0.0222434787621
0.036408968326 -0.00647625861521 -0.0224458376639
-0.0299212441448 0.00334396703691 -0.0122712649877
-0.0389230226851 0.00431144001649 -0.0161987923618
0.00962756277335 -0.00934691940599 -0.00954391667068
0.0561707833121 -0.0239332170056 -0.0122068750956
0.0800426505266 -0.0386876378187 -0.0262615311286
0.0593950289884 -0.0270154099851 -0.0161088368805
0.0344579445353 -0.00071983987974 0.0128365352023
0.0759542555075 -0.0217500829586 -0.0210560563349
0.0843059356553 -0.0485133326467 -0.0388764898426
0.0570444810545 -0.0478913997337 -0.0479536234769
0.0259689894115 -0.0508340743342 -0.0586328513568
0.0694235695738 -0.0571375794989 -0.0621851071393
0.0570712066095 -0.0533596815252 -0.0605409831032
0.0614362185188 -0.0446652852684 -0.0518536226418
0.075618954016 -0.0379481880773 -0.0480751700128
-0.000610295512781 -0.0454650186721 -0.0577346876768
0.0877594668496 -0.0492356215668 -0.0459947767248
-0.0020995500854 -0.0180065287938 -0.020653587467
-0.0602257232154 -0.00713593075111 -0.00885686942285
-0.0965768757276 0.023845293226 0.0331949556526
-0.0898315196372 0.0362121814264 0.0566983466014
-0.0670490831714 0.0313085408381 0.0518524541391
-0.0502572057836 0.0241630461081 0.0439202511232
-0.0220448623495 0.0150868477056 0.028955332325
0.00581324741641 -0.000927058537921 0.00667993745977
-0.0292011518183 0.0231512144122 0.0403501363449
-0.00126261310279 0.0177046272018 0.0395646643194
-0.0648511764882 0.0453334763056 0.0691361587413
-0.0232181673236 0.0259024997697 0.0394570187074
-0.0958878165086 0.0564184127974 0.0834561160829
-0.0794002156466 0.0571707145827 0.0815877772162
-0.0236379878513 0.0322634000566 0.0487717048083
-0.0279910042924 0.0393407403497 0.0518173411174
0.0934016105105 -0.0181851837854 -0.0230215372418
0.0723031121895 0.000878854436887 -0.00401591676652
0.112896361949 -0.0132539091693 -0.025566260915
0.0352096093785 -0.0130329400837 -0.0325786819912
0.0235413794935 -0.0114647015128 -0.0226413946724
0.00731447023213 -0.0115696118293 -0.00887434191801
-0.0117266758023 -0.0119508346258 -0.00426723084149
0.0278449867919 -0.00936409158569 -0.00983025902651
-0.0438449756505 -0.00519241367377 -0.000853705543135
-0.0417102324021 -0.00632729737148 -0.00324287707105
0.0152176171787 -0.00774369934304 -0.026182454455
-0.0239093054782 0.00786952833871 -0.00676707303594
0.00436973956812 -0.00155145111361 -0.0258954626195
-0.0311296451597 0.0152153769407 0.0123957475522
-0.0346134322893 0.0183287771867 0.0256492815788
-0.0211926278002 0.0192326223397 0.0378133344019
0.0305106870578 0.00424713645283 0.0113830884145
-0.0318227647422 0.0128800544209 0.0146642846112
-0.0232882733211 0.013674387232 -0.00172396628077
-0.0144761915241 0.0155134528698 0.0445280707274
0.0114394276474 -0.00427254530806 0.0365698957467
0.0332588063119 -0.00073365625501 0.0380307124151
0.059617224036 -0.00193392268383 0.0165416570902
0.0598687488019 -0.012643863796 0.0170979705656
0.065603035915 -0.0111388272821 0.0133034395752
0.040936405338 0.000772605398709 -0.00176775767606
-0.0183017605342 -0.000560627047421 0.0203948428185
-0.0117419924766 -0.013453786224 -0.00512820980993
-0.0557190687347 0.00367050897299 0.0240969532818
-0.0488822653025 0.00371704201372 0.0222185813998
-0.0859154848626 0.0261784944409 0.0499713480718
-0.107756359396 0.0406225639156 0.068387276973
-0.100517853348 0.0388101084669 0.0652569071638
-0.0838126754114 0.033459744431 0.0536976608561
-0.0755185072086 0.036674487294 0.0536649499733
-0.0474986205755 0.0420856106779 0.0352722982433
0.0214025997336 -0.0304317022879 -0.0310762817478
0.00713753699154 -0.0252910736362 -0.0221303765964
0.0297770388479 -0.0233881171939 -0.0240319137225
0.0348307151393 0.00047510204641 0.00063654310916
-0.00850361816276 -0.0187110386331 -0.0108443843992
0.0392996689351 0.0302460424722 0.0313409237594
0.0336217547573 -0.00372450133664 -0.0174603168276
-0.0390867168126 -0.0229283313712 -0.084144932036
0.00135636413269 -0.0344874789922 -0.0244625599685
-0.0056691434943 -0.0427328082341 -0.0322547677354
-0.0193917353692 -0.0539867535519 -0.0454735869164
-0.000475585369306 -5.96616769477e-05 -0.000644518701198
-0.0171180051699 0.00357808835207 0.012518123595
0.00306336537092 -0.00100380146523 0.0387128210949
0.00284686411126 0.00180987944814 0.021492039215
-0.0383026522941 0.0183311900535 -0.00309434159145
-0.0653113983712 0.0257141219794 -0.0110408752525
-0.061661212684 0.0331703366065 -0.019517818426
-0.0486983290569 0.042532996135 -0.00806101790353
-0.0359204803592 0.0195958765033 -0.0169728835898
-0.0343236454437 0.024052760659 -0.00536402481634
-0.0181775070808 0.0185412038968 -0.0133200283851
-0.0330364482736 0.0345330329701 -0.0164506453848
0.0417249385452 -0.0122505616635 0.0441791083074
-0.014350357727 0.00348530402457 0.0663479467244
0.00861869151281 -0.00339087672263 0.0889563947154
-0.0236235570443 0.00565687564016 0.0960172612236
-0.0114245441999 -0.0306256729723 -0.0334391260477
-0.0276786678908 0.000743254989357 -0.00176130163224
-0.0455887953863 0.0233145160818 0.0396289264299
-0.030706819538 0.00267153482205 0.01985574957
0.0729428170981 0.0102102823042 0.00169207087236
0.021577347461 -0.0100342820228 -0.0240790046076
-0.0123846720723 -0.00672365362426 -0.00354313918302
-0.0101938884895 -0.00841141942883 -0.00262811234251
0.0349813580133 -0.00936170979995 -0.0329006110141
-0.0446042576189 -0.0256289107946 -0.0260361985189
-0.0305958811916 -0.0210913591702 -0.0192115368031
-0.056858937904 -0.00558839403401 0.00127021591627
-0.0157775615321 -0.0170939411817 -0.0109608346768
0.0107227114661 -0.0175080299841 -0.00349149528712
0.0514851460623 -0.0321805259199 -0.0149282236276
0.0211302136995 -0.00373237984803 -0.0192732529224
0.0307734220848 -0.00505855470885 -0.0286975655393
-0.0021419398379 0.0042760918865 -0.0236697303165
-0.0613666896811 0.0362835666295 0.0611419828921
-0.0112785067196 0.00411193857508 0.00176766577097
0.00157434093719 -0.014394307217 -0.006861574137
0.00859198731021 -0.0034916527168 -0.000117357115737
-0.0136974990243 0.0133653165079 0.0107527198357
-0.0174197247799 0.0267739562223 0.00818445976145
-0.0146824688042 0.031282540437 0.00233401684908
-0.0184606486205 0.0348348754725 -0.00462147482021
-0.0185486247538 0.0340574876883 -0.000810885009453
-0.0199972492175 0.0347303317317 0.00606953055788
-0.00535342685659 0.0292442496871 0.0145000121728
0.0148620920719 0.0337339361528 0.0330882139516
0.01852561961 0.0162521840207 0.0151523359942
0.0313375155588 0.0549282552656 0.0596346725224
-0.0326865671637 0.0188775655732 0.0201272597037
-0.000665264223607 0.0444963259243 0.0395667647754
-0.0328265330357 0.0466190987103 0.0264179076661
-0.0170196853958 0.04738371759 0.0350182423694
-0.0382558967981 0.00320374225201 0.00625266462082
-0.0243836495065 0.00321378023106 0.00432616044184
0.00438199506672 -0.00168241729895 -9.53041030163e-05
-0.0288903149208 0.00532711496784 -0.0107910565614
0.0331988593816 -0.0178928508626 -0.0443257786126
0.0409269122546 -0.0217225095544 -0.0469178746642
-0.0645200842943 0.0347422026235 -0.0126924026492
-0.0423013997226 0.0237654885643 -0.0173100939046
-0.024404623499 0.0161299731879 -0.0229264318721
-0.0534319763385 0.0106874051767 -0.0357025542901
-0.0559146417035 -0.000800240882122 -0.041417855586
0.0563292121895 -0.0761167438977 -0.0217799205325
0.0510897187107 -0.0600829706517 -0.0222567013156
0.0498171016951 -0.0638800758822 -0.00592020321397
0.103721452928 -0.0379546438745 -0.0467455722272
0.0292440498761 0.0639948659802 0.0610398619703
0.0134488165129 0.0596092412302 0.0465160263489
-0.0401775660928 0.0412905028239 -0.0122497023256
-0.0498809805962 0.0299427819903 0.0924815102382
-0.0699817261865 -0.0145254673465 -0.00442286263864
-0.0766759266237 -0.00515199479217 0.00735825567023
0.0384301676397 -0.0149466858611 -0.0144549933685
0.0681290050288 -0.027647020244 -0.0376913388214
0.0770692688264 -0.0338380810072 -0.0539296917201
0.0828058019854 -0.0318129194683 -0.0529111785385
0.0849060687688 -0.0247497842043 -0.0546663535854
0.068445373667 -0.00823750440098 -0.0407812966114
0.0731065950701 -0.0243731735826 -0.0480010740149
0.0533138288783 -0.000737767378501 -0.0322605682138
0.0454529003312 0.0117599746407 -0.018493976717
0.00194684654811 0.0169410840929 0.00207715235356
0.0281716838765 0.0225421196724 -0.00331293518903
-0.0444816847884 -0.0126319515199 -0.00582300451279
-0.0491791257511 0.0143203630874 0.0720973356702
-0.0554470628323 0.00234167174803 0.0366421198299
-0.0784240750412 0.0387996883021 0.0563648095858
0.0203094330477 0.0232491776848 -0.0256464725278
0.0528727406977 0.0217440725388 -0.00798476527301
0.0769426130983 0.00738082168202 -0.00945893814618
-0.026806589019 -0.0578548367047 -0.0566305612609
-0.0524080640581 -0.0253651488023 -0.0359576337155
0.0602562194631 0.0167211456482 -0.00360596028057
0.102508211457 -0.0199865856128 -0.0286155317897
0.0700022418137 -0.0200398988416 -0.0250830684523
0.0643982228432 0.0150728055087 -0.00477828495866
0.0540204544718 0.0127620276245 0.00942715377171
0.0443639091576 0.0198342134512 0.00118556328217
0.0253260218092 0.0174521674601 0.000419366202995
0.0625095412642 0.0193976328838 -0.00723097671696
0.056351821165 0.0115798770164 -0.0255755009096
0.0125839698591 0.0147341735692 0.00751930367709
-0.0662864913218 -0.00667033214862 0.00481349791142
0.0375957830486 0.0121615046986 -0.00755272396382
0.040884277909 -0.0363519100133 -0.0071849204641
0.0251252258147 -0.0302427675771 -0.00319917969973
0.00852531501334 -0.0194686009139 -0.0164346450375
0.014550446055 -0.032503565025 0.00379707641118
0.0305995035097 -0.0595408122363 -0.0071285474698
0.108986387582 -0.0137572880029 -0.0267491319606
0.0692997075481 -0.00474108720841 -0.0117822716824
0.0134369369608 -0.0134684486917 -0.0203109187831
-0.0252300729115 0.0200272465409 -0.0124962478021
-0.0179191833308 -0.00254882295405 0.00349779685184
0.00565721456526 -0.0332127760459 -0.0472503954717
-0.00697489112112 -0.00852146049544 -0.0145862410441
-0.00712180598527 -0.0254239052739 -0.0289201667266
0.00368573139696 0.0104682256533 0.00926503628038
-0.0181913276787 0.0198644265874 0.0313634524604
-0.0322172883686 0.0101758021814 0.0204373998263
-0.0117827881489 0.0132229541137 0.0256996261093
0.0375993048046 0.00161282465605 0.00652252703475
0.0926696765951 0.000717814973699 -0.00914270903045
-0.0258009428554 -0.000422856503362 0.00684711677546
-0.0604236878316 0.00343533024419 0.0107547237126
0.0643763017004 -0.00246355411545 -0.00897173642101
0.012386882339 -0.00266083861989 -0.0185594362776
0.0368842193994 -0.0119279181154 -0.0183077305881
0.0280714723287 -0.00400313533789 -0.00229030437988
0.0369550972028 0.0113151939896 0.0107906572313
0.0391802859803 0.0271423690245 0.0235412836336
0.035556269629 -0.00452013405069 -0.00630738384409
0.0498587333943 0.0125801417051 -0.0110728214116
-0.0267229017922 -0.0125343594238 -0.0665120761758
0.0810978025033 -0.0207795935364 -0.00585257643022
-0.00263479582878 -0.00319570393666 -0.0205823536554
0.0179853002941 -0.00429981482107 -0.00709346687105
0.0444174536836 -0.00292395680908 -0.0121327826701
0.0477565568981 0.0117026906439 0.00259623410405
-0.0180263909858 0.0031444960565 0.00975072505314
-0.00645813180626 0.0104421874825 0.019152471905
-0.00336298302723 0.0087488131024 0.00533836991632
-0.00837029396095 -0.00223669223715 0.0126712120448
0.0373907791777 -0.0185761967213 0.0125149210889
0.037268202237 -0.00534652647131 -0.0164419253067
0.0312492243617 0.00852574727216 0.0354636899941
-0.000209515491991 0.0155467553881 0.0102673691913
0.0679994867884 0.0027705458113 -0.00693003697709
0.0695948081407 -0.0309388850541 -0.0507842221999
0.000396300353591 -0.00181112515869 -0.00687196055702
-0.0376691663295 -0.02471622191 -0.101781277048
0.0515344541561 0.00166566075169 0.010248238899
0.0412994329412 0.0517573627087 0.0499443009914
0.041186398716 -0.0694059205825 -0.0196474846794
0.0148331862794 -0.000836199257862 -0.0196609246148
0.0438795922917 -0.0172680598217 -0.0181561544774
0.0063564889053 -0.0212863777772 -0.0275521542381
-0.0131986942983 -0.00634227509645 -0.0770699890723
-0.107419172085 0.0580210106884 0.0826516500692
0.0279878074643 -0.0502349097838 -0.000976693696671
0.0074326916351 -0.0136950439374 -0.0227795978124
0.00993992741792 -0.00273445051159 -0.0257383345875
0.0124452480199 0.00690653028067 -0.0101072327281
0.00330442924641 -0.00176137441623 0.00877650071386
0.0457545383651 0.0399433272043 0.0167720131359
0.00166818379158 -0.000743384656324 0.0309942241311
-0.00226740168597 0.0346917759053 -0.00503473223155
-0.000671970562958 -0.0135405962304 -0.0058527868452
0.0255660100461 -0.0135400886719 -0.0341033191965
