-0.0554524615389 0.0261161294534 -0.0113524334986
-0.132928606821 -0.00514670989317 0.0238313494909
-0.0284346988873 0.033096532974 0.0493338078577
0.0321580440442 0.00413248506334 -4.6558602674e-05
0.0186217022647 -0.0392174991688 -0.0176981085216
0.0181250016796 0.0120105384045 0.0250531593846
-0.0180752316575 -0.0349617724378 0.090863612647
-0.0673695785021 0.0303785592026 0.0806228816699
0.0363306603998 -0.00286162410375 0.000964014306574
-0.00902023992168 -0.0072859438858 -0.0904155049458
-0.0123268411865 0.0190051328547 0.0241854570926
-0.0116283799537 -0.0158547327287 -0.0228282042212
-0.119061131065 0.0978163237743 0.0445042130654
-0.0237731713784 0.0491282186082 0.0298564244808
-0.126997957928 0.118210520081 0.0112603488108
0.0235419495102 -0.0488585182682 -0.060559618997
0.00196654114809 -0.0122788335225 -0.0101436319017
0.052523765901 -0.0515633445427 -0.0856353790569
0.0735428158325 0.0123761238212 0.013297106922
0.0086356420496 -0.012285889565 -0.0139635084202
-0.00966670992236 0.00408199839031 0.0125708874252
0.0207548110808 -0.00856569806815 0.00306095137779
0.00861273652397 -0.00064068860173 -0.0115700250504
0.0134872319609 0.0576357961589 0.0400630785099
0.00698458085341 -0.00869554014293 -0.0209051553245
0.00023537831914 -0.00464410408761 -0.0588599413585
0.00483210466737 -0.0174215154192 0.00724282692125
0.0646136274574 0.00613235449774 -0.0164988940482
0.00384363854427 -0.00793395411927 0.00217359344998
-0.00254786242329 -0.0139086240833 -0.0199833850471
-0.00390509020469 -0.0140323500348 -0.0447815415025
-0.0129619830823 -0.0288198714269 -0.0450171135875
0.0134160628886 -0.0108635045388 -0.00437734263799
0.0134548044487 -0.0171188078558 0.00534089476966
0.0201669947073 -0.0169359778639 0.0168121649126
0.0234515033852 -0.00500374125065 -0.0119280757039
0.0752383530072 -0.00811775597464 -0.0255938832361
-0.00923516421524 -0.0132836455769 0.000382830755861
0.0095020516199 -0.0127238030574 -0.0301855721494
0.0720559391684 -0.0697005869824 -0.00891838341204
0.0958753150507 -0.0771088005029 -0.00909790852781
0.065774803505 -0.0363672413672 -0.0493380768597
0.0352332890862 -0.0128380096216 0.0174529027094
0.0450541617058 -0.00932061240696 0.0208910746311
0.0799247875299 0.0101095710402 0.0144373665835
0.0618697961149 -0.00740555129439 -0.0116327164687
-0.0377596299871 0.0251283723392 0.0205319305174
-0.0032235798917 -0.0263708473167 -0.0764459993084
-0.0103128408376 -0.0139986815833 -0.0098965323834
-0.0250623502649 -0.0132203560631 -0.00507940369883
0.0803559956477 0.0065783931388 -0.00300282897322
0.129953639468 -0.00550838727186 -0.00208254290175
0.0510947717723 0.00795151227553 -0.00984733860617
-0.0270820595122 -0.0173440437462 0.0300518020344
0.0336161679448 -0.0275441753157 -0.0324718637682
-0.00647731577934 0.0364921744417 -0.00539955101641
0.0560055100884 -0.0767827760775 -0.044836075156
0.0600209853925 -0.0725562769262 -0.0373240614194
-0.00526621071636 -0.0208178939864 -0.0091419909003
-0.00324260657123 -0.0103310926437 0.0121264604191
-0.0271008279917 0.00367657601833 0.0151106979993
-0.0371393823384 0.0304016244037 0.0397101423743
-0.0407508175283 -0.000836347831388 0.0170956052726
0.00598224099319 -0.0137821885625 -0.000936483361605
-0.00187714447043 -0.0152798133796 0.002483223565
-0.000669959366646 -0.0133511825839 0.00554804815166
0.00250929768733 -0.0114780882144 0.00651671475529
0.00496041289894 0.0174569215682 0.00135408018054
0.0126983435765 -0.0231038454882 0.00509214279049
-0.000365492838345 0.0357349237291 -0.00593972643807
0.0882848359287 0.00166715759081 -0.0185836058599
0.0059965784095 0.0127976784552 -0.0483429965097
-0.0865078027058 0.0639938583686 -0.0151220218056
-0.0151282062612 0.016794996917 0.0163867186512
-0.0044402006598 -0.0155914483941 -0.0328748922588
-0.0107944992557 -0.0234772434622 -0.0471367161528
0.00715680647523 0.0156580556825 0.00611090156662
0.0562219744971 -0.0142045086268 -0.0221144814235
0.0419406132288 -0.0377854997952 -0.0290208501352
-0.012539181944 -0.00591856180546 0.0153945667794
0.12180850039 -0.0951877072714 0.00260282521334
-0.0769869092455 -0.0451567037822 0.0643709068679
-0.0390454484779 0.0278161354436 -0.000859670902745
-0.106564132132 0.00932442032534 0.11611087787
0.0250078916704 -0.0143875345108 0.0141096772153
-0.0424203408325 0.00937107568525 0.0111802179319
-0.01820308416 -0.00895822863338 0.00551087520022
0.0067303575334 -0.0400247742424 -0.0176013857908
0.0470882983267 -0.0705269582049 -0.0328534996577
0.0214426726971 -0.0288745123716 -0.00434293384161
-0.0211234634942 0.00683700592761 0.00539799912737
0.00562474858921 0.000893709862922 0.00604522336228
0.0486541989189 -0.00277555980638 -0.0306606457008
0.0452871194763 -0.0089143616471 -0.00806108822953
-0.0284689382587 0.00378989688265 -0.00576033305811
0.0373908290789 -0.0201041802416 -0.0453765507425
0.0966526187931 -0.0242725560611 -0.0571899245454
-0.0401850851571 0.0391922704858 0.0495918235321
0.0262369115437 -0.0244204182448 -0.016864368458
0.0115401545203 -0.0321180265132 -0.0964735353049
-0.0278014112847 0.0148985775311 -0.0721802932578
-0.0794172743776 0.0713188243818 -0.0182221786336
0.0211879113593 -0.0114662529456 -0.0658291460202
0.101642907408 -0.00701865693813 -0.00978457755543
-0.00145104796373 -0.00170275953162 0.0108301031112
0.0124954931826 -0.0366231214637 0.0145008907321
-0.0258876031809 0.0257487165376 0.00984834821799
-0.0605041798442 0.0598427197616 0.00956407452821
-0.0184207502806 0.0367968646997 -9.00315418235e-05
-0.00961670665106 -0.00336385680494 0.0103526753897
-0.0590489084312 0.0434751133682 0.0552406242839
-0.0432985407218 0.0449173666862 0.0383807398797
-0.0460725386516 0.0603894301055 0.014749779054
0.030267073196 -0.0128622333381 -0.00629340193787
0.0534412340396 -0.0234288995641 0.0117803474181
0.0317430239638 -0.0175059764169 -0.00728605790318
-0.0660740589074 -0.00289939222577 0.0316384705723
-0.0212728114855 0.0505149437635 0.039625485461
0.0926912470379 -0.0366419640752 -0.078096299068
-0.00383728844776 -0.00893328777601 -0.0232793160803
-0.00190043161546 0.0212355511495 0.0239158642871
0.0299343638668 -0.0246735059212 -0.00632426032949
0.0204134936635 -0.0222680150978 0.0103988036508
0.0472128252398 -0.0346788072414 -0.0218627780448
0.0419319771768 -0.0274715696601 -0.0369111300068
0.0517226185887 -0.0297200228345 -0.0512474988487
0.0171450432997 -0.00167666295014 -0.0197631793431
-0.0343302341793 0.0325252692669 0.0288494188609
-0.00518735359197 0.0138558164229 0.000291504747573
-0.0293507185243 0.00157203890767 0.0015725625428
0.0754681773072 -0.0309707532834 -0.0611750711056
0.0854699539619 -0.0260650224907 -0.0583651432878
0.0945229927278 -0.018336167614 -0.0412334187305
-0.0177776180004 0.0192827794891 0.0398070290113
-0.0443393961499 -0.00433676065998 0.0192043946359
-0.0970116144532 0.023226799717 0.071364171338
0.0389913957085 0.00852474068932 -0.028538410768
0.066734400871 -0.0114046037232 -0.0694591370976
0.047031755403 -0.000387848832765 -0.00862633449616
-0.0552161524708 0.0147125625817 0.0480650135297
0.0965608220047 -0.0373331377597 -0.0571096906565
0.025486677861 0.00448985541032 -0.00694494413985
-0.0282186537648 0.0273970806204 0.0368591441231
-0.0859656602768 0.0530870100703 0.0432417402053
0.0842094387701 0.016530409623 -0.00571017662111
0.0491984751647 0.0207484135302 -0.0102105811013
0.0681890040059 -0.0876175149501 -0.0430675413458
0.0402634973293 -0.0540411029697 -0.0232511570279
0.0303938198401 -0.0258677260266 -0.0224574800093
0.019602609939 -0.0368364278596 -0.0405949504035
-0.0248364047671 0.00319494293616 0.0162550493889
0.044743355623 -0.0207477123044 -0.0425301603697
-0.0676288543714 0.0150759673562 0.0368571138848
-0.0406280835706 0.00354158218343 0.0158222568218
-0.0278926007556 0.0564491575297 -0.00690293911578
-0.056940039141 0.0276702878799 0.0272399349851
-0.142917604942 -0.0257551830418 0.0578445421138
-0.0195741749783 0.0532277619891 -0.0115443994464
0.0208558164206 0.0014994388144 -0.0144438333934
-0.0542631034421 0.0325357968484 -0.00830892719659
-0.0902893349595 0.0292700236276 0.0180602894816
-0.13171529918 -0.000729876703658 0.0184795898197
-0.0435933102215 0.0212644543577 0.0133526949625
0.0357124114387 -0.0344639810034 -0.0239364719546
0.0271341481325 0.00363280993431 -0.00564846948255
-0.156312125266 -0.0379675112212 0.0437804731589
-0.0810040083971 -0.0367895208929 0.0269050965575
-0.0412276689965 -0.00798817691395 0.011844818543
0.0289483125221 -0.0141630543799 0.00420951300119
0.0301571759942 -0.00840780594602 -0.000196001500157
0.0486351490241 -0.0316230049927 0.000621326506763
0.0334023597753 -0.0247079113012 -0.000435234531633
-0.0290022152228 0.0272714860685 -0.0134747836607
-0.0639710121986 0.0584248141406 0.00432081122827
-0.0953269091759 0.0853793056959 0.0178524304619
-0.0810556512562 0.0620386971528 0.0240991325329
-0.041901644754 0.0264409285881 0.0156299464933
0.0434757264523 -0.0200346031076 -0.0404329416629
-0.0484865692861 0.0379303979187 0.00999153847635
0.0334759967607 -0.0150924057271 -0.00595370763036
-0.0190061454174 0.00551068650974 0.0168749866685
-0.0110466685053 -0.00185031408889 0.00695230556326
0.015197926797 0.00804973839843 0.008911505958
0.00503537869614 0.000854578315933 -0.0120617482638
0.0522703375893 -0.0390981578234 -0.0151273125537
0.0472653341183 -0.0245282283293 -0.0280182511246
-0.039581486723 0.038074135912 0.0454910617875
-0.0835969984617 0.0912387579565 0.0152231507219
0.0618329240263 -0.0199879986046 -0.0457796539559
0.00303544018468 -0.0140278105202 0.00170082667644
-0.00188374079084 0.0134326094363 0.00471516047953
-0.0538679506468 0.0420265040901 0.0550595776512
-0.138262182343 0.0407167240435 0.126670512279
-0.00844462642287 -0.0535782676582 0.0326629520781
0.059802665744 -0.0848100914954 0.0285566863443
0.0730779730011 -0.0715076343226 0.001391136302
-0.0314404131257 -0.0506826013732 0.0839700226162
-0.126077978221 -0.0345436539251 0.0982110753361
-0.122774650005 -0.0108682026481 0.0883974140732
-0.0921462422788 -0.0184074658903 0.118434311213
-0.0832851735677 0.00362313936913 0.12638111773
-0.01876695625 -0.0223087418922 0.072329914581
0.10778646494 -0.0750712440366 -0.0574198088275
-0.0361714662203 0.0311197352544 0.0151791682464
0.0122602104951 0.0137492031733 0.0209815320917
-0.030729109801 0.0893238683868 0.0596735199666
-0.0077699246892 0.0294446753603 0.0227706651618
0.0256590109967 -0.000361283272502 -0.0284729451608
0.0432055727082 -0.0149405756651 -0.0381106209018
-0.0300879585585 0.00711320316049 0.0118906847009
-0.0941121219861 0.0103085793557 0.0569949616204
-0.0538487014866 -0.0037584875362 0.058073342237
-0.11663660246 0.029637234096 0.0747100544927
-0.0905984547145 0.00624994806124 0.0695602169291
0.055756101122 -0.0345056061241 -0.0482794795641
-0.14176062489 0.034743866634 0.113059333976
0.148426292847 0.0179132193214 -0.0848873859796
-0.112475527027 0.0159808406923 0.0928161391482
0.124211141006 0.0210749487556 -0.0845836251906
0.0748677200879 -0.0317677332569 -0.0671516059438
0.0729454087172 -0.0243319809161 -0.0699481297879
0.050699129868 -0.0266056626754 -0.0548373137436
0.0654720267505 -0.035779462652 -0.0509824832945
-0.0460998463266 0.0292185823454 0.0380382196421
0.0194251016997 -0.00859439962227 -0.0147379132475
0.0500991146387 -0.0666287528188 -0.0293939833569
0.0425439276663 -0.0584663353983 -0.0250361177781
-0.000211217223147 -0.0133846522348 -0.00247652522318
-0.0128847563806 0.00838062773308 0.0164397497133
0.0400398902515 -0.0560914943561 -0.0314390876145
0.0345388322076 -0.0590436809558 -0.0479472643655
0.0304169594707 -0.0422946038991 -0.0415118115444
0.0318621286639 -0.0317944575624 -0.0392014479917
0.00807576450761 -0.0229397855375 -0.027721283785
0.0410187618164 -0.0565684710958 -0.0383495065994
0.0260601187627 -0.0374359705774 -0.017524677916
0.00770727121086 -0.00182604482939 0.00233397585309
0.0515798198816 -0.0773569209163 -0.0416717083367
0.0606674345557 -0.0779493859618 -0.0389729497629
0.0423213422294 -0.0423262289779 -0.021140229901
-0.0889179691056 0.0313042766779 0.118290668116
-0.0643986914825 0.0346853388566 0.0751069396282
-0.00188362581035 0.0153317953817 0.00836164176364
-0.0465946344657 0.0286826312848 0.019541981024
-0.0406264874501 0.0323016131298 0.0188047885901
0.0641874522334 -0.00776736428179 -0.0313860636265
0.0418854765409 -0.00184341391058 -0.02033811373
-0.089840570104 0.0567337859141 0.0833319550184
-0.0953230204649 0.0435079959275 0.0827967803679
0.0145644650189 -0.0136956372961 -0.00120023099387
0.0194095275656 -0.037529706564 -0.0297596917248
-0.00807868382867 -0.00733643386177 -0.00450461329661
-0.0248103392304 0.0153837598523 0.0243414249279
-0.0189530399784 0.0143549543103 0.0298543168248
0.00715755994717 -0.0152795916348 0.00764619294889
-0.0114529958215 0.00854563967675 0.0235396716848
-0.0025439682482 -0.0159126022557 -0.0203872158115
-0.00802644556568 -0.00890743663756 -0.014410631417
-0.0176602414294 0.0129520214763 0.0115235660959
-0.0361086850372 0.0246925418294 0.0269174336976
-0.0578412965506 0.0435219688829 0.0524255652376
-0.0763947744213 0.0558606104508 0.0750624960708
-0.0561817867835 0.0457352616738 0.059545893732
-0.0308900819516 0.0342276664162 0.0400820918281
-0.0200861713042 0.022421716684 0.026231787371
-0.0334651397208 0.0255214750228 0.0276399051411
0.0790218716976 -0.032858131061 -0.0531664996218
0.0946744204216 -0.0433077554073 -0.0713104882297
-0.0108575424718 0.0534618239602 -0.00451417237568
0.0408580615507 -0.0132916897916 -0.048906850877
0.0222300673845 -0.0126568685109 -0.0355713977206
-0.0473752661623 0.00345103674132 0.0118747705332
-0.0122487728059 -0.00582247886326 -0.00909903036299
-0.0719105009191 0.0112221148874 0.0293846257586
-0.103626389217 0.0390404346609 0.0811955638659
-0.0115437182975 0.0223541568522 0.0553974205035
0.0389348296853 -0.0167678131408 -0.00989688704357
0.119719958749 0.0155001996226 -0.0415146471767
0.142694122047 0.000669485559676 -0.0278503747374
0.0184864569621 -0.0180363585155 -0.0250729473099
0.0113315318894 -0.0186371324722 -0.0217101795424
-0.0318549188729 0.00061703678071 0.00705857920826
0.0220926243338 -0.0211384092506 -0.0235756888578
0.0517546713202 -0.0194606106986 -0.0191697666266
-0.0872945596292 0.0119738933424 0.0446650403701
0.0659207980304 -0.0356029569863 -0.0583563627007
-0.0843455106019 0.0236831667751 0.0503316434471
0.0867279313979 -0.0380014932197 -0.0757107377267
0.0729806416892 -0.0287139008262 -0.0724571133219
-0.119691768506 0.0258437011541 0.0786163095018
-0.121425683763 0.0388215492945 0.0930400874887
-0.113610120281 0.0169697194827 0.0750410561601
-0.0952893521572 0.00356725861053 0.0593602047114
-0.0646996760726 -0.0111074833407 0.0290347497673
0.0514588886879 -0.00124269298842 -0.0490035101183
-0.0135914403361 -0.011132409187 -0.0191453780827
-0.128499809288 0.0238887152008 0.102569858285
-0.116783747039 0.0212018669217 0.105889094254
-0.154584370052 0.0360531387551 0.132160437874
-0.159601917708 0.0414156440062 0.135694876623
-0.110538516169 0.0155423053614 0.0952477920558
-0.0958448905684 -0.000303856770722 -0.00608927924944
-0.00336576847448 0.00159108988784 0.0514894791754
-0.108514002169 -0.00727036192051 0.0519282740872
0.0473017488246 0.00374886448076 -0.0554127834939
-0.0544040444265 -0.0223850247111 0.0189166018655
0.000191141620764 -0.00179379267482 -0.0434819150974
-0.0697012687865 -0.00132408246719 0.0262460611147
0.0274132496463 -0.0142127959795 -0.0250158590756
-0.033734997161 -0.00205962918631 0.00557796226049
-0.0130782459452 -0.0103134896154 -0.00712563179584
-0.04525698982 -0.000322241833396 0.0165641651543
0.0186221209585 0.00913676172912 0.00577773828455
0.00658811867682 -0.0053653150385 -0.0251980224635
-0.0103424604472 0.0131309383481 0.00202439484236
-0.000114998701442 0.0209478157002 0.00646908181568
0.0371758529902 0.000848564817385 0.00513043823648
-0.0319304522339 9.75031722886e-05 0.00518244407621
-0.0610142138129 0.00174755631674 0.029770189658
-0.0312237031984 0.0277556347271 0.0295438548517
-0.0453887276686 0.0302322261434 0.0303293106198
-0.00588455938283 0.00629805972475 -0.00438077055158
-0.0500912395249 0.0112243524639 0.0319271807048
-0.0567373453104 0.0225237393569 0.041005020427
-0.0156001047621 0.00772242140237 0.0101673216686
-0.0410728725033 0.0273838391108 0.051821074444
0.0414453403716 0.0137888066813 0.0229043327454
0.0896525625672 0.00351118090513 0.0150202558409
0.0793856279537 0.0105142301563 -0.00981188173754
0.0589936361553 0.0182505554097 -0.0166506631005
-0.0896554482199 0.039272843266 0.0888244412087
0.140478067213 0.0109263578955 -0.0389996090013
0.174220567941 0.0169628641685 -0.0894248158877
0.12357862628 0.0186161047635 -0.0747574265694
0.108150217884 0.00675116581616 -0.0810792987861
-0.0753241346277 0.0321923396931 0.0899962747119
-0.00694656524602 0.0144461474919 0.0577885260769
0.0569060569245 -0.000582577795045 0.0291913158548
0.0601858701811 -0.011813704336 0.0081624981707
-0.027070327567 -0.0145932523674 0.0381712114642
-0.0660154451625 0.0198003728622 0.0845030614855
-0.0608866752971 0.00407582419611 0.0708708983029
-0.0845501263856 -0.00409203994111 0.0645778971698
-0.111690570884 0.00605097873476 0.0809731271962
-0.104383476226 0.00162151362503 0.0651417705359
-0.101373877694 -0.00203122405593 0.0264122806257
-0.0926829579239 0.0454921645564 -0.013132157946
-0.0904309439732 0.00780038545302 0.0776113966629
-0.0224678211834 -0.0152722231001 0.023795242729
0.0903236776649 -0.00459248924687 -0.0688717766215
0.00234532729054 0.0147653558162 -0.0434115363852
0.0147445972903 -0.0181193793438 -0.0162921842035
-0.0612409115929 -0.0176419711167 0.0322155349658
-0.0900704507058 -0.0152987176341 0.0151946338517
-0.0489070939092 -0.00183244462019 -0.0197636170104
-0.0570483550539 0.0402091564173 -0.0410479436815
-0.00991792419193 -0.0153819742085 -0.00996093515269
-0.138647608297 0.0483372938643 0.123927295113
-0.145190319001 0.0435435100401 0.121016010709
0.14171443127 0.0162517338101 -0.0654416154009
0.112756943495 0.00836815409822 -0.075691406369
0.060210733895 -0.0155987320027 -0.0656823569656
0.033902448263 -0.023519009101 -0.0534921519836
0.13541919323 0.0111062461403 -0.095055527564
0.114231151081 0.0141119890626 -0.0604972763997
0.0879772311258 0.0127392724631 -0.0515467275394
0.0884970492529 0.00610372335902 -0.0612441128223
0.101025657413 -0.00179547270485 -0.0811482001416
0.0427557820772 -0.00311021670845 -0.0396993934977
0.0467728635233 -0.0128984000161 -0.0419818488899
-0.0178378110618 -0.00152094407527 -0.00436895437476
-0.0688649690199 0.0125080164915 0.0387895525614
-0.121552259674 0.0239589663693 0.07301318129
-0.0828279828455 0.0222788264916 0.0618426379353
-0.0240406940297 0.00700046826257 0.0342652932109
0.00985348765585 0.00719773251174 0.0230928321849
0.0709463574393 -0.00759176402396 -0.0173780743086
-0.066053239638 0.0246377444385 0.0635157625965
-0.129688668857 0.0352003450703 0.0898045901316
0.0535166004499 -0.00191628636891 -0.00607797149782
-0.123993471938 0.0222655791058 0.0745179713977
-0.0129535685747 0.0229915441023 0.0175316043271
0.0128502688463 -0.00908779254607 -0.00154456944519
0.0299189932875 -0.0207086399728 -0.0325273685058
0.0462450432924 -0.00990899330042 -0.0195862312638
-0.0344399687641 0.0518574772906 0.0457786459861
-0.0409202957097 0.0748113426154 0.0573023717918
-0.0544569483084 0.0575326813707 0.0477716806574
0.0569092770987 -0.00127869222245 -0.013390359299
-0.105265904312 -0.00821730109337 0.0228091381612
0.140078191169 0.0153364874169 -0.0817293625712
-0.0246435516717 -0.00290203065077 0.0197095704155
0.034056553357 -0.0074036697995 -0.0491034497693
0.0276233705328 -0.00353670437155 -0.0413367415075
0.0776404927863 0.00993009274575 -0.0586907480989
0.0918613171837 0.0130020700389 -0.0700132757684
0.0066423913836 0.00210096278314 -0.0447063468619
0.0316734309816 -0.000828534475286 -0.0526397226099
0.068900678948 -0.00221109392219 -0.0653313068604
-0.0162435284958 0.0201746023572 -0.0460176587263
-0.0361730521103 0.0653240946041 -0.0453417139757
-0.0218803537958 0.0333254408159 -0.014018185202
0.0530712172128 -0.018432013946 -0.051800748149
0.0262432461171 -0.00438163812892 -0.0430674986953
-0.00719750763624 0.0147311440763 -0.0243024995242
-0.059577319273 0.0269977189032 0.00627553320098
-1.206277136e-06 -0.000539832326102 -0.0111821768625
-0.023358036135 0.044660488367 -0.0317379277193
-0.0862149722325 0.0858710485513 -0.0177672040896
-0.0233312233772 -0.00344593968639 0.00655621509126
-0.0226791005497 -0.0127160034816 0.0102132214502
-0.00910085823941 0.0366668362765 -0.0481928525934
-0.0243916349989 0.04478301045 -0.0499221955394
-0.0561574009303 0.0677745609255 -0.0474786787622
-0.0883671971917 0.0607864223746 -0.0366798601232
-0.0976510854256 0.024612054207 -0.0171438299297
-0.0885637063789 0.0132492798941 0.00614119798727
-0.0734336476928 0.0870128325759 -0.0381600173547
-0.0562598672977 0.00500525042061 0.0155551156923
-0.0765516784715 0.0226720941843 0.00571433619229
-0.0524565201153 0.0793100975087 -0.0313471689076
-0.0619649209269 0.0729356034919 -0.00748940383268
0.0155145776718 -0.0162092535938 -0.0337753735742
-0.0510354430364 0.00263354151814 0.0167445065613
-0.03727234165 -0.0120681315201 0.0183290458256
-0.0392272859558 -0.00155671178868 0.0401717681013
0.0126973849641 -0.0177478715046 -0.000471141691423
0.086488663548 -0.0078096456518 -0.0650845947733
0.0972794597533 0.00908303816041 -0.0707804096199
0.108377591715 0.0110878335922 -0.0780224356228
0.035446265255 -0.00602636018752 -0.0396329099691
0.00990961359037 -0.00759713586537 -0.0301295714506
0.0229149348041 -0.018713725954 -0.00531588854843
0.0666774913948 -0.0225629331009 -0.0511317991639
-0.013378878198 0.0260136865259 0.0105473928589
-0.0129082642888 0.074402909411 0.0503237487272
-0.0548066373982 0.0120578113662 0.0254346473193
0.117828283924 0.0162962254698 -0.0829657766352
0.141722438117 0.0215560562942 -0.0921142548616
0.0740716220474 0.00279329975586 -0.0603332155766
0.0598129002212 -0.00539655143633 -0.0605267581186
0.014034060046 -0.0173880329056 -0.0410527888557
-0.0088112995101 -0.0106291678091 -0.0205730143741
-0.0540375325444 0.00159483710494 0.0163413803383
0.03444350819 -0.0200742176724 -0.0549836947455
0.0622490214772 -0.0160722911966 -0.0650527957031
-0.0725170834904 0.0577298585431 0.00137443466893
-0.0863176413068 0.0582099310355 -0.00713509909267
-0.0788627155941 -0.00234698995094 0.0498988475507
-0.0710525329317 0.0440514165065 0.0283515953112
-0.0519847296573 0.0275912548377 0.0294238794943
-0.0307797366758 0.0190735834358 0.0229500647318
0.0227489361516 -0.00724486411134 -0.0148401275817
0.051499127374 -0.0201387609168 -0.028054054962
-0.0284238030297 0.0124387618715 0.0206007500659
0.00450320607445 -0.0104174400464 0.00298762148154
-0.0019051552414 -0.0121874666611 -0.000452756190404
-0.0158978112338 0.00085412174901 0.0149074785122
-0.00757886094281 0.00479962460135 0.0151017880971
0.0229073019277 -0.00301356124937 -0.00104121109165
0.0662201355959 -0.020496750048 -0.0331034836266
-0.00397009201989 0.00573771051349 0.00956029004366
-0.0231990392945 0.0102213640842 0.0210293773734
0.0302664483729 0.00796973010226 0.00731180281514
-0.0113623831808 0.0284198182285 0.0349043160812
-0.0552269753443 0.0475570180422 0.0661314139201
-0.0806018429344 0.0490237437744 0.0796129469585
-0.0667734094529 0.0338851223204 0.0665784812448
-0.0744119789778 0.0479761660863 0.0759762203632
-0.0613971526666 0.0359647634797 0.0649910397322
-0.0234391126809 0.0302562616033 0.0436557119911
-0.112523820359 0.0396374811793 0.0848595195546
-0.00150776745546 0.00324967574472 -0.00764307596157
0.025194226156 -0.0151307887005 -0.0301465727929
-0.0142744663806 0.00704920773007 -0.00768007960225
0.0568039687752 -0.0289300949734 -0.051490162742
0.0747470946909 -0.0320420237081 -0.0637615321697
0.0623268999618 -0.0231906206756 -0.0443127229786
0.0874783417812 -0.033696756667 -0.0633142117807
0.0856119808778 -0.0369999411936 -0.0544310062234
0.0959731476983 -0.0395233806296 -0.0598238574285
0.0935084962313 -0.0402302088163 -0.0597829159227
0.0628039487801 -0.0222010854252 -0.0529121401656
0.0400748812746 -0.0244456179513 -0.0380617406019
0.00644574709494 -0.0113958643984 -0.00195261178951
-0.0373847324216 0.0507462163003 0.0383047165393
0.0237332924539 -0.02839004262 0.000539960392137
-0.0156403717933 0.0217011189531 0.0253171902911
-0.0336211434151 0.0072436412346 0.0181340246052
0.0262707191019 -0.0206407327448 -0.0382785928434
0.000257948321896 -0.00840082666431 -0.0249263332075
-0.00562611123632 -0.00270965233746 -0.0145977162596
-0.0175280792764 0.000801382830294 -0.0109580773654
-0.0396714130731 0.0125247168274 0.00573960893485
-0.0123065448215 0.00491807397414 -0.00198429894049
0.0327925095459 -0.00616425307683 -0.0179545205088
-0.035798113389 0.00311195612677 0.00292187110434
-0.0238261605639 -0.000534209337237 -0.00250368630967
-0.0325790105439 0.0163321769753 0.0141882148745
-0.0325149662456 0.0151636126852 0.0193129678296
-0.00318972740485 0.0215885659799 0.0202314688453
0.0382904922435 0.0260582403299 0.00645138320811
0.0208799706943 0.0273830623699 0.0220426746506
0.0568571669152 0.0119573148558 0.0235919430912
0.0469539042165 -0.0218845853004 -0.0285816716932
-0.0251527769933 -0.0098818209889 -0.000986940798021
0.000423286218526 0.06338078856 0.0442300048002
0.00383302764615 0.0172346859216 0.0220565531278
0.0303296733932 -0.00900502568661 0.014455813266
0.016611394041 0.00145536641136 -0.00140047968864
0.0408661309059 -0.0236123743445 -0.0318319715087
0.0458169897483 -0.0358849046544 -0.0323077665826
0.0476345380025 -0.0355087905144 -0.0121894058122
0.0474729954203 -0.0420249742203 -0.0303802046018
-0.0582561914872 0.0425956835322 0.0717241346299
0.000957604948016 0.100739469778 0.0524677837875
-0.0218001264339 0.0889838987304 0.0507603021922
0.0193904035264 0.0654542318608 0.0325226877862
0.0372299430524 0.0270619049854 0.02265448857
-0.0388542322628 0.078597488676 0.0556645668544
0.00441514408813 0.0274282513795 0.02438230728
0.0186970087416 -0.0111370063884 -0.0263401039167
-0.0480230632178 0.0338341788915 -0.0525349398086
-0.05629268727 0.00936155043864 0.0314288245327
-0.0590357674842 -0.00509705606818 0.017390430258
-0.0440587978753 -0.0139262258533 0.00215547338781
-0.124659238264 0.0244155026169 0.109551446551
-0.152107657423 0.0327422600738 0.127657331165
0.10896392032 -0.0789020716925 -0.0312753258055
0.0694375233455 -0.0467354173578 -0.0305139256486
-0.0265829709649 0.027662696307 -0.0270797215426
-0.029663517688 0.0343333232726 -0.0335555500972
-0.128858558226 0.111020930837 7.69798130569e-05
-0.117089952018 0.107287167759 0.0262377198164
-0.102211064405 0.0893805700494 -0.00645826370111
-0.0920309367609 0.0846282390767 0.00204685882346
-0.109094552629 0.103856998861 0.0129157563415
-0.107127127329 0.109001730162 0.014392419256
0.116707826392 -0.0883162852515 -0.0151915790394
0.124022236577 -0.0906401245354 -0.0169658063309
0.071151027524 -0.0725933956541 0.0397884933719
0.0419126261183 -0.0550020386646 0.0451563315007
0.0259564313863 -0.0273939784511 -0.0153618413995
-0.0864861827184 0.0252834915827 0.0201449912372
-0.0718051546987 0.0537931917355 0.0737971728142
0.134318597114 0.009582792311 -0.02270546281
0.105367786954 -0.00239517828603 -0.052043499333
0.0499679608787 -0.0194701347823 -0.0413456817678
0.00377689530572 -0.00275318476078 -0.00674164769311
-0.0162107224622 0.0131128241632 0.0114341309282
-0.0115798422333 0.00214365811198 0.00107648557054
0.0363038428272 -0.0295878161849 -0.0301206843706
0.0471231165828 -0.0257731865481 -0.0227641389465
0.0531500820549 -0.0147912797627 -0.0180673830251
0.0537276355364 -0.0204554808086 -0.0161408585873
0.0536360420991 -0.0175397677502 -0.0105721538988
0.0161714988813 -0.00245341809369 0.00309760527955
-0.101162060982 -0.00267539747569 0.0414774832204
-0.111420555539 -0.00414735558261 0.0207981957537
-0.0419695461511 0.0164896644803 -0.00654324640078
-0.114683684965 0.0379461176442 0.0856419151568
-0.00714018791468 0.01490652993 0.00258789557707
0.0365116800931 0.0199104103966 0.0272958198434
0.0495101596841 0.000303407678139 0.0213897663762
0.0538886259544 -0.026239311367 0.0110902049415
0.0363321885051 -0.01370146441 0.00664828718258
0.00249212121115 0.0162853998001 0.0171052487728
-0.0464092104261 0.0526707242543 0.0225711956662
-0.0027577886066 0.0218492013845 0.00401306242223
-0.0191487118811 0.0320357598904 -6.84066478166e-05
0.0015084546057 0.0178118917984 0.0303673243777
-0.00969604783226 0.0261143528352 0.0382708398172
0.0274415782229 0.0104958529253 0.0275766824142
-0.0246778965423 0.0322956838857 0.0382494239096
0.0548605400054 -0.0400714903705 -0.0044018282519
-0.0489123101141 0.0453527363492 0.0494894966549
-0.0868485520557 0.0807966731087 0.0532263755474
-0.089059225028 0.0700543722906 0.0572427714815
-0.0766362380476 0.0193504055499 -0.0282327220987
-0.0453074588609 0.0152468768728 -0.0330115415279
-0.020086750369 0.000756399441325 -0.0293076624654
-0.0267643804049 0.0333136848398 -0.0485986621784
0.0272098156027 -0.0140013763829 -0.0338353604606
0.058603243177 -0.0243988146227 -0.0524067888341
-0.130041658915 0.110361746854 0.0181151088861
-0.118913094492 0.091727309189 0.021375816126
-0.0925404437519 0.0643437132341 0.0213489068686
-0.100317223384 0.0809865458664 -0.0102959249365
-0.0404432568368 0.0362313946165 -0.046247737878
0.0149367837422 -0.0280740274733 -0.0098051322224
0.0146680721107 -0.0272409514361 -0.00361817652703
0.00270151578848 -0.0273764979746 -0.00489580504123
0.0691426110985 -0.0308918125023 -0.0438853558134
-0.0357863858462 0.0096005744595 0.0321215926876
-0.054653943858 0.019705916848 0.0403520887047
-0.0970572187321 0.0992463847241 0.0197822092412
-0.0675959879962 0.0117601680095 0.0997976443652
0.0357779509363 -0.024108353324 -0.0304367397737
0.0339144681959 -0.00915686681144 -0.0152968314671
0.00274213293847 0.0192087415085 0.0203158340727
0.0413574281222 0.000165404940748 -0.0121035953863
0.0656995197513 -0.0147214387361 -0.0365984092771
0.0815383243201 -0.0155151991656 -0.0384383164566
0.10196005122 -0.0196477845621 -0.0510158714316
0.090551851487 -0.0120610933768 -0.0467480489812
0.0819396875999 -0.0136061095586 -0.0306032847766
0.0833599867863 -0.0128300110955 -0.039463880552
0.0510157468335 0.00512677012892 -0.0231896765836
0.025759762241 0.00214211311667 -0.0173653680055
0.0354613688858 0.000361419704413 -0.0201471385959
-0.120016671349 0.0374466004546 0.0838561812724
0.0241384327321 -0.0472348973632 0.0040894487943
0.0681782228675 -0.0679331242089 -0.0530092043588
0.0272134213503 -0.00230090831663 -0.0276130921507
0.0339860702764 0.00498638566023 -0.00467743383177
0.0324231674859 -0.00993814098747 -0.0291049116339
0.0708312414804 -0.00514413497484 -0.0542965079917
-0.0209919814937 -0.0145287610236 -0.00650484314457
-0.00664247819375 0.0166319996294 0.0164156848287
0.0378076472908 -0.00188657479512 -0.0115099367987
0.0857758145619 -0.0290277839822 -0.0435727366861
0.0727953637913 -0.0163477343984 -0.0243836020715
0.140700506309 0.00983247005676 -0.0810613979853
0.143251069915 0.00452665730108 -0.0566392765162
0.13984533401 0.0155545245456 -0.0781117421541
0.14038546096 0.019026040874 -0.0801148870532
0.113146007277 0.0125096628291 -0.0741371235457
0.111559319319 0.0194820310596 -0.0759572610542
0.155938211745 0.0171704772742 -0.0759065000963
0.0334907640837 0.00870342851715 -0.000272525498034
-0.00390898017884 -0.0180280827581 -0.0287729997229
0.0111036402735 0.00100952171618 0.00543811657211
0.0405479269381 -0.0162348976412 0.000607009365043
-0.0183268357461 0.0682501728407 0.0398201775094
0.0497458609596 -0.070010594798 -0.0354967125333
0.0322588663974 -0.0505909056586 -0.0258139765201
0.0675528509095 -0.0319057422824 -0.0442463605762
0.0180228313516 -0.0170157808713 -0.00936019637227
-0.0105242616531 0.0400847554711 0.00712490009687
0.00600356380289 0.0420672605247 0.000275678005668
-0.0506271859945 0.0589315474879 0.0481549109857
0.0310253093255 -0.00648824145175 -0.0436242325908
-0.0812264631917 0.000273583622602 0.0432185026754
-0.0755380501933 -0.0059282238194 0.0371216590521
-0.11713670621 0.0268078008877 0.0769699134496
-0.149287777433 0.0345052127136 0.0940844149173
-0.00703899566754 0.0205174969469 0.0362706535146
-0.0145462648529 0.0136485760652 0.034949610434
0.0157512288131 -0.00323783862053 0.00938677134067
0.0924615134314 -0.0459681100946 -0.069952372347
-5.59206489275e-05 0.00256961004929 0.00354837448563
0.0100960627529 0.0107862281436 0.00135118578615
0.0900421880287 0.0173306554147 0.00376718814746
0.0734342017639 -0.00538162530136 -0.0690971463723
0.0208803679141 0.00970057619699 0.0149588168527
0.0139816813505 -0.00577477317956 0.0151187169678
0.0113436897698 0.0117550585781 0.0179803923815
0.000175446698243 -0.00435202849887 0.0125174575818
0.0129060646615 0.0418104898978 0.0216958128414
0.035715517045 -0.0239395746701 -0.0493904196852
-0.0601652025854 0.040064189084 -0.0163652393173
-0.133690457641 -0.030746281356 0.0692586744162
-0.00254343732291 0.0502187439058 -0.026170179627
-0.0522257246292 0.0174988809883 0.0266902940272
0.0371095998504 -0.038210590636 -0.00686937972772
0.0259447698318 -0.0296798954945 -0.00176931643524
-0.0863806541907 0.0107570368229 0.0460143646987
-0.0980220823002 0.012164918758 0.0550586855568
0.0264582205837 -0.0483419475514 -0.0214902705039
0.0223383581394 -0.0506581205261 -0.0240305144538
0.0381592728662 -0.0275781021661 -0.0116240982994
0.00342352747214 -0.00412662424517 -0.0388358798101
-0.0082064741123 -0.0225791816922 0.016313695626
-0.0396781491248 0.0344117208853 0.0288284440091
0.0458878316625 -0.0301192678522 -0.0436569354147
0.0277051553114 -0.00291668789689 -0.0168671617493
-0.0863592816104 0.0110183512794 0.0182911307863
0.0256587398408 -0.00123263391784 -0.0571127734997
0.0393048082324 0.00954674343403 -0.00913534886708
-0.0151231731109 0.022498392825 0.019287591368
0.016766816789 -0.00156792447711 -0.0126952841801
-0.134429229222 0.00169319696493 0.0174572778879
-0.00759237784848 0.0243804526667 0.0250561432967
-0.0517579707326 -0.00447242791219 0.0514978173977
0.0185371420324 0.0053652464931 -0.0216391164538
0.0657444577499 -0.0228962848654 -0.0605270682528
-0.000168057711534 -0.0294673336352 -0.0100692844305
-0.0774830082677 0.00969272884237 0.0764150381856
-0.00301878339998 0.0123380039701 -0.0462078660795
0.140945621951 0.0170332275191 -0.0906020598758
0.0638922884931 -0.0829862370868 -0.0402961262504
0.0299907663554 -0.0102786990828 -0.00148592914086
-0.0366695717944 -0.0167619772744 -0.000337826847839
-0.0495378587031 0.0267627501122 0.021159715524
-0.0146735637138 0.017041148616 0.0223963778442
0.0590345882914 -0.0254571486119 -0.0561194002787
