0.1279561841545703
0.2454767453517779
0.1422309271393576
0.1290766022395564
0.1989542551585697
0.1482055551129235
0.1965147841319363
0.1498824915631159
0.2596858053761741
0.128932314906495
0.1821862415720504
0.1333445529952927
0.2091564072145755
0.1387579728834274
0.3286977558739028
0.1452575821099464
0.1289543801202407
0.1581028643586877
0.1391175918469873
0.1233232963705144
0.1254813714761814
0.1222742361945238
0.3018444028560145
0.1624632354770961
0.2149338587817517
0.1348519736178811
0.1246255317152057
0.1215899727917576
0.1711790387952881
0.1289517017359731
0.1319196395297963
0.1299463129403426
0.1231877998695712
0.1151843670945837
0.1169441104221414
0.1234448683871203
0.104835432880852
0.121424290897498
0.1218219174990897
0.182809065899653
0.3248016947543274
0.2500377333717149
0.2488363529820952
0.1065958122706061
0.1220761578452698
0.1063922824663421
0.2898938451917844
0.1262491138378955
0.1355667208557855
0.1398001265848892
0.1170717275370507
0.1090557731764183
0.1668217254791716
0.1473223504474012
0.2964485571276331
0.1691661800272974
0.1771371744419819
0.1783292260560854
0.2442606610626071
0.167689388103396
0.1253550357986961
0.1386726020766413
0.1279136309094956
0.1248032701570504
0.1265381982899161
0.1170601410391156
0.1275711859418941
0.1288976595473068
0.1274303470123788
0.1457397492420632
0.1135434996929181
0.1262286310042511
0.1661880282000812
0.175064426795098
0.1285403965989386
0.1224638213462293
0.1977764152581814
0.2202238406942663
0.2769850841227515
0.1486472126602351
0.2370800574941241
0.2737649308160883
0.1296132186864062
0.1857232605321208
0.1137127730713833
0.2137093088542216
0.2036408625379464
0.2204769057876005
0.2409632049966726
0.2227916474204729
0.1678351728434932
0.2456009499402083
0.2800770287023308
0.3030021834475813
0.2409615074629304
0.2609138034892826
0.3023579326275034
0.2456712030014548
0.2600782931731124
0.1396910427156681
0.170649590681698
0.226560243788826
0.2037601422180539
0.1227730579134054
0.1267732943007627
0.334897809669016
0.3811412090485465
0.3399939799791031
0.09131423882698082
0.1634658206021496
0.1447144104104328
0.22720818990526
0.3134570398781304
0.3121586583010476
0.2339624619813081
0.2333231086221111
0.1427835880656727
0.12597635835155
0.2473545417260842
0.1917901420945816
0.1895836623341061
0.1986749572934922
0.2083432353982826
0.2411322442995971
0.2564954583846503
0.2856019065975636
0.2626704920028861
0.2178595046383416
0.2143021668723552
0.1486732947196088
0.3145023883082823
0.317803427735316
0.3203831988637806
0.2614969708176941
0.07392697969136458
0.1604800616455473
0.185243709766749
0.2277373770716644
0.3068538508031723
0.08079212868630818
0.2294436898046175
0.2900499786243973
0.210383288799765
0.1465220337610951
0.1537284744813049
0.2074427066823785
0.2076201556507203
0.1474045665961078
0.1957959424389788
0.1749266967124536
0.2000009845456493
0.2244214461119232
0.0971231608915645
0.2204157554346686
0.1418151637126162
0.1623390996375662
0.2150963962634741
0.1158086855540187
0.1347112986920193
0.1067446345621609
0.1764593634580621
0.1929831466419699
0.2640146568181551
0.1946702108061595
0.2580923316282333
0.2419261909997089
0.2839462120729844
0.2955734551779106
0.3396839367823298
0.3274268271561637
0.3530878116723766
0.3703168701531125
0.3461187615317741
0.3693802082330844
0.3665794773048442
0.327348624842713
0.260123181644459
0.2426898963747127
0.2963332932587104
0.2739454363845291
0.2369915652893297
0.2403902384036103
0.2223941469867252
0.3169499160182948
0.2790923121949073
0.2497053289262915
0.1532891252905748
0.3352691326361741
0.2980542467597289
0.1652160325198412
0.1577566108207336
0.1445829735972506
0.3227706729351807
0.3141498121324556
0.2709309587366875
0.3294127301971587
0.2346884796167111
0.2292791657930323
0.2064871773202756
0.2117744725969654
0.1725210916825988
0.1534891488104315
0.2006391748226914
0.3360014713229834
0.1674541452256566
0.1271667885875434
0.1847331846044834
0.1876891903290361
0.2352871447300344
0.1481464166018966
0.178841822198167
0.3641260776858632
0.2249647839810221
0.2477938010682692
0.2719533439809496
0.2703798815524022
0.2969683598019911
0.4112109232647012
0.362464512209645
0.2401587718753233
0.2254047879478606
0.2228329069836726
0.2243033957965722
0.1057845189987077
0.1660043450115811
0.2187300894136324
0.2319030790874659
0.2594633102579595
0.2651144124306797
0.166309795559749
0.1406877209276468
0.1755078018024661
0.2095155081355994
0.2112131328508522
0.1725390506935653
0.15391622613499
0.1798110957877496
0.1460819470327914
0.1800693303942296
0.1867008793380048
0.1529747040469901
0.1597874944551628
0.2176890591803423
0.2132747527572217
0.1701059004338262
0.2789950580336699
0.2242061129070326
0.149941050219911
0.1578441914213773
0.1630144091530891
0.1468368490680534
0.1547271814666304
0.135501078332264
0.1753567710543815
0.2026253848642832
0.2180275848378174
0.18006157541104
0.1942062333179153
0.1872470230930907
0.1270710712048122
0.1158943986976867
0.1539384775520953
0.1843123833994152
0.2535385909910893
0.2767347677315309
0.1594392202596021
0.2462203297728821
0.246237108541135
0.1316102900540699
0.1939717719991874
0.19794751918687
0.2082000494795528
0.2150494141375867
0.2288424697644565
0.2401944968225459
0.2723091542070065
0.3762274964058288
0.1988118123956268
0.263137998343429
0.219564066242029
0.2160686544670905
0.1331955085140974
0.1586688804005689
0.1770992477922314
0.2027043301487025
0.2422896129472103
0.2204565000214155
0.2396486809376231
0.2244549148394716
0.2400394371259451
0.2651364647577742
0.2255233640304855
0.1994474415163336
0.1887182879220508
0.2551376698230828
0.1697430625042256
0.2548942946445555
0.325628655647765
0.3093295678396921
0.3241642679199632
0.3962826643592401
0.3895207578882472
0.3588071508275177
0.4483400987120825
0.429066880749051
0.4234456562944292
0.3750446220317845
0.3715512509105199
0.2910412338686145
0.1922503233618428
0.1357355004923011
0.05802397963686549
0.06958437782720114
0.1812895981196022
0.1630491893801789
0.173658767753972
0.1694167953171411
0.16568492858758
0.1543497862068893
0.1269440629923702
0.138866366774961
0.1811933068616806
0.1278732487141976
0.2018389837763208
0.1372428374052193
0.2285956651136464
0.2102866667154382
0.2498868831500747
0.1505820805172836
0.1373888842722442
0.2681756573681186
0.2456551092791213
0.3101955992802171
0.3782428004074546
0.3853630514909333
0.3053278174597662
0.3155886123024648
0.3101249322988245
0.3567502921197802
0.4202516693749592
0.3481166937358524
0.393573629251061
0.4300236844933811
0.4306466851241194
0.4435966846114997
0.4178315570159981
0.2340048762375563
0.4106267923483447
0.3965807631789183
0.386258381367202
0.2724062892581105
0.2834166420936143
0.4441024062751818
0.4306618588641672
0.3653873686266876
0.2566883846647307
0.3829989502961962
0.2850105906994641
0.2867785836438195
0.2582511552071243
0.2376844812966506
0.2275329223337248
0.2040363903062105
0.2697911496051798
0.2254590982429354
0.2004808488742227
0.2126147807238539
0.2392034241982153
0.2068182833646902
0.2114618295042735
0.1884877845190428
0.1515489489844661
0.06703976881134247
0.1680232219766792
0.2357103056853719
0.2664127639597376
0.2885663020180725
0.2104193560092284
0.1100249295006049
0.2919765006995563
0.03999896811533504
0.1223996778201941
0.2437795655962617
0.2351388011780762
0.2400142994766739
0.1046650382771518
0.1115921388863055
0.157403142876439
0.2446950399521175
0.4315130178924014
0.2589176505716708
0.08340444916757039
0.384103352228307
0.4313076956009184
0.4274941135346044
0.4155740632933722
0.3888130270275914
0.3704203766057768
0.4048994736043494
0.2947301130340759
0.1333832476108255
0.11966223897357
0.3465939621128494
0.2918686156578904
0.2205973360560568
0.2087024159401938
0.1910133484836231
0.1464445864422718
0.08222584154262008
0.2454922425004945
0.3394196359573814
0.1982649960331605
0.2082489699142484
0.1680969197191219
0.2089886837906846
0.3142225722337674
0.3399870165204097
0.1039705819600539
0.2957163053667988
0.2751071036147743
0.07003527759986264
0.04164984695495864
0.1951197370527925
0.1818672302712788
0.2442510432027211
0.3148188305258602
0.3401343425616301
0.3391028351837088
0.3161761348073584
0.3701375732016838
0.2464015984071044
0.1982459057051369
0.3859309518539694
0.3761677625525811
0.2235320300602208
0.1228162105483756
0.1869378919472805
0.3050935114711257
0.3307024612842557
0.2823875746015435
0.2381434623916323
0.2044731235203665
0.1608706549649888
0.1264117401901418
0.2057925735500552
0.21464089081766
0.1121076184799261
0.1643944559663815
0.4248253042769606
0.2982631535857596
0.2651983539137747
0.2702709171183453
0.2402449987686803
0.2385147575580943
0.2684857354918018
0.2596136182336388
0.2519603221953324
0.249918410765374
0.2495562130064281
0.2432111445873242
0.2229696439570536
0.2280444572465913
0.247436173615744
0.1922691392554687
0.1778262991891211
0.1468582935604885
0.1396627468621802
0.1123613708625968
0.1986227212765702
0.2200857159649836
0.2677111119631391
0.1659790164950517
0.2429317508327198
0.2798762710619521
0.305894630040685
0.2748405122221722
0.2503504363219687
0.2611032227351722
0.2626818626736665
0.2361286427373513
0.2488404881156093
0.2257080470946679
0.2900097408685099
0.2808083800677947
0.2499988889752606
0.189220433709103
0.2389868182597672
0.06507739761967266
0.06596991804922965
0.2758369104689065
0.2493915083386663
0.2770707986443992
0.2349470082501385
0.2300334778256442
0.2004280152743682
0.2170132245019957
0.2474920413029741
0.2601162143543169
0.1983756866509464
0.1947826877514386
0.1809186459235205
0.1881354789146454
0.1710241248721762
0.130929174409144
0.2275860408666286
0.2318740547672052
0.1490716678996669
0.2036087530614791
0.2244156753268456
0.21516400184158
0.2558767727714464
0.2763495308869791
0.2538255059680751
0.2992393046349294
0.1534492545601209
0.1240047082468795
0.1457634200043295
0.1521968342813616
0.1678178890495533
0.1545073051788108
0.1456062491044802
0.2143478074578629
0.1497454138743459
0.1177965921282959
0.1315551408718116
0.1645393103083024
0.3674114202915359
0.3577266116057125
0.2550794147349926
0.3017906948132707
0.3019806983015433
0.2540014060846882
0.2884517526761743
0.2779849162445088
0.3341309836788828
0.344348591347232
0.3609810488810776
0.3435178740670202
0.2861696485493496
0.2007622254096144
0.1989702579234338
0.1695114615716271
0.3606228843728179
0.2227291771001111
0.1980420702276724
0.1796300428598607
0.3465861580121042
0.3026331662761074
0.2715064020730929
0.2387357095220413
0.2881355262880118
0.2437476209734574
0.2697046938889661
0.2792973545989839
0.2866706962972099
0.2899512765712381
0.2842579789353633
0.1845546006229147
0.1796048539468036
0.1305991858304751
0.1057345230635913
0.2491926739986563
0.1890305255943645
0.2029009785334463
0.2508726774470654
0.2838571277665554
0.2789766672348542
0.2794621434566672
0.3187636583393815
0.3346161806972259
0.2322601689484173
0.1802145772949548
0.1939669052058447
0.1314669405653003
0.2811573074533779
0.1804458139123791
0.2091075040722047
0.1755760519126334
0.3251239621267416
0.3226560894555655
0.3469574672173137
0.2576555481069831
0.29414559090638
0.2906967823006273
0.2346310534937489
0.1913470392069212
0.1523429759810125
0.1997654948433287
0.1914941716318711
0.1723426622688033
0.1416872010756865
0.1835553986469531
0.2264856862656769
0.1283381169444689
0.1325553738824123
0.310606712493838
0.1533477376816145
0.211978976650713
0.2311736866423043
0.2862354137131956
0.2974590686590347
0.3122683909944941
0.3060884488097509
0.3032184306425239
0.2904070571414816
0.3185978780424286
0.2992242767259433
0.2584157383385404
0.2593118898174437
0.2426010185357295
0.2315495261264401
0.150358486281549
0.1478453505581001
0.2153690446674799
0.1279918347112118
0.2098882772779168
0.3786845820775462
0.21347503747938
0.1915661278115517
0.2031877937195488
0.2043585186376254
0.2139568979943611
0.3497206582765445
0.3092856846044767
0.35827622974036
0.3386642555213941
0.3964382148620762
0.3997487591205974
0.298217513170866
0.1218134509665049
0.1796165153200309
0.3552993271225074
0.3502739191696988
0.1604837334182069
0.2118846761173878
0.2155577151066282
0.1956036312754055
0.1469691439937071
0.1471370148791299
0.1149511661403978
0.1745871591823682
0.2048131820518531
0.1734090569952021
0.1741429370371326
0.1212460725734431
0.07866046776104851
0.1450944616950953
0.1233537514349504
0.131418422750936
0.2337219298572116
0.2980101119929575
0.2795178840957132
0.1378760499278945
0.2586692287039724
0.2954330615274064
0.1992964191320687
0.1667105715103639
0.1637938905544648
0.1553949536069308
0.2101788966811912
0.136018512279678
0.2500193278104246
0.1030195082862575
0.1223458316118148
0.2447186069956487
0.2095782499657945
0.02441811142492414
0.03985775710872465
0.24287709367369
0.2298997400296491
0.3505825981874315
0.35339313411931
0.4133666652148558
0.1659372494764646
0.2269985302194757
0.3144534880987546
0.2644744632216464
0.1193425959807322
0.2115432522907727
0.1238843464031528
0.1882177158467977
0.1930670290132077
0.2893203970073501
0.4018289193897799
0.1161724696008755
0.2315789044457216
0.2244196536183388
0.3745789618082399
0.3205500047080941
0.3033886032286018
0.2171515956745761
0.1418239655550823
0.3935095478466349
0.133816374208841
0.2126767910396211
0.2740008450986859
