0.1263345413375567
0.1227321830023739
0.1657411002540087
0.1952203770080035
0.2587143161817073
0.1750290515101213
0.1045770356987431
0.06336943116765022
0.05070728353681801
0.2417997612891617
0.1522617725706262
0.1970306652276545
0.1189893841040709
0.09818301743801251
0.1479809013568295
0.1964687136053357
0.2029004338752807
0.2216292434930208
0.09585041322543641
0.2009530035169627
0.1737943085375988
0.2002670371200193
-0.01350394067377576
0.03241725596613371
0.0205699793899853
0.2241007324338012
0.2115059294639943
0.1426283120552138
0.270866163070303
0.2010674520201945
0.2110457280384099
0.1806456922128362
0.2015010720326182
0.2007766671173446
0.2047744470167207
0.2008260722477412
0.1818346086630285
0.1808780040633963
0.2034831105442291
0.1710576387401691
0.1814550461770311
0.1997796048690143
0.04955438772683831
0.1757415804075141
0.1404956047797494
0.1825690549173033
0.1114541920099944
0.2157226945473139
0.1991061130197631
0.1763984721337302
0.1624306348543712
0.1085738374236424
0.07845684137013817
0.121000843562622
0.07923796028150101
0.2683836580311745
0.1173133474927558
0.2107581106418356
0.06552804984261282
0.2229734219904775
0.1411187136161637
0.1096087396122909
0.1160144331540668
0.2022661263208141
0.1997657710471338
0.1903861919668101
0.2139272332981164
0.2116721161931321
0.2361488956958384
0.2465378070493236
0.1587277391042502
0.2088577624756885
0.2007447212502328
0.179456952155369
0.202387015202718
0.1904046639239794
0.06987076428513175
0.04961913134675929
0.03103806633311363
0.005756738934252837
0.163683260782796
0.1270397602231355
0.1588881578216725
0.03839344861041722
0.1989383832383191
0.093335033772165
0.1895883721519971
0.1588295792632138
0.1450523934179827
0.02200026937833728
0.1404949170514685
0.1355771799649627
0.03520290487530602
0.1627324211689013
0.01987023702278361
-0.01198372326210548
-0.02475219357972853
0.004858218020361299
0.1773716344886036
0.2338158929138755
0.2379740495199007
0.196578951522774
0.222645556647704
0.08562064997298664
0.07838153644412973
0.1682340197300868
0.1593281503040085
0.09097050651512592
0.1933862859231258
0.05063073450010918
0.03753956093249832
0.0657771600778784
0.09267368409844358
0.07067286073211783
0.05631297057858119
0.08890408532131534
0.1037320663710981
0.06319910581993007
0.126603670782684
0.1638818642134071
0.01319057554507685
0.03719361475134354
0.02192513098535502
0.03529220631020354
0.02611613352251594
0.01155041816147855
0.03068027741485871
0.04962891064159947
0.07722601977666255
0.07533605984623835
-0.005918440505446385
0.00868831448769777
0.01169877195402044
0.0289961432664353
0.1629978147214469
0.08236601136113372
0.1182486274928365
0.1726819798173082
-0.01227997783136467
0.1679339673159003
0.1677841224720325
-0.02832929893451739
-0.01727225979380597
0.10596860955187
0.09429648134035018
0.08342721228188789
0.1414813247438513
0.1753014011671614
0.1787921673236654
0.1492361979693815
0.08905239597583875
0.1044990365530843
0.107411435418543
0.141782101015123
0.2014685052356034
0.09368052444989536
0.07903364110302447
0.2171803902930678
0.2497518407250345
0.1473421742465336
0.1482869656879761
0.1132458691857893
0.1634052359442701
0.2717981887174047
0.1849898557260579
0.09490188021416729
0.1283173231343153
0.1479563925122813
0.1735456877274956
0.1447497256979111
0.1615437580270954
0.180572082261065
0.1900137376128385
0.1583121693930212
0.1237708268762376
0.1026370711879425
0.08862284101669689
0.09880201216979807
0.08249474983941538
0.1415377105146344
0.1212487668788966
0.177170707386658
0.1885508600920633
0.07563429695268327
0.07176258312688036
0.1886648222940893
0.1415299445198058
0.104085138219533
-0.02771771779727464
0.05024532208094332
0.2122815799363892
0.04012259890181483
0.3209503958137165
0.1606891726406348
0.1467525659500218
0.1635237451660659
0.1117463488204265
0.07672378148268107
0.0613241769873037
0.07600452172870636
0.05245088359534878
0.09473290828338983
0.2020492489862804
0.1251638045585882
0.1283876613986658
0.02241632436891174
0.0840776381484139
0.1330817792334212
0.1137540982966262
0.1220471800721853
0.1993142809385716
0.5754848972598249
0.188598049935209
0.3064102540140111
0.09564115273928826
0.3223041990478445
0.2668141681382587
0.6182540173873987
0.4669336034473816
0.1162723709717113
0.1368019466648805
0.1439829723047683
0.1549315050967537
0.03831255894106642
0.2903125965555841
0.08644996698849799
0.06787341330175539
0.02174124815991973
-0.001358633835753262
0.06507715481403274
0.1029594946596015
0.1584101213069118
0.1826628785296383
0.1835659202194266
0.1502841455953961
0.166552954598898
0.1775128076090919
0.1358832554601261
0.1628754776694651
0.2131172876168675
0.01857796134311836
0.04184332228377467
0.1789840251643109
0.164188607138428
0.1811805170400579
0.05386867787968845
0.07583235585953689
0.06305205676699392
0.08114481754048207
0.1872409874880261
0.08437474131637956
0.0989890700251029
0.04023055203019504
0.005857522083680566
0.02866598624086553
-0.002209026368970441
0.1540132020391688
0.1779239342307256
0.1761670623574541
0.08552772649117311
0.08092706213451756
0.04178707506597204
0.0005310082465134102
-0.006270614276695431
-0.005226736580102491
0.1365013944024683
0.1253262807201899
0.1371347044277494
0.1680418164151853
0.1512588193152893
0.1558054782513576
0.1689787449772612
0.150642881735098
0.1572260245183416
0.1631360270064497
0.1957735800968986
0.467005254040065
0.1443547592436523
0.2174752833638387
0.137934160824161
0.1488930821657685
0.1429378484498822
0.172235931675797
0.1883223956008509
0.197039878342323
0.1431044276519015
0.1448458132859692
0.136700582568664
0.1438116629836311
0.2373590570575799
0.222490269442554
0.254069472713883
0.221132357433674
0.1679360485249531
0.2413849529746439
0.1094613268164616
0.3294848084020302
0.4852692541585343
0.433258555416334
0.3977893448018737
0.4961065502217632
0.6854903598187444
0.3363447336858223
0.7029965318212652
0.7699516080461889
0.5817397257047945
0.7182748101520516
0.6979075198496126
0.331598124459706
0.1470128437674236
0.1592507394322834
0.1402759270220467
0.1073995182267498
0.1431435224846234
0.1107436639686308
0.1056312792631973
0.1972860871103623
0.1584360082446325
0.1473098617022887
0.0782760649519237
0.05720467832162353
0.08215667152493648
0.09307465980373235
0.1403237039504253
0.1286626750740391
0.1540599290649431
0.1457730097239568
0.1804640870692552
0.1192444144277794
0.1089923572851815
0.1961548469763695
0.1892624740184375
0.3055381518679847
0.4619615639817571
0.5193909436957939
0.2517508746423222
0.2562260213171125
0.2517338361389267
0.3575577842407928
0.5090592457150643
0.3312295199118125
0.4362878201356867
0.5660530857844894
0.6269774217822819
0.7405251231358734
0.7558325765982755
0.4950814936232223
0.6822332628811805
0.6960435805769459
0.6035002241626517
0.623778350005999
0.5463721233550266
0.6329987720594645
0.6713926425940362
0.624040836692586
0.5687611057301073
0.5912801568296552
0.2481810597351091
0.2952074650184795
0.2034529802607502
0.1712132343105061
0.1457373560658402
0.1265790087425014
0.2326239527686479
0.1623605228132815
0.1357028061549538
0.1383874481673257
0.1733221105136094
0.1214052931755617
0.112235267803511
0.1108869590925205
0.09740178643814719
0.105376197090095
0.07172339427606904
0.06450092322132837
0.02815171514269947
0.02568136125669231
0.05236841901415325
0.091563720879656
-0.004496428870018584
0.1287259727912645
0.09577091988303894
0.08276828346591275
0.1060672106456276
0.07744098575944885
0.03355849038991239
0.02286102089073913
0.04685565500046817
0.0520269732308195
0.7309189499579515
0.2034823319646945
0.1805503036157535
0.6102550636433706
0.7301180710357341
0.6448738553625494
0.6488008247310024
0.7789673098696355
0.745332849705122
0.7247289788583759
0.6688964064191257
0.4047401718631901
0.3141328853132765
0.6572555936115513
0.6151606348184099
0.4994707797281766
0.4288268457152862
0.4025942531886238
0.4026233401620593
0.2569490449817351
0.4702887156553579
0.6326979233971388
0.5220972165253619
0.5401890636001448
0.4485035059652404
0.471498427497257
0.6120736590971187
0.659906454901785
0.32663713703782
0.5666153411944734
0.5501254751515751
0.2699592441505042
0.1776498501241343
0.1048583836710592
0.1782467276189082
0.2578286833219079
0.4221787963399461
0.4719212646745481
0.4482134668705189
0.3727148546646322
0.5162886000633606
0.2310532071014018
0.1490916801440811
0.6161145718050856
0.6389902754180625
0.05686057362671278
0.04321696650031191
0.1402997253552166
0.3322571743471169
0.3617055017042878
0.2741342433569194
0.2021829400442438
0.1529951580862853
0.09569178239160912
0.05507994019134521
0.1421804055441521
0.1393343208931087
0.2745421938804419
0.3749336745285911
0.7586712339327547
0.09831770421859314
0.1057768629800653
0.1126757788402088
0.1091920423672406
0.132562800608453
0.1201807720255273
0.1485013191181908
0.1712194896369247
0.1520920906669189
0.1618673846789139
0.1654862699072177
0.181845436819705
0.1841272339026971
0.1271881768403388
0.196839540755425
0.1774084492918955
0.1288181721094964
0.1068997568210824
0.1446802601792151
0.0570600981591483
0.04518512355946035
0.02255251083051536
0.04619312513944
0.09181057186403452
0.08828526838986897
0.08271253465654876
0.09797115795360212
0.1106845969902826
0.1139381505665673
0.1240980913869429
0.1419779213982844
0.14671487476876
0.1653321855537484
0.01090626496868039
0.0235232401689234
0.03282508015209784
0.02637642550881739
0.02915045673920461
0.09584081650327914
0.1191285436763584
0.0150042320171265
0.002391482979092231
-0.002158724811986027
0.02420679200771423
0.05334362284679121
0.03888293473517759
0.04307801768108595
0.06953588356167748
0.03142268675438554
0.07237424958467187
0.1197314875440523
0.10103272603358
0.09459828494535247
0.1294686928305558
0.1258954652763824
0.0343774794611434
0.1144072036209934
0.05175792889972277
0.0755031653348946
0.06648350283312829
0.09656611455646751
0.09841763830297377
0.08621856395569191
0.07873561806948889
0.07483941937360261
0.06110480568766852
0.01234259155411045
0.008582822572827655
0.003469979426271686
0.006014358363019668
0.02654575830492809
-0.00911901859120748
0.1104496767365724
0.2266245232941595
0.05688911120610097
0.06115041392970343
0.1029370818621131
0.5528087303576255
0.5011013723282007
0.1986323945440774
0.1958342392345591
0.1984506819449122
0.1992741063372332
0.1774275777253859
0.1232358990443437
0.184262590052971
0.1562970551660817
0.1350411286325485
0.124230596754923
0.1862515275134397
0.1715364718465801
0.1358626557496744
0.1248508384070828
0.6396552809702534
0.1482742596088245
0.03309102792408389
0.1323347550014565
0.3958083138238552
0.02741626747683643
0.04531063308651547
0.03804236724083469
0.003850681337772516
0.1866447315577628
0.1806928479466136
0.1822634901120428
0.165652102835345
0.1413058861034897
0.1228736580696352
0.07794279556639865
0.09637302702441905
0.09321927918846937
0.1064429935437578
0.05097213287530165
0.03686674750395448
0.03360856112977175
0.05292667673525608
0.06404081729711254
0.06967855748049873
0.08618379744957583
0.07930599433690677
0.08288812453169583
0.05229556669955865
0.02570489904089949
0.02442628398844371
-0.002421037112008871
0.06236403954086315
0.0461159082577781
0.08284147086216528
0.07845276569555834
0.6276951050222424
0.6416604712468754
0.6469821688541889
0.5975522257391808
-0.01421813731073788
-0.01814134997230599
0.1626930964892329
0.1599636228258977
0.1562002075255369
0.1967262445051512
0.2180441099049371
0.2758791020751881
0.2585857340927596
0.2386330316421018
0.1504909688837781
0.01135569663593933
0.0523873088652058
0.1149906676845677
0.06090485409765811
0.1843649291250046
0.1873202342019636
-0.004997425242536845
-0.02560448850161734
-0.02600504492596392
-0.02626158709064437
-0.01454989116508957
0.009533057153076233
-0.00680882113964014
0.02948874819119759
0.04022810099087798
0.06625651627556485
0.07269270733877413
0.1660464473617146
0.1452393103600446
0.1851287183486676
0.1183249371029437
0.1117041401012965
0.0932654887454622
0.516096766507765
0.181218841563053
0.1858619403598421
0.06372003513167517
0.1876216126934268
0.1903788349983642
0.3983896564385375
0.3006921967296917
0.4007836281159119
0.3543485999363494
0.5197747865126033
0.5548648857593645
0.2678602309435664
0.1159914210310082
0.1082119841565096
0.1496043520196293
0.1641911343431164
0.006440511806456117
0.2123877266654252
0.2473729268530333
0.1760801531975578
0.1810491400350268
0.1994522724699581
0.1569674469152041
0.04432966907143256
0.1579388066258151
0.1773193307094091
0.1616152079719651
0.08570204244486748
0.0880772207543426
0.1815570876043859
0.181399125485294
0.1927077453606034
0.1437259845866404
0.1617114955127901
0.175272904237294
0.1142935026768548
0.2201355415371621
0.01024397785683788
0.01478114120339942
-0.001566165814403283
0.002020918794400149
-0.007938090185676469
0.1160233553318145
0.1953176651029251
0.1029133223847651
0.1504832220509916
0.04883354196179025
0.03406438689706013
0.02837807787078298
0.1298741493727899
0.1386108104645928
0.08531486383237845
0.1239203214451471
0.1856730306053203
0.6308159780584167
0.5306348161255996
0.06419255649594942
0.1417275232158859
-0.01759031046047426
0.1460475144721709
0.2153827515285129
0.06569871720858805
-0.02035974238919554
0.2891852319606767
0.1136064088201433
-0.003048551105537013
0.6777261847317222
0.1696253956001108
0.1253258314996595
0.2095675057992429
0.5855976338995117
0.7079198796434845
0.289371277216067
0.1729522326560032
0.05773142348432053
0.5845518472914468
0.1141367068468314
0.02701681334178294
-0.006431973262930922
