-0.0630506989996
-0.1441731829166017
-0.03091980208812561
-0.2307738392278719
-0.30472002434344
-0.2512324441309488
-0.08700875632945933
-0.09312636250915374
-0.07147221461180994
-0.1136671652567864
-0.2581591475984095
-0.2028162403384972
-0.1686958788296652
-0.1111573740835312
-0.3040530233880306
-0.1090124146235446
-0.2250371961109238
-0.1002378669008209
-0.2042787573883602
-0.2204380406619261
-0.2082850719983996
-0.2371856117759215
-0.2198516124115932
-0.1157013587397848
-0.1972988099204618
-0.1775319557749117
-0.2458346587846675
-0.151329963744065
-0.2739359189253368
-0.2124737489340454
-0.1892527339747422
-0.1402488609224347
-0.2307841748155322
-0.2394794242989237
-0.2531207833339674
-0.2219686237536705
-0.1836690920761368
-0.2153626856416266
-0.2039876867570326
-0.1122736741260786
-0.2895976043509391
-0.1956751396367662
-0.2238849853948726
-0.2357006206715983
-0.2142197768774545
-0.2065243559564176
-0.3057750385671132
-0.1433551122602915
-0.2190936241803665
-0.1940735998421508
-0.2037976693355853
-0.1762832381111905
-0.1832570135791022
-0.1028515475005197
-0.2334786167203221
-0.2378114932894199
-0.2234170227235356
-0.2719306548302856
-0.2741628055701655
-0.2797223907516645
-0.1817500461853096
-0.1502417528570615
-0.1314039480856884
-0.2341954589018361
-0.2334748116501036
-0.2274054704130164
-0.2398028410582788
-0.2131064560508241
-0.2618293948982985
-0.2168435367822799
-0.1725272432434734
-0.1349514479370625
-0.1126972723615567
-0.1325789223266243
-0.1979798744816914
-0.1651264486501168
-0.2227487402707408
-0.2164889050448576
-0.2180406386649528
-0.1388976417541631
-0.1659975845356316
-0.1641876615124403
-0.1052130234882333
-0.03864429509645637
-0.2460433313210879
-0.2508742509110045
-0.2864013552081217
-0.2918430023991408
-0.3066791717544299
-0.2537631860945423
-0.1057083479006663
-0.1095610697336145
-0.1507761714017277
-0.267106426228351
-0.2261025396146831
-0.1911705615378632
-0.1594227642650495
-0.1315010601521266
-0.1886448948582365
-0.1063642584663818
-0.1166191132652858
-0.1676322140377046
-0.1405109391590376
-0.1571693978821941
-0.121713644765714
-0.2935384257449207
-0.3830165106409673
-0.3334115893879205
-0.1119993527467965
-0.1574136913833882
-0.1158234017557548
-0.20382859159853
-0.2912439499072177
-0.2804776188038892
-0.1998998416536865
-0.1634134208967649
0.1290370485913167
-0.009080698200533194
-0.07722519361177788
0.03939505077399376
-0.1564104708124951
-0.1908111492579185
-0.1856749317235263
-0.2145929835925507
-0.2160025385159072
-0.206160639668316
-0.1792002466236612
-0.1333263075023382
-0.07801871647364414
0.03357373837770853
-0.1950051446920493
-0.1761632595765123
-0.1375906364180072
-0.09039344480473623
0.02697664674560708
-0.03109028771349222
0.1042739859016925
0.1394759177895874
-0.135304873986896
-0.009244111067379176
-0.008062399186938969
-0.168093426513868
-0.1832105181074244
-0.1078583133822899
-0.1953220749248583
-0.2253482968419282
-0.276177480044904
-0.1950388895654668
-0.1567609426911015
-0.1422687506427904
0.003506645115157473
-0.007354838236409005
0.05443038765751845
0.06865845631567508
-0.1544707603228871
-0.07042619738640804
-0.06636534144568021
-0.1507595900880991
-0.2192092629607097
-0.06743752960620916
-0.1066569160780083
-0.08594709720408238
-0.1945836936448748
-0.2943707544098267
-0.194872903409763
-0.1101666144384989
-0.1987179300529758
-0.2340880789552554
-0.3126036893520768
-0.3326851033493993
-0.3482028019495517
-0.3562539815976081
-0.3175772982744459
-0.3628087908167791
-0.3698929084012347
-0.341527426298913
-0.2378326803464692
-0.1491529105969297
-0.294099222778081
-0.2546503844447355
-0.1899149619583627
-0.1136118603372204
-0.04766362712858307
-0.288463169730628
-0.239615090349761
-0.1835970392244778
-0.06421024525293023
-0.3320026418163135
-0.1833782978675097
-0.1886161145066198
-0.1819582636340781
-0.1261538882594462
0.2352994403592402
-0.2459737413606767
-0.1959252412346546
-0.2995445157555635
-0.1182767699286105
-0.0775498160714949
-0.05231399241001567
-0.0724476276597871
-0.04602300677617338
-0.06323039971302012
-0.1349859291145833
-0.3567344865384288
0.1627006279202333
-0.05068913173073326
-0.09163458920915171
-0.04652262444103802
-0.1182721799864905
0.04337390845512731
0.1297763885633551
0.2329513977532341
0.1403198926292575
0.2118448026496401
-0.1737841221468485
0.2247849242980096
0.2350738040005462
0.2735886093326855
0.2383974635691513
-0.1220124602435602
-0.06865023736209018
0.0007418080184074979
0.0164169615115297
0.06928530170784555
-0.276480779002905
-0.2668632588441227
-0.2824382399615361
-0.2644258300781943
-0.2345401901892115
-0.214196354714343
-0.1662627550641015
-0.1477005625752595
-0.1410791489649966
-0.1191637198476741
-0.1823992226895436
-0.1560131782035326
-0.129704045048854
-0.198214651845382
-0.2420502833726745
-0.2458271665122203
-0.03316986493047051
-0.05235170777352751
-0.1501045916024766
-0.1399661785456317
-0.1362265131569407
-0.1142491551202089
-0.06388775749941596
-0.07803566821392821
-0.05741870274956367
-0.164642238754305
-0.1680834170227705
-0.1425752051230359
-0.1461900339342445
-0.1869950692612979
-0.2269748109467424
-0.2164527592520487
-0.1220339648632513
-0.09500480273657183
-0.07013368085467066
-0.1035448592192459
-0.08143129990793728
-0.1045924301918204
-0.1443729124288303
-0.1666311757898053
-0.2050737458022669
-0.08648000114483391
-0.06772613008916387
-0.02703289605600812
-0.1370713109845926
-0.02002319874484322
0.01304412942277154
0.07772696229339927
0.04479268064400859
0.1022768568106444
0.1660189789822219
0.2223661038248445
0.2258446802836562
0.1939661667485494
0.2197466177952465
0.02867368983458189
0.04231120636309511
0.08981065175719011
0.03433813500487502
0.005598818369918983
0.1234791816084951
0.0003721504631366458
0.1168622055384446
-0.03379172186395374
-0.03310075911562808
0.1854482725172776
0.2033805133355923
0.1859690970874471
0.1738457995920071
0.175312714957263
0.1896545241531609
0.1266424628688736
0.2172001400305701
0.2424319606783286
0.2422825537478266
0.2468597124263386
0.2659828440743993
0.2103480467263147
0.25436824017027
0.2528750104882091
0.2556393474204874
0.2201110708387795
0.220732226069098
0.2304095623073974
0.2010543722600272
0.07411836962158809
0.05786817698015695
0.05881240858484633
0.1114429425350013
0.007608522019317994
-0.00928971030991162
-0.0583311396959456
-0.008916359779099443
0.05667114706122009
0.09716272972346018
0.0297477072604982
0.0004345035502522844
-0.02686049369063815
0.08107692059446897
0.1463297651748456
0.1286230059807242
0.1847656678070646
0.1985326332849783
0.2217360211460532
0.1739255313230732
0.134269470897859
0.2050261672891707
0.225525655769237
0.2355354748407114
0.2678743070951659
0.2435448488077548
0.2334450452616713
0.2428324617020627
0.2395653117876389
0.2450751220181039
0.2587965315455987
0.2522447771880493
0.262121989936463
0.2627010923486507
0.2689314999709936
0.2641644572017755
0.2376529612729813
0.2042931804153543
0.2587340531141069
0.2369859221985917
0.2192592221028664
0.2189133657136612
0.2129480196152365
0.2529750019524605
0.2229430017295412
0.1959837340651881
0.2015964080992003
0.2082327688293617
0.2145410633029244
0.2278428070621686
0.2231107188492174
0.1711910446389144
0.1069654243928129
0.06622228069147126
0.1906427450036802
0.1893313510872557
0.1456397648268609
0.118799197842868
0.1483499447408531
0.07966465333709941
0.03403017688018647
0.05852115952914277
0.02414408020223191
0.007375165213462077
-0.01945763854443627
-0.05097861378991556
-0.08413186895588808
-0.1050446329118622
-0.06148702054564095
-0.0356168985558886
-0.1131098453503584
-0.007773264835903166
0.07439469722681209
-0.03282454873122866
0.004363282182984681
-0.04748444066946655
0.03206619123772908
-0.009151190104497244
-0.06732821718128731
-0.08005715217734775
0.2328880654530739
0.2058486507442763
0.00814572186322208
0.218422706734994
0.2586852326029609
0.2714193872600344
0.2530412104384094
0.2411760702230084
0.2320319201152824
0.2332378298370885
0.2138635041333579
0.2033152654794515
0.2059754040777462
0.212806256789903
0.2143185153209582
0.2168019794965016
0.2094177799635732
0.2050543194979906
0.2096448465440234
0.2025426462524922
0.2086930984239175
0.2251281093387379
0.2059345348856251
0.2035905032335273
0.1996319325232198
0.1941660832708483
0.2023562631115794
0.2218527741314007
0.2014249448679679
0.2149935485214795
0.2147775961868638
0.2042425171314504
0.2024567446106905
0.01275733422878278
0.08122282143850929
0.2016128323628511
0.232360023945954
0.2183960210921213
0.1993280639826571
0.2053783943196686
0.2242328167118725
0.1805306160756903
0.1544908954613909
0.2308630728408184
0.2136959606256349
-0.1169543648872443
-0.03442255963183167
0.1100743438087643
0.2097227742477174
0.238109311412519
0.2128251365732424
0.1681436918732855
0.1362322024225409
0.07825249526991901
0.08678404167096543
0.1056247761874228
0.08918634629801513
0.2029009112739219
0.2040790573234756
0.2509072433661629
-0.2949828271142363
-0.2397894111991157
-0.1832043524688214
-0.1264974482335523
-0.07029995089471931
-0.2540913273018182
-0.2076492479631629
-0.1591245949495355
-0.1497281409657977
-0.1071454385336769
-0.06693511483947637
-0.01790855460006571
-0.07445444028249523
-0.1599007590174484
-0.02143966954290533
-0.0427330978100452
-0.05590062310327007
-0.05319899274498378
-0.02846830348113389
-0.08362869716449567
-0.08130675594071911
-0.113284659655464
-0.06057971694564047
-0.184280442548102
-0.2022034906751287
-0.2534770695587411
-0.1656242233660587
-0.1208219056403561
-0.1103340856166211
-0.07961267339567839
-0.03495699720585795
-0.02676319308383467
0.003210849886871263
-0.1866798370228581
-0.2003803941650282
-0.1897909096544441
-0.1392086789000582
-0.1986931161360976
0.08123418225287712
0.08158048031691037
-0.2209010335896181
-0.2078173797436011
-0.2305745181780288
-0.2168686384593425
-0.237013493290433
-0.2054122885792103
-0.214497472505856
-0.2647157495479598
-0.2560033110472567
-0.2268282847746752
-0.2502565403924806
-0.2317772513589769
-0.2276380613740571
-0.2392451614678484
-0.2192583865906068
-0.2108728858039279
-0.2773029793307819
-0.08386718887239203
-0.1295210554969121
-0.1709691237095302
-0.1275761673696577
-0.1538657359608653
-0.1880759769988413
-0.2014786929572752
-0.2293469083821162
-0.09041638683266733
-0.06747445461931974
-0.09845367939547979
-0.1198850318725551
-0.1486806604060994
-0.09006823024147161
-0.1301629642118181
0.03876007986870182
-0.1196754239869175
0.1023268450286198
0.123304945609476
0.1508166310771673
0.2611112298842194
0.2580456401802585
-0.1969586051347491
-0.2603478672654341
-0.2602149917389088
-0.200124829167933
-0.248171502919845
-0.2479766205444102
-0.3013978100768452
-0.3282966759796067
-0.3527941940523517
-0.3246888117566366
-0.2347290444744443
-0.1272922572052631
-0.1074623398448658
-0.07805371301317957
0.2203630960121045
-0.140716228715358
-0.1104414440316308
0.1956860336241075
0.2304564570925238
-0.1828690519164824
-0.1706287936797684
-0.1681494382544328
-0.2482659774132156
-0.1703722114457757
-0.2095490914494998
-0.2244971372050432
-0.248120468639475
-0.2809301266791833
-0.2965333405928535
-0.05201072035109018
-0.06106222963913663
-0.03920462323878104
-0.03635485640952036
-0.1445083150085545
-0.1537081916785429
-0.1773045412400417
-0.2224518338816843
-0.2569969155552885
-0.2556209023208973
-0.2546246225535043
-0.2934912140234044
-0.3136553546609391
-0.212025299596542
-0.160960384222485
-0.1758608089731454
-0.1120482503411299
-0.2394024824869387
-0.1556133257928601
-0.1778209276817178
-0.1401371389091235
0.2016532124647272
0.2035688804708331
0.1994565178626137
0.195563015365951
-0.2112529759740652
-0.1916153661729381
-0.1864216634709071
-0.143037638827442
-0.1045404907291633
-0.1425022247464624
-0.1260755098171694
-0.2914154290426175
-0.2736780053523118
-0.2920504509568617
-0.03318560425711017
-0.1114363117622497
-0.1083373132638153
-0.2862399475953726
-0.06292320681367765
-0.146362966103321
-0.1657700261868945
-0.1364366906905011
-0.1491433631033889
-0.1693595416080425
-0.1467065592877045
-0.1451688519368432
-0.1448255572365314
-0.1368057471517796
-0.1329867534118034
-0.1270623875098335
-0.1156512066357486
-0.08858281738161776
0.1376798039818825
-0.08712845639335129
-0.08598915135218609
-0.08218837503638249
-0.1381522837891577
-0.02770323393152923
0.2297242244796102
0.1803739611409437
-0.04961300040158689
-0.2046703587138842
0.003240040698034415
-0.01003446449462007
0.2422212036795056
0.2324779696994392
0.2605216582092741
0.2571481760524976
0.265195312946829
0.2625066458695478
0.2422579473318469
0.1456232654035709
0.05620253249188283
-0.3645473268755933
-0.3437882552753035
-0.1229376999459031
-0.3031062508016714
-0.3115218339322964
0.01676634470905003
0.01728470570723546
-0.1885863016196139
-0.1594433564118266
-0.09417716610264137
0.1462138132547914
0.1372959794803719
0.1541788364385469
-0.01176289440092369
-0.02015049915020221
-0.01965613555401912
-0.01221994351521956
-0.0003582040472366186
-0.001919643953621187
-0.2465328767329721
-0.2204722603032493
-0.2013664158767374
0.1850417670930385
-0.1145742939747171
-0.1720723565275211
-0.1490790560168044
-0.1514689131501854
-0.133622959844957
0.02825727837731837
-0.0922850950259759
-0.116449019806312
-0.08902552702120045
0.04938263164880483
-0.2124098503319702
-0.1925302413294907
0.02943872796853289
0.01015718667862828
-0.2901005882974402
-0.2917064567446115
-0.3272531753993624
0.1953622284679058
0.2379658125170658
-0.04563634292828593
0.0215336760672486
-0.1979916305356217
-0.184865038743629
-0.1580117494220454
-0.2249293851685536
-0.111495457338417
-0.2826576875844987
-0.08758385296965994
-0.1599036345369591
0.2452725260278671
-0.117205541972417
-0.1016005785223407
-0.3066730106265156
0.2536010729188892
0.2251738193369805
0.2288214937227155
-0.2945510340686273
-0.1486840668795403
0.2020334925425208
-0.1097114676069212
-0.1651441629867133
-0.1884254348109698
