0.2622716023111573
0.2962893565707745
0.3197025996883849
0.3438926467658539
0.4024780309638772
0.3471377184204518
0.1594747668171785
0.2168276300728355
0.3494570235698273
0.2164253632362833
0.335260099488969
0.3128374380519999
0.2459813807089026
0.3051753099306779
0.4037871866325587
0.1623479035039807
0.3430232607954331
0.1584793734315612
0.2463209821635944
0.3332000466646243
0.3515080827319624
0.3515699759580355
0.3368151039520489
0.1779911362513198
0.1886057934490581
0.2861643633860323
0.3739500690555775
0.2366893462681149
0.4357779204993269
0.3251429151454767
0.2938596644649484
0.2116524721045754
0.3462691833884301
0.3545959404595854
0.3534881335169189
0.3341132036347824
0.2788970127814822
0.3338265990294437
0.3103453126672556
0.1527167063150383
0.3900314172348642
0.2676498012707947
0.2310522397087408
0.3256361737643315
0.2922612390172928
0.3034951190772486
0.3908574678351948
0.2256766669604555
0.3395334446775805
0.3070611451836152
0.2958801061641718
0.2317307965147941
0.2095545788200619
0.1663799560505878
0.4380992582629206
0.3873159946182822
0.2284547394980509
0.3083253241936303
0.3062907635915323
0.3871214527893647
0.3020371596815675
0.2998686920005086
0.2141086496903866
0.3536717015196897
0.3583279420220584
0.3530190927126499
0.3802821275789784
0.3763484683230137
0.3838663569516057
0.3884303300804029
0.2624453415001534
0.2505827811498988
0.2365203774490887
0.212998073920678
0.303664925132609
0.2501075620102414
0.2440769780975051
0.2090168647416793
0.2412026520913438
0.1102679387036201
0.2134177364050963
0.307881586969984
0.214210135800933
0.2133157243193659
0.3524818624873735
0.2883189268064608
0.3669267344638272
0.3408248184046014
0.3437337917064807
0.2880578369315326
0.2241204896956359
0.3415616547044704
0.3333466467918523
0.362397143699543
0.250961820331634
0.2353927274695224
0.3186447455649371
0.3666929433678088
0.280395069797076
0.1827410859033547
0.223499355030648
0.2748657108076956
0.2248112248703737
0.194697364018088
0.1693678217231271
0.4271113134362803
0.5072444928592968
0.4301817455048976
0.2157813499145171
0.1653700780427076
0.1402864817882298
0.2226981843388414
0.3453808818973441
0.3521268013141407
0.2496123300020357
0.3401725113232335
0.258685816328021
0.2205138248505124
0.4383245913126954
0.3438321304339229
0.1516507824803227
0.1685382030832454
0.1617670468128407
0.1993470655088183
0.2177036687292432
0.2554939712422494
0.2577822030821109
0.2636061299922248
0.3227546877398131
0.2556766268624739
0.3135415743675856
0.3459515184017357
0.3960998642072198
0.3974749055833605
0.2895954376627159
0.3254016243363571
0.2616461627132228
0.3365279131189076
0.3890853928002307
0.3110736696027115
0.318583017939159
0.3504725768035279
0.2976117974174047
0.1901523449871522
0.2377674803328898
0.2572027403438368
0.2924194930715826
0.2186756900555279
0.20485084712957
0.1875498236869812
0.294506580654709
0.3307256393311084
0.2431923218823582
0.2813796598479869
0.3397893298395918
0.2955998892238609
0.271573943998702
0.2896483556772048
0.2971319017155984
0.2241837563217409
0.2429975224464692
0.2736942189569362
0.3124800583116027
0.3858573676709852
0.2803006800026442
0.2786405805557168
0.3332515570750074
0.3589891864641994
0.435439577829421
0.4233895199016074
0.4640487217563287
0.4866072706918385
0.4405618754084896
0.4804447278960844
0.4727766265424425
0.4386298516615124
0.3978217188143272
0.4212535615336919
0.4180104717460018
0.3333025848182453
0.3141158145277068
0.2835176052652528
0.3141915048995607
0.4104201079399862
0.3503679102425083
0.254440108472724
0.2734369857424113
0.4054919886935417
0.309768713379011
0.2328429390585113
0.2609968125624892
0.2548907991455839
0.3828502260150753
0.3811016791180932
0.2782908437108711
0.4077723022125015
0.2161282868583461
0.2360172530646233
0.2550231655961289
0.2011783078274503
0.1496244876240811
0.1119828087329823
0.1815543784676427
0.4474700361029871
0.2290114647998154
0.1779395871691384
0.2844281833329729
0.3486217916737001
0.4012636635209146
0.280506143753218
0.318976859778293
0.5785756527334274
0.3095941340948898
0.4140719730739466
0.4430292544263579
0.4033817541896699
0.3879411680489689
0.6033161785137821
0.5620245295146501
0.4366239342081828
0.4160687741765894
0.3572047986567831
0.3244901160833104
0.1986695034387933
0.4089374688903589
0.2842454676104925
0.3033525086382582
0.3104503596497502
0.3274475883368413
0.2221902444208833
0.1727290549043197
0.1816245226463664
0.2032424102268798
0.2182941238602683
0.2020474119142372
0.1875436133993288
0.1925348908930991
0.2010256015912035
0.2584569764225409
0.2946108493465223
0.1725476907863703
0.2491521283143381
0.2350678999638965
0.246877899184653
0.2391983363526959
0.3766387442776187
0.3213175734380415
0.3093411703846815
0.3460725001467108
0.2170338932371572
0.1917265423012183
0.2093829134866089
0.2210684296197786
0.2613968086137924
0.2737410337362342
0.293898660388786
0.2069854820989025
0.2209921272312063
0.2537291495925285
0.2152649257161187
0.2343229973456854
0.2890883989647325
0.2959884917433723
0.3528299383684894
0.3543509790127916
0.2451393154811849
0.3844769966638806
0.3786245238854945
0.3355909619761107
0.3642616795390907
0.3430600919632912
0.3258267664631994
0.3194089063568612
0.311259719747281
0.2737281658691225
0.2972427164035425
0.4688096620394417
0.2560911800318809
0.2898871970454055
0.2943466436159901
0.3062253228330413
0.2570689604217747
0.3056923602326119
0.3561174983179872
0.3283104895556347
0.3683614018918587
0.2700691168480064
0.399625224026089
0.3992414694098456
0.3512526719478138
0.3306855477420649
0.3648447382236241
0.3453542909381302
0.3220698231338311
0.4024981272978669
0.2831944549862709
0.414178683071395
0.52136028341376
0.4744509762145239
0.4439002933635938
0.5182478791224706
0.5671162354652758
0.4064479070326177
0.6328706191446899
0.6892205871665852
0.5523339671054246
0.5994577801367584
0.5421415630868373
0.470323641149036
0.2849432173216913
0.2770513720912939
0.2443819395272348
0.1962259708167768
0.336213216625978
0.2961077130311471
0.3023355589559404
0.348081886511086
0.311497786534076
0.2885093325846257
0.2360689286907306
0.2395620050952552
0.290380021453407
0.242386478865478
0.2568925571966397
0.2415647398255898
0.2643930085150159
0.2486268972432715
0.2724891970622907
0.2204512079934288
0.2195723981422896
0.2974642371162831
0.2884674672952067
0.3830887994386902
0.5349439573499781
0.5283696267696559
0.3410292499113401
0.3458683198654199
0.3352113904676247
0.4101942030102761
0.5259430596121232
0.4022345770531835
0.4789041865028101
0.5632001953770243
0.6019009793521779
0.6584581923199738
0.6158533221387179
0.3349399245922169
0.6353953514705399
0.6069923483636723
0.6284263044128999
0.4642325059874304
0.4183919319504519
0.5985662075935699
0.5975456476766736
0.5395732137787439
0.4278573502720534
0.5348231319755417
0.3302323800384039
0.3760034099197798
0.3204983968504244
0.3128452311986963
0.3166555083753815
0.3098973113698205
0.3762429459950453
0.2913936164708007
0.2688960393283831
0.2810548114126402
0.3266206917007127
0.2823388726918341
0.2906552655875375
0.2916235419299498
0.2779406786811219
0.2484154232625441
0.2809905943181007
0.3635688847692498
0.3680508761418734
0.3700191445146251
0.3577135095482227
0.3035978333117358
0.3640680631006297
0.2601001432885298
0.2164525745513568
0.3560400940539437
0.3409466656971564
0.3313366957911422
0.1904542294400131
0.1841221938612602
0.233180464506254
0.3194194090637564
0.6214501394606996
0.3339384434568254
0.3109154593781941
0.5515784527816446
0.656856098628278
0.6420607694507852
0.6603371355124575
0.638876961907538
0.6131030325187944
0.6626439613277804
0.5127592115813447
0.2566878107827139
0.176330033288887
0.5583228628038917
0.476067563764611
0.3479352407127979
0.2715125928938648
0.2690995396192649
0.2529777454927416
0.1138220071398796
0.3268342765697353
0.4931884751599953
0.3651196017168097
0.385898443428837
0.3035597130552685
0.3270344385584318
0.4639188582022856
0.4951135323416181
0.1837545257973511
0.4071555380424333
0.3833797020525983
0.131033097548622
0.04616016944951767
0.3112894716721675
0.322448677083684
0.4021626255861304
0.5106888295137231
0.5448677300760444
0.5496734713836608
0.5059958239608994
0.5954721511117701
0.3992733417371577
0.3249900239448775
0.6107344208228693
0.6028743515576842
0.2969506254848962
0.193034364800386
0.2642005865081002
0.4705515294124744
0.4794553860438734
0.4238623476417815
0.3650944684541428
0.324362174872394
0.2667901575889005
0.2289731045079625
0.3148432482970609
0.3067000722529922
0.128660263701239
0.2188531590945442
0.6441714310405727
0.4164817514656441
0.3763406829115723
0.4010424202453828
0.3801574449940125
0.340928397009153
0.3549318584492198
0.3100020348083455
0.2847877248124817
0.3091019549865821
0.3198232290035321
0.3240489465321117
0.3012781140532922
0.2904173745494325
0.3385929318310892
0.3253677494395241
0.3113864722454747
0.3083173205344988
0.3252165430899602
0.3214561961369883
0.3675283431144894
0.3812260762352841
0.4074912806949035
0.3187426065010731
0.3993274740463327
0.454776229429141
0.4526893279636378
0.4680371649451377
0.4452766004656916
0.4384176698141073
0.4437436610698543
0.32527287401101
0.3686150234568682
0.3298101372022692
0.2797674148863332
0.2565637633268272
0.2248813102153206
0.185376170278182
0.1967267271615071
0.1892715190417298
0.2227690116436078
0.2505831023574187
0.2334943755557762
0.2901439287363204
0.2302818268307192
0.2622862285579743
0.2062666496499138
0.2098835455428726
0.3022439936763665
0.2950780641074244
0.2520625005622752
0.3017672395476423
0.2760640848737648
0.270908890922584
0.3091258965919107
0.2834010417461957
0.1946434369113119
0.3221733634832217
0.2048456113148464
0.2809783261201713
0.273239979256188
0.3339557745267272
0.4040034210239047
0.4085070228765527
0.3412230685696511
0.4073137000687683
0.2601764144083142
0.1482541500089755
0.1497448567616808
0.1296429021942516
0.1264334977753744
0.1882714981097726
0.09872297377678169
0.3021806309816253
0.2441385040401734
0.2185748563763987
0.2352463292513865
0.2802635403411884
0.562188002109882
0.5181116843145095
0.2638734504594112
0.3515807484923994
0.3683197217412998
0.2959697485507603
0.3624117449179974
0.3227299905238184
0.426556285387712
0.4335483457361141
0.4545550701768724
0.412741909188071
0.3117264780348414
0.1588289644607257
0.1468128777360205
0.1114815909875008
0.5509274360732778
0.2685686108311368
0.3407065341835744
0.2250816738517551
0.4253986678654303
0.3269021564434656
0.3062623259429169
0.2406271262695715
0.3286907167663377
0.247519729345356
0.289155821534738
0.3058346317254718
0.3291268857850055
0.3580579937427402
0.3699034456698505
0.2764057838331452
0.2744172421647555
0.260574668490721
0.310427466537503
0.3048387458065439
0.1880041506840604
0.183168205781312
0.2484093611459269
0.2923018608810274
0.2816892264819446
0.2942885047380016
0.3503891027510833
0.3969441745426968
0.2147624931897743
0.1497525194703128
0.1578968875109947
0.09956094884027156
0.3104823984472501
0.1690844769694193
0.2201473140110817
0.1911949181178685
0.4983229440114173
0.5181653286512738
0.5433501050582236
0.4575629533449057
0.2982236018757842
0.2816782975547426
0.2896425635725124
0.2514565950979156
0.2165090159846183
0.2607267928556383
0.231337940249815
0.4134310720285905
0.3919884277958185
0.3888014185622954
0.289961334083757
0.1096718796541934
0.1465872561191102
0.3570155823157949
0.1506217901855588
0.2055767616417121
0.2355698222012451
0.390888279293001
0.3627734726663676
0.352397371665155
0.3481580610415851
0.3353175081392973
0.3300262402409759
0.3884638119777832
0.3755986006004041
0.3234830246847659
0.3605186197468408
0.3490528696800127
0.280901135541045
0.1247057587795522
0.1177855055922928
0.3726383821771104
0.2060633274774633
0.3176840447544342
0.5050107884928927
0.3517797680637423
0.2809545047917009
0.2123274597975019
0.3313945437405265
0.3486470936232668
0.4463771993013366
0.3630349476834753
0.4741045293693785
0.456674039037624
0.5558077382710888
0.6054846421512988
0.3724248633037243
0.2184431133856549
0.2955417207459675
0.4705348726858371
0.4560537727677071
0.1417143011267178
0.3561479710603656
0.394680430455167
0.3245590918103611
0.3396493423334611
0.3773134485855867
0.333596601884887
0.2319451032958187
0.32706477186533
0.3114394717529342
0.3069197504306564
0.2747607757095209
0.2554751407946901
0.338691495799064
0.3381322426884682
0.3414852463562869
0.322944790860912
0.3584039998682316
0.3219840715995357
0.2624315189342795
0.3789602102796283
0.411629932238215
0.1518086394939316
0.1155477969661259
0.112973765688073
0.1090917831207226
0.3189159006250902
0.2166880509708144
0.2934488792046626
0.2838354815568479
0.2226198099351036
0.2027923311223056
0.1649606482217395
0.2293040590955311
0.2604448594839835
0.3193607520141381
0.3261696167354391
0.4450030223522622
0.5384182321998523
0.5253171577652945
0.2643298041291195
0.3071708095634947
0.3617514787146718
0.3195477743115588
0.2657684733077223
0.2402206325292021
0.07868596263427168
0.4116469275551113
0.247891507573361
0.390856695066598
0.626628764003432
0.2228748317494686
0.4208264890594506
0.3890050524726239
0.5927933191308
0.5472545446564059
0.4191451116127393
0.3264784161396054
0.1619974191205898
0.5367134993835642
0.1933417208987165
0.1893558371393941
0.2459012174994752
