-0.08778647793354541
-0.04004175953095247
-0.1665702533618605
-0.1728268206382021
-0.1596993158540335
-0.1671753831645904
-0.1089079983039727
-0.1395453703816011
0.3136079558196471
-0.1557040232685529
-0.1533525765189443
-0.1788063484214744
-0.09016494973136638
-0.1359725857120687
-0.1461383933832231
-0.1650793353306455
-0.1789579790850803
-0.1548719718965872
-0.1325343126738393
-0.1760996158905223
-0.1710259433088464
-0.1754301136422218
0.04407560493284215
0.07411049157046351
-0.04564520792941025
-0.1719645447753223
-0.1793144397927794
-0.1214937977840425
-0.186979350720677
-0.1780335142578997
-0.1761706873857521
-0.1712097568747016
-0.1765124815169869
-0.1752733610347247
-0.1694686985483239
-0.1733614500878644
-0.1501918155205608
-0.1751091558944454
-0.173486578362734
-0.1444462159153617
-0.1323003557589819
-0.1401655145370727
-0.02979163446117826
-0.1621517759288265
-0.1510699212476688
-0.1594461618541004
-0.03789688476164483
-0.1704168466327171
-0.1809198379123601
-0.1778438029363905
-0.1531147931664745
-0.1249068842304103
-0.1005187971647608
-0.1554029845699479
0.03769440005561658
-0.1537594985614119
-0.09429830402467011
-0.1061167902691327
-0.05245133625050162
-0.1729109688408446
-0.1674604776424836
-0.1558711801704362
-0.1612908729160098
-0.178399419377944
-0.1792253852066456
-0.174677975632555
-0.1783598730873617
-0.1695201915598462
-0.1778861139726056
-0.1642868633536816
-0.1380599479010372
-0.1406364130932264
-0.1228953907037986
-0.05985474223641724
-0.1765859029238345
-0.1724789609542114
-0.1105381135348294
-0.08089787179294733
-0.00374031052832525
-0.004884025463269389
-0.1131620093715697
-0.07555745874554724
-0.1039160211765172
-0.0913772115517858
-0.1717393059767626
-0.09746218152185868
-0.1484338381416247
-0.1076996380362881
-0.08918532935452712
-0.03804354894043831
-0.1746006770728647
0.08678119565304113
0.146931174928269
-0.04173814052332299
-0.03105892823522455
0.02981002076970147
0.1335569426250319
0.01799844872128997
-0.02180715748051642
-0.162607625793281
-0.1497549544902604
-0.1323704632324067
-0.1467093686896993
-0.1013643999601692
-0.07050416014599746
-0.0937572615066202
-0.1403413978023784
-0.09318052191635814
-0.0887954293916545
-0.05691318205738209
-0.02580306637334276
-0.05950298407189765
-0.1028411270916763
-0.05322476275561482
0.02086642562313027
0.09776700298005522
0.1687174568579717
0.1477298978379657
0.2544234536288324
0.3329157081224896
0.04061972104296917
-0.04757693664861684
-0.004934144493966445
-0.03904885033640591
-0.03336183649396535
0.01860404135741659
0.06322768728010245
0.1027351380708459
0.2009864934065427
0.2005565838196071
0.07134674863482916
0.1184890364506424
0.2081997753817479
0.153263035312574
0.05144398970249762
0.1619503735867308
0.261214748508589
0.279211998754406
0.1510125488206798
-0.08769926121054832
0.1218135387710708
0.08957405327204121
-0.0247887126069334
-0.07171060320189541
-0.1246351744678145
-0.1215801996544447
-0.0853342992883243
-0.08697722278126943
-0.07584598917597143
-0.1281240531029796
0.3202152986243726
0.337671412051923
0.1567870786536053
0.3165766535066165
-0.1335862137368007
-0.1052627211592657
-0.05953680520896881
-0.1173955438414052
-0.1199819543019807
-0.07738465043827276
-0.05460893687901354
-0.05905949410821276
-0.04489032598202208
-0.1464180587930821
-0.04222309702651086
-0.03743699344007038
-0.05001334657946476
-0.0511092329159027
-0.08424691905793749
-0.06916149872959708
-0.1107894058016217
-0.147917330001496
-0.1636123130033629
-0.1560429308301651
-0.1332900450765209
-0.08257785752093849
0.02490629365883342
0.1321081203778559
-0.03860861323617368
-0.007347095527117666
0.04501846359162205
-0.02898744125964807
-0.05837051990315458
-0.0408771068167401
0.003520705084437817
-0.045486010836452
-0.1984470615868266
-0.1216955259895329
0.08749742176812826
-0.1224114635077605
-0.09295940804343074
-0.158747227812264
0.2160317900363243
-0.09367674388265856
-0.08847578594600657
-0.1067048657689565
-0.08171449429007638
-0.06034243959293344
-0.07640845528914236
-0.08676326698741546
-0.1045369588105557
-0.1284862795149848
-0.1420225759141943
-0.09310156371572197
0.1370349012105922
0.09640287032709222
0.1446246432301241
0.2449640771092669
0.1870026669792252
0.2341896046817224
0.2779332486443616
0.09285204586542405
0.331723376496232
0.1818951655935905
0.1220540377120597
0.2537921226485825
0.1963911827900013
0.1584104962416904
0.1556767520045992
0.1928580845934194
0.2698392698855629
0.3365088476756958
0.2395898405088578
0.1308152784418568
-0.1713562794808321
-0.07516964813115272
-0.05218658404892849
-0.01743833242426649
0.002534511134318152
-0.1021042329247935
-0.1243299754815064
-0.103625808317301
-0.07949109539172178
-0.08930088001134003
-0.09607974231914412
-0.0824872416571264
-0.06067586902319906
-0.08922354095990653
-0.09005007140022984
-0.1024863857991762
-0.1076009134976938
-0.1095644977624268
-0.04529416069527845
-0.04225525593408769
-0.06798467907505867
0.2346477599325177
0.2726416597695357
-0.134977262922498
-0.04641733751025613
-0.07850072851771059
-0.1414408657368927
-0.1651166218563911
-0.1600464821074988
-0.08558269616463343
-0.07040303489526492
-0.03329943477724823
-0.1462614518580924
-0.1277193200681762
-0.1520959736459832
-0.2055517837494602
-0.2181405077924428
-0.1408939680844278
-0.07244932717481439
0.01242744594015003
0.0196685033015668
-0.192167742081894
0.193191213764941
0.2641279927421909
-0.1387879703709575
0.3019469046100479
0.338126827583455
0.3561806484905467
0.3532933408474058
0.3464758953163512
0.2662583811611491
0.1767912604238611
0.1184195722564278
0.1377558675880829
0.07161685535270763
0.3275682456529326
0.2748363109557608
0.1611951620536043
0.147092442387129
0.06721063720422837
0.3299598683070041
0.3077862356008157
0.2894570726265783
0.3017893421117249
0.3146248008700279
0.3063423989887599
0.2827411603638655
0.2773862133928595
0.2274860528203814
0.1566641222590645
0.1930708909633743
0.1774685341263638
0.224102192056232
0.1578770443383331
0.2004407260058355
0.2175728732753149
0.1802523132339584
0.1256677312355086
0.1577998301970737
0.1410893457996355
0.1113122701106235
0.1519639429959939
0.1319085181608638
0.04934517297981899
0.105586742186705
0.247070734344555
0.1529839984501155
0.07570592785040137
0.07707071383447521
0.2848449068552683
0.2218846804134756
0.1887627077532721
-0.05773266536774178
0.2884624301674728
0.2426582291897527
0.1755466969327178
0.1605911028403323
0.2255848517929984
0.1843669632048744
0.2205032289377095
0.149623145598356
0.2022579876457633
0.1329070406216049
0.101995380629383
0.1021443430841054
0.1486316915419934
0.2336805271100278
0.1123832799107543
0.1199884277160243
0.1641647348561347
0.1222932808846369
0.2089530787903861
0.1683523367644867
0.1250968048581798
0.1195457706906137
0.153836566093512
0.1890857708425135
0.1723434813298416
0.162298049244629
0.1579331987656045
0.1255628510895102
0.1013627530887425
0.04848415489864552
0.1153827956533037
0.05520230623678898
0.08646765482826037
0.06052843028605413
0.003184395936601699
0.1516309313563731
0.1445796466557238
0.1509085801794159
0.1129260919050106
0.1417868101702364
0.2448706474239501
0.2562629780807495
0.1672010647496008
0.2515982972983478
0.3307271338475181
0.3102677752660353
0.2445198654967438
0.1997517123225947
0.2300437798908818
0.2815916900539496
0.2890589771413254
0.3177543160890875
0.3443043705396839
0.297818082201923
0.2409863315040743
0.09009508897930416
0.2463966352624282
0.2749798535953862
0.2519438498698487
0.2661621159857812
0.1620968378399308
0.007358324739937271
0.2151644029913056
-0.02542700066310591
0.1916421451968228
0.3409257953924458
0.3654525239845144
0.3345200809705648
0.1249776806565747
0.1074141966335921
0.1228311158427092
0.2927895301369416
0.1269180324155409
0.2124110957220238
-0.01412088801833911
0.1247071661265731
0.1308288150834871
0.1387959182668617
0.1234030081933569
0.1091076001906351
0.07504103982966095
0.08321426450425812
0.1110339998151258
0.05686457753820244
-0.01708095262818153
0.0407337570522972
0.03592980538839647
0.01857052903033399
-0.006017740105660537
-0.02039957697775924
0.02487333252053081
0.002680929936312419
-0.01575458743162715
0.02141846400357643
0.06411104571769422
0.09188808956380136
0.08351963592188914
0.07986818948993914
0.092336234368531
0.06670109642400808
0.04297415981586552
0.0128977794829024
0.029514958653922
0.01383911987379294
-0.03219764953811896
0.2836174751466063
0.3217270336004744
0.1354013845176376
0.1331570500901355
0.08700101551546383
0.09223823005432968
0.1378794860738174
0.1205993743468089
0.1326294279648507
0.1509263238713327
0.0697963467802679
0.05271169131253833
0.1467705662898243
0.1165927729524871
0.230311413688954
0.1806669720915238
0.1935992885161084
0.2343450886865005
0.236216046234398
0.2457132250957993
0.2162641269653872
0.1508339014767004
0.2850846238001398
0.3165408574997134
-0.02407564602191529
0.0111953121542303
0.08578021826254124
-0.02810358384286961
0.02070165049641659
0.0686959558837492
0.1271553163905301
0.1361009236977671
0.004084721600399613
0.01267516759187836
-0.01037112835587609
0.02954931304871247
0.02495042853638199
0.04177563523479941
0.03228140523842551
-0.05652589159421634
0.06200826029699419
-0.08930661678504634
-0.1533013820158789
-0.181868454555243
-0.1419501727536829
-0.1368979539667719
-0.03656464159288145
0.05108341221879662
0.07110371278925096
0.05282772679330022
0.08119900089330467
0.07867335667802375
0.01775359961139263
0.134204247492548
0.1859416412953122
0.1758895186515973
0.2259196393290315
0.1600916226206219
0.2007291836035063
0.1726808695487679
0.06680311759836097
0.03278386529268575
0.03442307641246977
0.06349153269836125
0.007130224642817389
0.102267882929992
0.09493677426806968
-0.01985638910420987
-0.008020060773977794
0.009492920192918171
-0.04629867319459589
-0.07377399776411837
-0.07387449130726077
-0.08042319006064907
-0.07013919108230397
-0.0313118055347056
-0.09946682304771294
-0.1263811965924985
-0.1301936652014437
-0.1339096028886532
-0.1514659967286359
-0.1467562562099882
-0.057504052867719
-0.09581340932971748
0.1028583660598281
0.1089797468887214
0.06373784986550737
0.1380067054792095
0.1393582971926294
0.09418444701978075
0.05002504986151343
0.03799772090991851
-0.1316238271660085
0.08225523237529966
0.07177581617375306
0.05815761704052063
0.02847964100253075
0.08800810422149481
0.02054163685158154
0.3474998517752718
-0.1422999198060214
0.1409745882198141
0.1336626972696335
0.1377631979246177
0.1637275773809113
0.1864955520922428
-0.1433543438320929
-0.1480866917796548
-0.1560382241786453
-0.1416444233305894
-0.146991448647017
-0.1166625731368035
-0.1638199514203196
-0.1527248085384998
-0.1482660569438402
-0.1380515147320617
-0.1325286745271936
-0.1265905425126393
-0.1077551485656871
-0.121301458194664
0.02966785848796907
-0.04152929508233321
-0.06736366027302336
0.07841399646730207
0.101522120216262
0.09417734931896987
0.09304348918147577
0.06445393225661283
0.007978742085885924
-0.0486004983167953
-0.02708863676974314
-0.03401440174237178
-0.02196701130566078
-0.02791635632347091
-0.03154263060279654
-0.07923172995448191
-0.07043705378600931
-0.08744070511584712
-0.07412682123178718
0.1218117865243183
0.04924658237278736
0.02197236905607407
-0.01069418905008343
-0.04749833395213428
-0.06701040513725941
-0.09007917400749831
-0.08285074954054804
-0.08506324575463284
-0.04186565051577946
-0.0145879273705317
-0.0022268409643457
0.007200023870440718
-0.007078863322845003
-0.03564709788375774
-0.06649266859184369
-0.05755733451283923
0.1220015784062
0.1371719500723685
0.145431983620345
0.1262122686064016
0.04079692377509718
0.06103296830675125
-0.1196469903166222
-0.1087996236382144
-0.09743572245420951
-0.1275015588548496
-0.1360583541099206
-0.1762488184468099
-0.1762098740558965
-0.1630846291901435
0.1115740976073948
-0.009973612048478468
-0.04128595255781648
-0.1217785238035727
-0.1282304040976865
-0.06564499448481767
-0.05003150817493991
0.09173562068185846
0.1214111664818639
0.1163318507839853
0.1548611755915485
0.1710552237477771
0.1711054999179521
0.1882822749714507
0.2111726380408811
0.1838839690699493
0.1978233061620912
0.2384199508230797
0.3141209880372512
-0.1490566101143675
-0.1505911821903169
0.2176245575827922
-0.09940023777873373
0.2888629032780599
0.1155197115059847
0.1392976615650831
-0.138001420056443
-0.08829897724503079
0.07388404812722821
0.02879444161048703
0.1168241200144163
0.09554480536970385
0.1491541100843528
0.1800839713896387
0.1426509722111629
0.1498710168809122
0.1571182859801763
0.1096162897550316
0.2615464702230749
-0.106675874962664
-0.0925538476807486
0.06016203218869293
-0.1179884410817064
-0.1444616971129462
0.1479681944675715
0.08851136048471527
-0.1609890489096744
-0.1515747645003603
0.1082186089071811
0.1965955410800092
0.2416256571948967
0.1998327445948498
0.1595971632146348
0.06207151656842805
-0.1238258162635436
-0.0956663566907439
-0.0334033265214331
0.2480878172622715
-0.04793385747355446
-0.04288158811964162
-0.138401307696836
0.2694960007874755
0.1579714501289908
0.02033318332535046
0.02308091040907892
0.007924814268685746
0.04320402420511366
0.3247129638087744
-0.1152203319029497
-0.06492453913924841
-0.1156701244956483
0.1513669227778436
-0.02185286006475588
-0.02512535225741513
0.03246120528122895
0.01396974124697057
-0.05978537214709712
-0.08216223173959834
-0.1528002481892278
0.1349924699246196
0.1424257492734792
0.16352741168632
0.296324608076453
0.07369583967222902
-0.0453735169792881
-0.1547457201141389
-0.1085818430243309
0.02290286755115715
-0.1630827189327063
-0.03954832326955896
0.05928470761777464
0.08483318130481561
-0.1156203990825479
0.2211419790223885
-0.1445299805213577
0.1272203098290184
0.09299019601263504
0.2167644159157364
-0.09631942369601612
-0.06871769914056776
0.1517231408723682
-0.08223451419560941
0.04656588847300962
0.04253749354223104
