0.02059324594771465
0.01058537697565556
-0.02548049435621414
-0.04490698841463885
-0.1636795786045712
-0.1040524772924688
0.04573827590707862
0.06393776534197881
0.1843657238884168
0.03912036210200429
-0.1151489020555691
-0.002000097909333584
-0.03000585844568248
0.02346958843875982
-0.0845521085869568
0.03338701875127714
-0.03027375016557585
0.01424449526302896
-0.05778503609787448
-0.02505592465667675
-0.047617642143632
-0.05666201841663496
0.02690146042541258
0.02474644049652322
-0.02062471453562974
0.01890342042533694
-0.0837965554179686
0.01699223292359421
-0.1251048801629016
-0.01291065763817613
0.0117481982248144
0.03847952700147279
-0.0423885926569261
-0.06907473989701302
-0.1206452247537212
-0.02842021566758199
0.006438556704560486
-0.03070384640399123
-0.003638045049626602
0.01553392770585682
-0.05549603109008425
-0.04338140726482666
-0.04488972484415808
-0.08801277278090953
-0.05297102357586088
-0.01805841846545086
-0.0567334204732327
0.03676634606539752
-0.02175307664847961
0.002692852009817307
-0.02360316862545545
-0.0126881304653792
-0.01384266495593841
0.05091478082162784
-0.0001547976055026874
-0.105564197664121
-0.07358188506074112
-0.1339783513887386
-0.07504052678137171
-0.1455559437109644
-0.001496185401216321
0.01458054974495481
0.04411201326925467
-0.04915845380598231
-0.05260049383122004
-0.06037562968365277
-0.08820007402232974
-0.0816536642710604
-0.1296963878543908
-0.09206226019839525
0.007797172404507263
0.03307737331228304
0.009744173230256246
-0.06417076558442883
0.00340272038961805
0.02811726253496482
-0.06227263491923804
-0.02784501035257132
-0.001684020589097394
-0.003928153765394462
-0.01384249281196794
0.02984496284909149
0.02739130363947046
0.09643943115282042
-0.09150440223308851
-0.09699353821641632
-0.144597094492789
-0.1335291152610695
-0.1114926392084166
-0.03246073831576021
-0.03488096710923903
0.05393161444471543
0.08036928295328788
-0.04931345321731633
-0.03345303771103603
0.0205037101867824
0.08068045261365303
0.05271643465567333
-0.01545009417408231
0.03192774489593575
0.01106980134317647
-0.0301898213476079
-0.01482356421416604
0.002509036878201191
0.01475887102469925
-0.04147906227095045
-0.09539146078003261
-0.08412224894429501
-0.07264176284325062
-0.006329340108289706
-0.009641748690304732
-0.04495722699504771
-0.07750640163485248
-0.06008720529111631
-0.02065930646076172
0.03968673217964981
0.2121103013761437
0.1172315070969683
0.1595491181314367
0.2722079888761286
0.0064918397437697
-0.0153396414705955
-0.01517075184167901
-0.01581597440799142
-0.01030611548126801
0.01635371824193717
0.03469254949939154
0.05436711968265888
0.1230578109846297
0.1646255278797174
0.04576585202241704
0.06956589447403247
0.1212156994848439
0.1239005125105379
0.1245068620904604
0.1596540705065058
0.2758331919156857
0.288369332733574
0.104470117033027
0.02504694893380994
0.09152862451268845
0.06725984945719726
0.01616639282486656
0.005391281922926926
-0.02767916267299842
-0.04154830452055613
-0.09891878014888922
-0.09972434988476543
-0.06034088104081386
-0.04251746439853325
0.2388997987337485
0.2208662630465128
0.2122070065868565
0.2477328908863968
-0.04219925337394483
0.05447890354322321
0.077124376810425
-0.07069768364164766
-0.1244732593890857
-0.01535667934950564
-0.02185466190001825
0.0335585478977986
-0.03546712239161812
-0.1496557795838351
-0.0489712440495266
0.04880949782119606
0.003380602528398508
-0.02645776843794839
-0.05856799669043392
-0.06929224174708197
-0.07412752848700969
-0.08156903324106164
-0.07903708423976383
-0.09807569459050529
-0.1003944472263042
-0.08076739928820049
-0.0134911499325163
0.06465518472577614
-0.0555569154811956
-0.03341435801813537
0.00685807970658645
0.01324489874095248
0.016762134597885
-0.05389748701329776
-0.02876847294655235
-0.03707354624539332
-0.03923642337674384
-0.09681019457164632
0.05533146428333396
-0.03410657111483877
-0.09153143081584267
-0.02444725263855728
0.2718579983816115
-0.01363276066304298
-0.007148076184128395
-0.05084882055803376
0.0376236876303906
0.07411640133811953
0.09064222556828866
0.07106846405161241
0.07929496883638366
0.05444391374789453
-0.01341971692452845
-0.08482923575817755
0.2124031600746308
0.06527720870574039
0.08618917532248144
0.1716806142193011
0.1113313171845092
0.2062962726702078
0.2985213285147061
0.2895116665093185
0.3232807333307599
0.305104757616069
0.06049042654680333
0.3396298395842507
0.2958921602022021
0.2770752407230178
0.3022857877474963
0.1129914801250247
0.1785889179764128
0.2355311364842217
0.1689557545571596
0.1434894504255636
-0.1476388433967059
-0.0647507068884664
-0.06954048238346169
-0.03281776436884822
0.004072818633143538
-0.05098276305799089
-0.05721831007991339
-0.05289216515971859
-0.03338151265210762
-0.01537302008707823
-0.07073001925761606
-0.07929207032983367
-0.0624704123418632
-0.08747812556292048
-0.1007588955193145
-0.1126090675739331
0.09494177021700806
0.08171313869074145
-0.05189083641879919
-0.0411936285334361
-0.05840955417666631
0.1312925042455391
0.155949439780877
-0.008768036251871669
0.03903587350338789
-0.08433007012304695
-0.0463284447121127
-0.03953669286756062
-0.03174371734631815
-0.01178440752971601
-0.02641006526835656
-0.002763403310014293
-0.03262961806875095
-0.01887459948800461
-0.02196685862886833
-0.0436772096146427
-0.0470512864578627
-0.0132891901279656
0.009766704168056327
0.03993864531070149
0.02835151281262723
-0.03771861661896186
0.1147331860061058
0.1680277506766229
-0.02326207220647092
0.2203889332663642
0.2550100869987699
0.3041397041140012
0.2711889088821202
0.3013469742103899
0.2764319006133723
0.2379602058232825
0.1256146864156119
0.2467694638339665
0.1710680694931045
0.2279247731268148
0.2079561232691234
0.1981878616194712
0.1457837842064101
0.09304572499918994
0.3232756925243812
0.209659230034529
0.2643729441748839
0.1979549475679818
0.2160868181890281
0.3432619048233269
0.3193478920844379
0.3350870395255185
0.2962056602106153
0.2472566268949357
0.2876330928653532
0.2146644979614714
0.3300812378161303
0.3151113687461535
0.3239907346186169
0.3079253229476593
0.2514422720526899
0.06192520373445834
0.2089355838945208
0.1777159729081896
0.2185461846461038
0.09923066256536625
0.09390971222122999
0.1609601491011111
0.2720596048940357
0.2197551462896028
0.1696599286956233
0.1619957880361734
0.1939468153789237
0.2224792385290234
0.1700184926288308
0.1277374400480226
0.02531259315838007
0.2545697279133433
0.246912173811172
0.1557275375615597
0.1284696498649633
0.1500834292593959
0.1915471343098008
0.2455755826441982
0.2192231289991666
0.2483091975342755
0.2170957237092907
0.1920334453778809
0.2168770928277722
0.2410103264679748
0.2714459655494066
0.2241977807184509
0.225913188621567
0.2822907902111681
0.1953272111771353
0.2610797482632579
0.2283675762666012
0.1918475277667478
0.1677624833224596
0.1765083116209359
0.2449078315290894
0.2212337136756066
0.2038068512693043
0.2356616513844616
0.2245844053751978
0.1376032371205627
0.01564442260192061
0.2771046893563346
0.245226269363564
0.2772853811313218
0.1024322968770675
0.1723973883583985
0.1540477174531955
0.1012996459188975
0.02782051570490503
-0.01056575446422997
0.07360635777906828
0.2878040234364386
0.3211830331656695
0.2699577683925959
0.3016710589934372
0.2979954279585674
0.2493503043617354
0.3095198196785305
0.2826882516890079
0.28122666743919
0.2858083288920445
0.3042451980707812
0.2791020364182804
0.2478634289926724
0.2693637014993299
0.2291133781305715
0.1526479916138611
0.1996842578402804
0.1933754787492455
0.1616855130477032
0.150819745489876
0.1401692655175943
0.07694016865773798
0.1317546063998485
0.07551055685803942
0.2353264514231074
0.2248472742675929
0.2520609734381639
0.197734119910908
0.1199056985630841
0.08980086332770587
0.07998170221610988
0.1581529004254607
0.1224172871233671
0.2955121384952817
0.07060874619072169
0.1206879002148755
0.1771404624335481
0.2474566194645103
0.2764982036462351
0.1411242160155267
0.1814967154246713
0.2436041190373336
0.05124312977164275
-0.01059417527949192
0.05938993058864047
0.2138516879645282
0.156282003075509
0.09980522818624746
0.07289931750001141
0.1195729529269227
0.03709369419181799
-0.02692847506816778
0.1335080459682386
0.1820290164342676
0.04302534951654933
0.00872825088116011
-0.03327240385592298
-0.02993589757731686
0.02742350188845744
0.08734443707467129
-0.04230328361423921
0.1261445978326909
0.07696585099780072
-0.01763809304901843
0.0006318587236878881
0.2032621435166332
0.2926060390999509
0.2704842826396109
0.304030221680761
0.2860057964398848
0.2782395527429477
0.28873392270999
0.2917665539373853
0.255716442264147
0.2301922189412023
0.2788268536470205
0.2559955464305237
0.08201603699649949
0.08339329402806799
0.2339832190476147
0.301375467074711
0.3099713103946107
0.3219337378222357
0.2890251135771705
0.2646316060412891
0.1997181006471088
0.1659465733317113
0.2633717337204302
0.2703052128555903
0.02097317371779243
0.01036146656174101
0.2227098136929845
-0.04758222663972993
-0.0141234452101269
0.02836929715629599
0.06474477482707844
0.0825358724849222
-0.02592434021727053
-0.008176786483218219
0.003318191903528415
0.02065886773871298
0.03457838268945883
0.0499304086580716
0.05102320417711294
0.01313619829841935
0.02778614337967325
0.006030743851307461
-0.02031692022027487
-0.03115741989919629
-0.01070184365211966
-0.007003815224701913
0.03903727642159006
0.08127588463376756
0.08213860398471837
0.08636250119252652
0.02686512733813535
0.02933653027985506
-0.01263581361620055
0.07033808096668889
0.1064489329044872
0.1019936942850505
0.1396228105001255
0.100147173288559
0.1313086522605073
0.1244082087914363
0.04113661413671803
0.02067621518538946
0.01358480212830569
0.02792720753278805
-0.005261296188874254
0.2009037065188418
0.1909463437316907
-0.006219991850624901
-0.006686474502827391
-0.002865068449924568
-0.03120695183611998
-0.06213298784195329
-0.04495746843281559
-0.03418652916278314
-0.07595193941741882
-0.0436326567981089
-0.07755068614365453
-0.1096234164101373
-0.08708257769189885
-0.06121772103165735
-0.08631774925257531
-0.07715550476872263
-0.01989875985074351
-0.1088069881072574
0.05525165869833761
0.05181995818879202
0.01274123052962955
0.07371569896148307
0.07321479489188709
0.03939332882199725
0.002996754415051658
-0.0001771338220098754
0.05943178641401037
0.0441401031612622
0.03273334213662518
0.01040780068495262
-0.01582705265285962
0.04936546178632786
-0.01159104079472855
0.2665708075893335
0.02569269940204905
0.1710413359596377
0.1800055839293217
0.2089673951648345
0.3072751965127892
0.3008899277889598
-0.02915532748697179
-0.05737405524283242
-0.06187818170717965
-0.04503450057225693
-0.05844609189101452
-0.06145126806902253
-0.07642436530469825
-0.09263118894292013
-0.1002290103418025
-0.09102939463247202
-0.03895006418829543
-0.00581342003732509
0.01488287437493727
0.03103193745317387
0.2315321438405005
-0.02297594886975889
0.01967934174659254
0.2024340969648043
0.1638737314602584
0.05307696639390724
0.04811259349187933
0.03052433738530139
-0.004027536283033682
-0.02496081265063555
-0.02986973178875405
-0.04316653866192781
-0.03864027362699118
-0.04858261958118145
-0.0534263824000909
0.07647206136240545
0.05750101073727409
0.05116813712822788
0.02941694362263618
0.06600226397165491
-0.0002039107569693766
-0.02093553681557699
-0.03907506929621025
-0.05703978512132302
-0.06199430241221401
-0.06189447031315186
-0.0730809989343438
-0.0775344305027211
-0.04796596508193936
-0.02840289697984058
-0.03152710349593035
-0.008648220468251356
-0.03403860528371879
-0.02696544532421245
-0.03890155742387532
-0.0194461756352181
0.01418957416040038
0.0160929666003004
0.0402240048024378
0.0003819632142070821
0.02407294748003416
0.03909225415105617
-0.03686880139443533
-0.01113364253377967
0.01099497150583314
-0.01171541885307844
-0.008610562961750751
-0.1605218275531353
-0.153875552556349
-0.1619868680374699
0.07606035108388186
0.0002929438814658573
0.004760053880411327
-0.07695868168495149
0.07283630095593462
-0.04271855612875009
-0.0485427502942878
0.08227203346018845
0.08646475695771866
0.07618815785708795
0.09662667146143117
0.09867172580577016
0.0937773387593988
0.1160351546041101
0.1174347849130994
0.09797794744159372
0.113019749727707
0.1372666780459846
0.2968182397456457
0.03850780937518381
0.0226741938783747
0.1406492398123642
0.01584934226707852
0.1820692950621881
0.1512000872537329
0.2460405567029343
-0.01520914424021816
-0.02360082328753957
0.07987781755840032
0.05909406942237232
0.2059410560004133
0.187022885310491
0.2544631812564966
0.2909986800091143
0.2429060102138438
0.2857201904671697
0.2640560138436169
0.2141117841887669
0.2162574524719652
-0.08447063188613997
-0.07226968797924013
0.02067485626250957
-0.1433643082874065
-0.1555372849920495
0.1257723641974036
0.1181961746049084
-0.05318074067180746
-0.03877124618051014
0.06429751445353887
0.2477193412639872
0.2753766005375978
0.2568851801223245
0.1716603542573871
0.1184140295009085
-0.004203021507355476
0.01369330159603725
0.04618783814335526
0.1577219733596422
-0.04184431398524611
-0.04614730651991988
-0.03674670864517172
0.3186644660392542
0.1170912051441652
-0.005296481564942631
-0.007933638270152896
-0.005866348492414936
0.0009113029680789181
0.2340064825538845
0.02827584996769978
0.05630006090091679
-0.008992174989491432
0.1453884239565178
-0.01676576731111654
-0.01406165635040233
0.1334524760606792
0.1082852490417309
-0.08431142235477203
-0.1122906901379642
-0.07648747187687539
0.06842744965641955
0.1278287949646751
0.1119621766006655
0.2011488235205425
0.05103137811091783
-0.0168411610276849
0.02888717696125167
-0.04643244085513079
-0.00100467587652149
-0.1388332718949359
0.0158934830085266
0.06263218290986573
0.272830295798012
0.03517386444958195
0.1377224845373146
-0.1497057481238115
0.3030024933054611
0.09889238664740661
0.3129084940806935
-0.1184290087084256
0.002674421021259614
0.05813552853026511
0.01684785085745315
0.01545841750929555
0.03002488899826747
