0.02000494158044626
-0.02001538968487689
-0.03246861496524957
5.593504911474798e-05
-0.08777092742704259
-0.01059230434924371
0.1102670450869519
0.1005140898983108
-0.0196136084217468
0.07526229377722572
-0.017735671494449
0.0305751881370975
-0.03501059748124428
0.04916401422520598
-0.1190001449645412
0.1121712565984612
0.008357462971990791
0.1012352485570798
0.001275704078703108
0.008693266632418118
6.505993627287359e-05
-0.006164405640813343
-0.09538435757745252
-0.04352626452571611
-0.05150939763850992
0.04422218338022581
-0.01801536636651153
0.003155954468948047
-0.04865201025652836
0.019349474290945
0.03993710610345159
0.08509950289128897
-0.000116570777640099
-0.01327355437523741
-0.02603300978674947
0.005295955749910457
0.004928313937974036
0.007584679949919916
0.02055125408720398
0.1028620279393083
-0.06112868485767158
-0.001474872052343507
-0.1190603553679755
-0.01540800722572199
-0.001862460342142937
-0.0003314936273918164
-0.1556039906197901
0.07517868805597008
0.0167163293232739
0.03851747845097437
-4.499097297051258e-05
-0.005686884704320759
-0.01555527806083493
0.115659316341907
-0.1382429704813813
-0.07693255323718044
-0.1339745369021039
-0.1342507166155364
-0.09682583173985543
-0.03734257953772627
0.03052644692342014
0.04577160994698338
0.08257539895250583
-0.002394068149976326
-0.003392471125247242
-0.009116160039504518
-0.02118917241043874
-0.02143345315840607
-0.03654533254447222
-0.04268678861655799
0.002744134564493641
0.03409169976690104
0.03850758072165372
-0.08751958903990988
0.03165386935411388
0.05816063827482497
-0.01937172591981522
-0.04693829022004736
-0.09250279255851111
-0.03326022498853934
0.03772399369076256
0.02530857096467622
0.02056294447561306
0.1206269224404585
-0.01903812120424465
-0.04578258830273074
-0.05301869277148613
-0.09093407010850699
-0.1303363374921086
-0.1233802073392167
-0.1154874416964
-0.05109541648824727
-0.05553909375854477
-0.1149185307173114
-0.06740733212434732
-0.08033778129440165
-0.06362451597099934
-0.0457617927046451
-0.1226437100901012
0.09962091640261887
0.07037065042855474
0.0007391932428227484
0.05013012159304121
-0.009956399155529634
-0.009091914362969165
-0.08095041405185675
-0.1573085542831712
-0.1888012811161043
-0.06395699542001865
-0.02682935864161346
-0.02549873881049267
-0.08331087220608946
-0.1468987386338872
-0.1683980992959127
-0.1226928949423945
-0.1010369494817922
-0.2766029541011893
-0.05104179977117491
-0.01895740875927531
-0.2132966305760318
-0.05107917830996157
-0.04976667275744121
-0.06741293998759769
-0.07329439787841303
-0.07768762974731296
-0.09112688097327384
-0.0786124480102806
-0.04173715809922483
-0.04120669170525785
-0.1383435259470998
-0.0870340882449549
-0.07231102060320393
-0.03060313337115104
0.02112639404998561
0.06679002215242698
0.04219145940785295
-0.3163235406927135
-0.4817862644226708
-0.02764631311156476
0.04867661468487453
0.05216535526378539
-0.06577496454648762
-0.09151295018196828
0.0009855495895699706
-0.004306530041800826
-0.0216471939983558
-0.141833309022714
-0.1239168906417036
-0.113214711244127
-0.1219756028361511
-0.09949553521844656
-0.1366201048878138
-0.07527894252513122
-0.08956013298712254
-0.0228526855953084
0.06020929256050894
0.06499125721605317
-0.05517049930501109
-0.1087803300951537
-0.01486373995161703
-0.03976755633515786
0.01372845971225144
-0.07694172975128677
-0.1161277953212934
-0.1061681503749543
0.02690784533461937
-0.02629940499002157
-0.06955113345979107
-0.1142413965562239
-0.1472659322725247
-0.1267344990824551
-0.1175514106474376
-0.09024910336083504
-0.1462658426451627
-0.1801462082675441
-0.1808507908141604
-0.1317349760501638
-0.06464757416413884
-0.1732685526348866
-0.1297804267128053
-0.1055043503307573
-0.09796303580739441
-0.05321745979805882
-0.1767299368642825
-0.155494750494501
-0.119606455122886
-0.08613909537662523
-0.180145553425993
-0.07918748247870501
-0.1203387899226521
-0.1024382467552194
-0.0929255273620069
-0.7034313947119831
-0.03347107512499242
0.007553526696186435
-0.07789211828548248
0.07116136483105305
0.08375284277366686
0.09459747035612935
0.1067644401808216
0.1349453010636784
0.1361532807065266
0.06544356155852274
-0.1690068300773944
-0.2595580761709185
0.003012234396595901
-0.05538726540230914
-0.09960753738153065
-0.07424872403073275
-0.1790091985656393
-0.4142119567555105
-0.7936194242805139
-0.4000590365861944
-0.6259558843798857
-0.09474211580411113
-0.689051853545396
-0.7133751317400032
-0.9158580367466754
-0.846543302286225
-0.06421918792791526
-0.06768540145652822
-0.05679145303088368
0.07051198808005169
-0.09425412880738912
-0.08078279116342983
-0.1393888106239712
-0.1286913395019884
-0.1116711770409842
-0.1091529641172109
-0.1280309322465168
-0.1202078922976101
-0.1177071424041067
-0.1174624811982824
-0.1173127299058113
-0.1241911431222606
-0.1125390674902142
-0.096697646220907
-0.1268416820709178
-0.1370977160539042
-0.1319163614680831
0.1327541797731634
0.09970232079279112
-0.09145458003342408
-0.07127693750747598
-0.07527601156894199
-0.03395761818555233
-0.0626067063922609
-0.04384718444704284
0.0145468856278307
-0.1089582606271744
-0.1215903481608136
-0.1194164810065989
-0.106654443543799
-0.1062738145392165
-0.1229027453611613
-0.1094317250790461
-0.1213045105231412
-0.1139188807533351
-0.1000925716267058
-0.1051093393056833
-0.08930418573415083
-0.06990663822933157
-0.07784417978887781
-0.07418702358886962
-0.09486312008336106
-0.1048562192483468
0.01411776938047396
0.04127636578132469
0.005878823841898497
-0.1235756342178745
-0.1431287683657441
-0.2599568532246856
-0.1399527851249367
-0.239236052718127
-0.3656259184810671
-0.519449167376516
-0.7659382167435911
-0.4706409541418906
-0.6003650358865225
-0.03538675493685957
0.01939746874452058
-0.04598367478962873
0.07758696084042363
0.07896722602671924
-0.3969487140308965
0.02019946864574102
-0.2027094480470105
-0.006578469714643891
-0.0631477265182866
-0.5451281927819229
-0.5446990437925234
-0.5637929989158006
-0.4984728697332695
-0.430017241490701
-0.607622361725455
-0.3514003061001321
-0.6723678736676648
-0.7970355007174266
-0.7886752243041153
-0.7815083681721341
-0.85532680715112
-0.7968095898020753
-0.7198316507629005
-0.9092476088083769
-0.934895437427913
-0.7919475398923889
-0.8311373363498461
-0.8115731464320777
-0.6300126241910444
-0.03424347694691511
0.03585376749963424
0.007250411288050899
-0.1475717951863509
-0.1557572251781944
-0.1047799952843597
-0.07374546688194869
0.02463681910402039
-0.2453057320359689
-0.2914596512047408
-0.1030421130937659
-0.05575496194876056
-0.07973394109782332
-0.1890094062983652
-0.23951813405533
-0.1625326143919735
-0.3702412281042696
-0.3943469119145052
-0.512995687807849
-0.3313998539372945
-0.3050040907314434
-0.4977169197751915
-0.576245412497751
-0.7465847358755016
-0.8782569505697176
-0.8675832963228293
-0.617748632253089
-0.6296332598723923
-0.6218887574416069
-0.7272241937685727
-0.8308404382343696
-0.7214541583588885
-0.8066619533484224
-0.8746367324924459
-0.9139264413113269
-0.9342485528647517
-0.8749025607155946
-0.6310059238973031
-0.8990948780926009
-0.8272055587941363
-0.8229293583612018
-0.7239823118696056
-0.6666910930091579
-0.8732721247782306
-0.8353886929676403
-0.727724330160486
-0.6538386122537798
-0.7642143356164719
-0.5984756321470105
-0.6708836815125155
-0.6145687628352685
-0.5249048514905598
-0.3806034867625612
-0.2825996438438082
-0.6429278805235509
-0.5151298456383872
-0.4222928362232607
-0.4152003144686791
-0.5056958182031714
-0.3044125660829732
-0.2361150996674776
-0.1814155637954047
-0.07064081806331439
0.02689371167876574
-0.01568067092780845
0.0135848047393263
0.01513599710634544
-0.01363756636717795
0.04102639481295245
0.05138693440722681
-0.006807307090126599
0.06246553300913949
-0.1938432746474623
-0.04594227854845337
-0.1329560870584607
-0.07056846405709329
-0.04437480568750622
-0.003021809312221466
-0.01676248598422904
-0.04357700096954614
-0.871513977211285
-0.6117453301709762
0.07596072411739116
-0.8294093728052712
-0.9258807040237718
-0.9425627901234347
-0.9182895108558503
-0.8781539549753876
-0.8459665230673532
-0.8769061893882294
-0.7436096269197489
-0.5250555483905152
-0.472615958803882
-0.7669636348048192
-0.7217478037780021
-0.6315052218447816
-0.5860151340675261
-0.5452099583412133
-0.541628813075881
-0.4261573768219796
-0.6100071217520031
-0.7494065984028326
-0.6250227151184218
-0.6278422373334164
-0.5537093093616432
-0.5858492867722789
-0.7192558918902948
-0.7749697118223398
-0.4672189740456494
-0.6980365570402769
-0.6868568893173275
-0.4244747798007962
-0.3556177795566844
-0.1524021747042994
-0.3060561167803809
-0.5594921095509824
-0.7264550437393299
-0.7160541734525072
-0.7232844214839727
-0.7295112032774337
-0.8275230354901093
-0.5610904886333343
-0.4493903781716849
-0.7981504518873388
-0.7825836120602175
-0.03899392556746958
-0.0211575855361619
-0.1270000806872833
-0.7358703261841582
-0.7991841890808211
-0.6767901383091616
-0.5518974394215951
-0.4236733142858724
-0.25865014969799
-0.1713364280930598
-0.3731430278201813
-0.363014672508888
-0.4512335820022298
-0.5366516836048948
-0.8967601893605498
-0.1591460825211146
-0.1280868122606642
-0.08984171568172673
-0.04514622673317994
-0.006660108054906901
-0.1338123223675268
-0.1194212937658416
-0.112527727355734
-0.09580397486922372
-0.07357700150077465
-0.03951250956612687
9.536517559037149e-05
-0.08060230629514961
-0.08657906382143951
-0.02406394947016872
-0.0604757222132338
-0.05697571220409039
-0.02364739068533685
0.005191439800261575
-0.01264645166492942
0.01481962111166826
-0.0140464783786962
0.03543085046474808
-0.09371267361836215
-0.1066370477624663
-0.1422036896445681
-0.07744597220738027
-0.04210278153105046
-0.02067490068770572
0.005082067559097366
0.03053410425943314
0.05404596357557997
0.07932297762485467
-0.086046137713071
-0.09053845592775699
-0.07939974142034723
-0.03894215591238982
-0.07999847227655686
-0.136722755856586
-0.07160323795796891
-0.08222992623276208
-0.072333618863012
-0.09036103929010418
-0.05731964206289632
-0.05001232058376285
-0.03258812284321513
-0.04190608177994467
-0.07346436715355548
-0.08876424495185352
-0.02593699784169541
-0.02726586993544515
-0.01051808589831227
-0.008970512066679519
-0.004528818458846616
-0.0008238024924415248
-0.05910620147819426
-0.07279991247943519
-0.0378611885658946
-0.06896291889185061
-0.09936195688265334
-0.07854466034963246
-0.08598538214434598
-0.1071721263384795
-0.1295734246073013
-0.1370484060896894
0.08473468936897988
-0.001693104676201356
-0.008118428907717549
-0.03243094044393046
-0.06272352232351978
-0.009483253862940947
-0.03916839374528955
-0.202459009157881
0.05402333467730826
-0.1689484233839136
-0.2259302182682926
-0.3408218664227232
-0.8687518478171334
-0.8524182014690551
0.02205401088542337
-0.04064534526931959
-0.0484712780256347
-0.01511595818987732
-0.05541869218148244
-0.08643382437324168
-0.0851303352826667
-0.1305933033734491
-0.1618091662738574
-0.1487844518070509
-0.01345371752363213
0.07292542380101021
0.08792693178849544
0.1195844920566863
-0.7559783512707495
-0.05233562042928291
-0.04988675695261004
-0.4326639220389744
-0.7689724809382288
-0.07770666370327547
-0.06753298204035964
-0.06527782593848956
-0.1060899811871395
-0.1218665449199621
-0.1245558018898872
-0.1199778383185492
-0.126863431009468
-0.1305200316206383
-0.143471518976233
0.07044238702856764
0.04443003415404135
0.05257874544005528
0.03114545802374298
-0.05069529446748398
-0.07764033797209222
-0.09568810729757844
-0.1322262637566534
-0.1498888708050894
-0.134659978882163
-0.1114849257221971
-0.1637781165121359
-0.181574727887122
-0.1047373412802742
-0.06386502003816862
-0.08416379147629001
-0.02818263414608861
-0.1459346342363332
-0.05206710104026348
-0.062240903755874
-0.03122363152315625
-0.7188790394433614
-0.7200004829143816
-0.7427912012715975
-0.6623401648191389
-0.08941757769366099
-0.08466596520636099
-0.02845133965081374
0.003231778266485926
0.02003005696350434
0.01982469504056586
0.04289611392106295
-0.06873192949584697
-0.05184807767525169
-0.06284580751369231
0.006500901863942035
-0.02108165129796117
-0.01231622022268955
-0.1237247543102001
0.1311043612193736
-0.1121634492714906
-0.1086717163941207
-0.03515901880559239
-0.04721371695649317
-0.06517074476726357
-0.04610664045286593
-0.04833400531202062
-0.05170117947323266
-0.02804255930157805
-0.03642737544664377
-0.04494541139427301
-0.03887534383995284
-0.04248267399760697
-0.3374831769482152
0.1264586953219353
0.1196427641676367
-0.07207949450917175
-0.002552674311855925
-0.1018106961374125
-0.8249724138055573
-0.478576894882342
-0.07950447759947743
-0.03540183677366604
0.06530570170233956
0.03494960849395634
-0.8079494759852589
-0.7130808271404065
-0.834043483275879
-0.8053244168130487
-0.8970253373451127
-0.9119658389388932
-0.7135167146661053
-0.228356947953895
-0.2165285484083616
-0.1543379476350563
-0.136969522480492
-0.02390271408221371
-0.1247802390253629
-0.1095391022622349
0.08847338141219366
0.0848129584307408
-0.01016904419653567
0.005327583797195557
-0.01905444282124217
-0.4658322387517007
-0.392618969865447
-0.3948921449517243
0.02018891126949776
0.04937972383709435
-0.001070426619215222
0.02956118240183888
0.058895483646798
0.06579550206605424
-0.09386813335635018
-0.09987209424350668
0.0003260553479037129
-0.5913771628466266
-0.002136273657274736
-0.06209518730668036
-0.04695277766733431
-0.04261263836968621
-0.03602598411349714
-0.2003560225117891
0.04128122338206647
0.0460988724080093
0.01188939685485
-0.1010246309098067
-0.0810420710474619
-0.06192333624050788
0.03383804083082424
0.06015168350896252
-0.1179716364698169
-0.1072568549911544
-0.09444239447468682
-0.76569017029512
-0.8000957616514812
-0.03545576730027909
0.02790059631761776
-0.08386216951968928
-0.05379799791413943
0.03278980781342709
-0.02781605428982394
-0.02233944491382875
-0.09695927207428533
-0.006374802733168878
-0.05942179814793067
-0.8555821934260942
0.01691644098486054
-0.06898356516321644
-0.08158918733703417
-0.8503825146004389
-0.7914720995130534
-0.7329475600163953
-0.139070936406701
-0.01904788533604846
-0.7431654787798815
0.005014639418581995
-0.05915934695203868
-0.08523913801943922
