0.03045794803746162
0.03584674752817628
0.05299047749993055
0.1189051285581257
0.03035804505030424
0.05945944736803654
0.05847457544330367
0.09399781007791669
0.2123308864512198
0.1558220981291708
0.03678081392850867
0.1387886232893351
0.1162757151930634
0.07771886309587253
0.1426738809793457
0.1051228244037014
0.1282221908145379
0.09625928322030397
0.05484870958142283
0.1316456257901488
0.09152337315032019
0.1100378394493684
-0.01109025818047938
0.05513090380930422
0.01634791420650406
0.1607760998962068
0.08751627505983735
0.136885861272642
0.05718713346082942
0.1371734953660041
0.1512745671259478
0.1300368363709966
0.1206358160894187
0.0985392495516831
0.05379457780362246
0.1313865544225988
0.1451668578079166
0.1157162828997418
0.1449615766403718
0.07013755333644016
0.1023461625683176
0.0965768656895841
0.07650162701056031
0.07104930478036196
0.08518512628974749
0.1305410738056863
0.1195683095398671
0.1476647699227221
0.1294135907613216
0.1286044432583766
0.1192235031283911
0.09546924010792897
0.09366330677527974
0.09362603189273179
0.1556480963524042
0.04074375845154746
0.04677420025732365
0.03926952894528275
0.001886474670550143
0.03875970712929935
0.1131334192104669
0.09887030769126587
0.114315153069255
0.114757998555004
0.1088610346521082
0.0967551893829571
0.07783976414831272
0.06208910264995243
0.05417473800464885
0.04578946680615835
0.1374710314132939
0.1663628877271053
0.1418744483053222
0.03267779668164461
0.1449610738322638
0.1434289232442533
0.03437523248405987
0.06465661201180241
0.06413886993924287
0.04064596601561071
0.06369888187498034
0.06427200082852191
0.14448176072521
0.07079023134267678
0.07925392060955613
0.006239562928567103
0.02353530807153065
0.0147780925871285
0.03330354520559142
-0.003124214400823335
0.02198425945848089
0.1230395308741782
0.1233415706043932
0.07125072945452414
-0.005932986870463854
0.003549583043693893
0.03882009849716571
0.006411410235920706
0.07246263082587726
0.1270447905116328
0.1322719411575216
0.1236402607729298
0.1056832468694608
0.09592187617617597
0.1025182074382634
0.08393420050070184
0.1365456390489569
0.1358395217017257
0.01549247914144757
0.08119270167573346
0.06644191971142679
0.08866233967330987
0.1215227521934605
0.1146169678585535
0.08339987622768232
0.1503603720923579
0.1534301966883498
0.1320047373363441
0.2623488172258965
0.2859191190033507
0.03449892947995843
0.06492723437318434
0.04966720183195743
0.06059614636081082
0.04574878827635226
0.0450238644034661
0.07670573334035459
0.1002718095265115
0.1787336896665157
0.1759071508322792
0.04013364536714156
0.08504614600012356
0.127583264368321
0.1194080662139958
0.163178312782993
0.190571234493359
0.2268208687173357
0.2144650418073374
0.05738934039831359
0.1095561130908797
0.1426767161579013
-0.006000675241809125
-0.03416680220715615
0.1125767602761943
0.08723450844740444
0.08158087208088809
0.04533371595991475
0.04697667525309771
0.05083764462200392
0.0426049420556017
0.2483229240387845
0.2548181766395233
0.2033753623242577
0.2175873985857253
0.03948206101797193
0.05984029868400526
0.05156654921255232
0.02422320520644254
0.03061171172297602
0.01538018245869628
0.02074877942838419
0.0324560759073492
0.04192914945042447
0.03911599227022305
0.05102400821971305
0.04406879484535478
0.05573826601531212
0.05628050271569163
0.08619506321090233
0.1072016721098644
0.1097907720981881
0.1263372346423756
0.1362826113694099
0.1437625777083396
0.1439133668511842
0.1350178686974649
0.1404284368479076
0.1921183102797506
0.1379751914889692
0.09163371859149241
0.107183265005502
0.07073708681753976
0.07459626149756744
0.1326244991175195
0.123128346999348
0.05989597692235794
0.01842724011649077
0.1365636836732324
0.002568905510786193
0.004559895664185828
0.03678686543376056
-0.01932208374069495
0.06813988389287597
0.07740425051897082
0.06803766506199374
0.09451810916651808
0.0583217539569764
0.05772489748960011
0.06316037561569106
0.061903982049788
0.06477726299841764
0.0628073929708616
0.07635988000656724
0.1283595207113918
0.1247764418938723
0.06889093138982712
0.1469155472701331
0.2434337895900804
0.218726577665368
0.2109495208704767
0.2205203037268138
0.02863642135496877
0.2239686605298774
0.1310728936716449
0.1941343931827149
0.14832603772198
0.1423844149958867
0.01852082577183514
0.08135304634425117
0.2389504640495926
0.2770396320193249
0.2816539260023826
0.1995355850129949
0.1213519284599442
0.03681610594462888
0.0326398207343998
0.01561750292782299
-0.007248637093583967
-0.01830095347121143
0.02428732970757771
0.03916781711805652
0.04950644683189893
0.05225542660415414
0.05090724584262476
0.05249674360324132
0.0478284503524893
0.03976119653333431
0.04858660001409942
0.050706349511374
0.05009877422934382
0.07798011646062535
0.07899100757331803
0.0377769607576623
0.02868324301201111
0.02786144720425183
0.181722780562527
0.2073369529992541
0.01077250275841219
0.07742587556848844
0.04338565191323911
0.02395321681937595
0.01547234690927414
-0.01260240917505688
-0.02242121716731438
-0.002012125003299412
-0.02253097245168774
0.0347427513244573
0.04121499863330727
0.03658288536029981
-0.004092576921659746
-0.01029059659853442
-0.01331688898891491
-0.02875764669221674
-0.01614939482517979
-0.01721330754839817
0.01544088248087218
0.1946620755142607
0.2331888665529984
0.05151987367769603
0.2840218785364259
0.2894857937176479
0.2748178330080558
0.2703700584499832
0.2475854675980038
0.1579619892168771
0.09381390823408432
-0.002584524695743514
0.1450020664521317
0.05374293114411841
0.2376325698289489
0.2110349496495456
0.167622907113978
0.1698303907176368
0.1538489166143089
0.2498927311536934
0.2548844119951044
0.1916043364813664
0.2734954921943309
0.293284406490503
0.2062342506126242
0.1654676389624941
0.1983656799419354
0.1793145707215575
0.1380996420920989
0.1492869253019
0.1559448766507554
0.144521881516193
0.07161173310516386
0.09080476717773424
0.08067544184960597
0.02269202362234464
-0.05494079160999972
0.03690373221390883
-0.0359641314790896
-0.01331405789737714
-0.03507559722788269
-0.03092878152709863
-0.04582745452561926
0.08075102364145456
0.1951459433217795
0.1681982747482037
0.1642898728036475
0.149699310071148
0.2599641807008871
0.2070830217595093
0.1879808202716588
0.1038792355359198
0.2506213725682573
0.2092152214493364
0.1596791818551163
0.1457982018417176
0.1916101796826664
0.1664616585614896
0.1592909612561993
0.1613008177556854
0.1319319518910488
0.1062237330831675
0.07047180422911735
0.1319355115197078
0.1763020056851499
0.121463268697114
0.1009854879814806
0.07478781984704307
0.07514558271142419
0.01975871845537631
0.08664635732711132
0.06579159171536493
0.04951795798628937
0.0233786734879321
-0.002683694106091476
0.05303438987182347
0.02056816350771831
-0.007607010422710606
-0.004335698039325942
-0.02418027295438372
-0.05304693404227859
-0.03951617320476549
0.005416278459122951
-0.01649556276153557
0.02135800051555231
-0.0326015301582381
-0.02500786958421149
-0.02681765800221559
-0.04850955832047775
-0.03752776751756488
-0.03062234291545413
-0.02478193123036994
0.109075529753063
0.1291938884422059
0.1402412132164263
0.2041762569282613
0.2531440659613602
0.2414204395257204
0.181478754669195
0.17820984413378
0.2044105267213563
0.2233227106441447
0.2213086095938256
0.2468726283311382
0.2492842086484803
0.2543953993053835
0.2322522774717455
0.1786819789475897
0.2148323430869987
0.2173274399624813
0.1687151717986245
0.1687569613031829
0.1586545958272828
0.1270126862174959
0.1101958334013874
0.1359947625866895
0.2026943656687198
0.2539197586944377
0.2737701556263573
0.2364570647411706
0.1102672411375017
0.08838881497191613
0.1097745437154703
0.197460997380774
-0.05269219923341605
0.1712025019428539
0.1384303630357226
-0.01577161704845974
-0.01565414537183034
0.02099328593703629
0.02661856971848498
-0.03386417223618884
-0.03013766969821616
-0.008801435237537873
-0.03317488631482426
-0.01280626108556533
-0.01158384430031801
-0.02105767471082208
-0.02926604925443929
-0.02649873043954718
-0.03123984952576838
-0.01888585930389288
-0.01706640491817033
-0.007612885772115648
-0.02829301915605033
-0.033373380490122
-0.0242924916957494
-0.02335949379592703
-0.01703483532445131
-0.02991942245130172
-0.05087215596766838
-0.05244387100187693
-0.008241990730065424
-0.04112396905943566
-0.04400097358200648
-0.002548182512357558
0.001870018496342854
0.2314426284363851
0.2635129178399961
0.1115152043980826
0.0824222057087151
0.04964052849880685
0.05180727856744095
0.08994485965587287
0.05432367933973199
0.1097757072456808
0.1321642505409074
0.01450427965986363
-0.002318644201470597
0.1338216050528563
0.09497464860436614
0.1781277157680075
0.1226706607845755
0.1226670956508208
0.1710619789172432
0.1831839591712526
0.1996156829557906
0.1825237202883575
0.1425055631819172
0.2241440574144707
0.2380544371748191
-0.01464301988810023
-0.02652706771302639
-0.03054781766747054
0.1297715617998458
0.1231518101702432
0.1336120842282199
0.1619824262962882
0.148728908854651
0.1100164868861062
0.09033987388585865
0.0759662775097357
0.09255859771011229
0.09288354358746304
0.1036783151604415
0.1040702096621904
0.06677984140720652
0.1143606306662821
0.07743079979921663
0.04812823986243479
0.02700717123262057
0.04249121628383747
0.07253991276254761
0.04833029341853341
0.08588800232830582
0.05700086140270699
0.105155142144372
0.1600941445411785
0.1727747522765521
0.1469205020554832
0.2027098655071773
0.2270003430410672
0.2034543612872267
0.2332536136865718
0.1573756428948915
0.1913664224293017
0.1702220800910432
0.06292618395375571
0.06405874080885066
0.06477504655675441
0.05212327563130757
0.05665722085012263
0.1696313458412299
0.1700690609069982
0.02874108931659752
-0.0005828479225927583
-0.01043233363706428
0.007900803509218778
0.007662511816186319
0.01354769507561364
0.04123570665664342
0.005745668792012198
-0.004514277032420176
0.01215955930750021
0.01718458515274028
0.03115792991942513
0.0610541767206895
0.05461691247739149
0.05502266544144802
0.04776105075659427
0.009963608683499138
0.08773389735945908
0.1240133686938243
0.1028274941342148
0.1663948530869024
0.1889910249371898
0.1666792569538766
0.132747520001021
0.1436645249564793
0.08900504846272805
0.04303210747798427
0.03470685085519742
0.0222604377830689
0.02543856314056105
0.06346007341919283
0.02125833016869434
0.2633722560231662
0.1590064326931071
0.1330934195204215
0.13045238163492
0.131121009569261
0.04833925006079285
0.05164949294943037
0.0871690550006585
0.1087555901581925
0.1270762787507462
0.1162566116627273
0.1418361003749344
0.1290389990190353
0.145753929086431
0.1416816558914815
0.1462819417550736
0.1411499367217458
0.08893507915656323
0.05906314246937493
0.0510901003964925
0.05216919642091365
-0.01666331347335654
0.02750470025918894
0.003665792326334341
0.1039665293187633
0.02247003028438125
0.09549583012082648
0.1048314416692885
0.07589179655028068
-0.01094707223820591
0.06169675970872558
0.07052958258419113
0.06539026665449982
0.07878626509840071
0.08899233050279076
0.1057577025180975
0.05435270364142177
0.04144276098153792
0.04220919970069428
0.09212170392166585
0.1192373169719921
0.05550336769030985
0.05184072914243035
0.08044492617281468
0.09765736050420901
0.09906380412446028
0.1107820806095045
0.1168758409864678
0.1276583972285735
0.07669494318666009
0.05230992243046229
0.04662296580624115
0.03333352053245656
0.1025561771659856
0.07113431022182665
0.09563284164855801
0.09311642361022919
-0.04433310117433169
-0.03505422847474295
-0.02991432751059245
-0.02588549542704809
-0.002866688307051533
0.009604655620151722
0.1303967326755359
0.1329187553606588
0.1329774525505257
0.1344385449940634
0.11953202185734
0.0353919812965733
0.03661830562106224
0.02605977300418072
0.1252978326144618
0.04975835187119858
0.08244457210119562
0.1312376889801387
0.07698836615731458
0.05113536897551707
0.04999907890675606
0.02994508144933768
0.01949623209904497
0.01770053312575087
0.04401197417367283
0.07560526714241614
0.1079622184519239
0.0902932562988899
0.1491942806237286
0.1422552544413864
0.173553436350147
0.1950053557046142
0.1957628822470097
0.07530908419351902
0.07522540262614856
0.2257575504002031
0.1223020089484249
0.2263828527112936
0.002653983837164762
0.1238583087343689
0.04673258020612459
0.08516234500588475
0.1370889229031708
0.1229217603485737
0.0439735953830145
0.0494836289693882
0.07175890757243059
0.1088897211747819
0.04174034678224552
0.05472902251276393
0.1123763517087527
0.1474224190296717
0.2186045586097807
0.1216213015640331
0.1044322691613132
0.02776034628736716
0.03406727026233344
0.03502362469424175
0.1662799592546695
0.1676396771955143
0.06085524255234683
0.06548821707343191
0.09503992265602565
0.161356235276661
0.2002021040138242
0.1708468039981778
0.1951069549219054
0.1565766755364033
0.07959761915711677
0.09961973933304362
0.1241788793556429
0.2016948001125447
0.05912271739964516
0.0528029885112013
0.08747878748175444
0.203813778640009
0.0925780044573476
0.03867962480612752
0.02473777984012278
0.03193219107747011
0.01414477276136326
0.2516510918721061
0.1484314780125756
0.05740876998847485
0.03603525941210427
0.1407938550031658
0.06339588260230898
0.05623540419102568
0.1574882687564873
0.1544318384820044
0.01393541522725871
0.01488414846307303
0.1246742271560152
-0.02544367206948456
-0.01495716280351437
0.1478373167921468
0.2212542937976096
-0.0009185731492069642
0.04069255214026257
0.1664637811970469
0.05616358090385973
0.0171015649364539
0.04216495401695967
0.02225385447945221
0.007786018980800276
0.001400681473486179
0.1530750191361145
0.2501121462576906
0.02818248317409222
0.03924747286673793
-0.03594673053373659
0.1522671032225678
0.04291635918297065
0.08444382613378398
-0.03313614188558069
0.1227508358641834
0.05186639682460656
0.02431508458695632
