-0.002706560294601195
0.03982577920083744
-0.05427910101701561
-0.0617486443480449
0.04709453785629027
-0.005726317113127423
0.05593760211405123
-0.002124724620136292
0.1832111991604771
-0.0636328418688434
0.04099320324633283
-0.08510893332463129
-0.003164045054518415
-0.01407188329448235
-0.02986878440941976
-0.03884805205647821
-0.08308793585175203
-0.03132004144264709
0.02361571564203466
-0.08565122334389248
-0.06392784337968715
-0.07250738058852514
0.07239127138170284
0.02771329051025952
0.04490931101538984
-0.07897666753189529
-0.0685961901901106
-0.004922734885377572
-0.0182660241675088
-0.08660237756405885
-0.08577994741551959
-0.06854662553302979
-0.08009932502410887
-0.07725245285479497
-0.04157767525150436
-0.07798624451391799
-0.06649268714633377
-0.08345471466861616
-0.08902390878428151
0.009279165460485898
0.007411930689327233
-0.02688167056652287
0.002132886709856726
-0.04904089822503881
-0.01842938793217559
-0.07306444607662237
0.04160271051731909
-0.0793280958538623
-0.08207556996713
-0.07539191745974126
-0.04207713807294988
-0.003401664871548474
0.04466889243147377
-0.01544862493625015
0.02827253158225865
0.005247188397194142
-0.004285013868598479
0.04822919124506379
0.1047631788643396
0.009803081487854391
-0.06938711313659328
-0.03911021224822897
-0.05106219072086795
-0.07997496219030932
-0.07871950158364591
-0.07733475201751222
-0.06084510438700758
-0.04196285594921959
-0.04316528399648447
-0.01732949879792722
-0.03299253774105182
-0.0434398703485856
-0.0213564291389706
0.004155118306920448
-0.08806090356821096
-0.08594098181401592
0.06053517389665591
0.04845752289638471
0.02161867846290122
0.05145547913708036
0.02769096380705688
0.05671210350727613
0.002998282197873117
0.05670670811671071
-0.060947865607582
0.08701855190003387
0.06083700653056735
0.09109588764522426
0.08772308809942365
0.04865484735087217
-0.09535737146275708
0.05291262445312508
0.06609042480462415
0.06007639602764149
0.08479186207159978
0.04783900575323066
0.06688235049851202
0.03100385990717707
0.01984233421824882
-0.05445152903392812
-0.04022414586953958
-0.0351065812571032
-0.03169877188037094
0.02755381721673894
0.0446701984361239
0.04582539263082545
0.02144372357634938
-0.004091453917579213
-0.0130269870546277
0.05203653209716436
0.03738484009510499
0.007076319086020117
-0.01099269937375878
-0.006322289048724981
-0.0006133503075454233
0.04057960108262713
0.02153599085232757
0.08061758122087992
0.1609279259875999
0.1407003606759408
0.01904649283148542
0.04497689932843661
0.03022026756482144
0.03241606316235892
0.032508395980248
0.0274966608766484
0.01530883772512599
0.04619781479675791
0.1192334020290621
0.1110822253745665
0.04790721443334001
0.05518092005592817
0.1111250673069053
0.1119869910961201
0.07484761040266134
0.1363892359521133
0.08539603967568983
0.007434815152546626
0.08961892012947294
0.009365225947299985
0.08704834610439978
0.06412542752305377
0.01451289163998493
0.02444837361797273
0.03090228744567097
0.05248441740168938
0.04811273069399249
0.004998860066436144
-0.01356402855208039
-0.06592857288471063
0.178064355874961
0.1760634390489999
0.1094918278327677
0.1817904935401068
-0.009123388368324747
0.01323787628650845
0.04678889164655154
-0.009371327612294545
0.01244004670002848
-0.01081136063699323
0.01125817145046742
0.02168461872467145
0.04265003829705823
0.04260800142555501
0.03395333049696862
0.05057915156701445
0.05128019896612257
0.05189188291084096
0.05575038445512482
0.0529580381192918
0.03399314659723432
0.01053489787628955
-0.02099142603098469
-0.01355431494451958
-0.0002882213319004283
0.01578115297299854
0.0364548126480342
0.08151227806672212
0.009444381515528278
0.05730916038550287
0.05022995997955631
-0.01243536866813798
-0.02434078834851574
0.0002204031735523699
-0.0009494565761156951
0.01289569276282269
-0.09246087737961775
-0.0276355181752734
0.06387599846774718
-0.04672542090658072
0.008629755610198856
-0.06931939456481392
-0.1010209228073539
0.04511645470093808
0.04327845289814737
0.02621089536380359
0.06541159145237659
0.07026218527949088
0.05418703041809657
0.06893521584824414
0.05886133885734054
0.03320325547070792
-0.009635096096592584
0.02961884723027717
0.05554822481237795
0.06010939723650872
0.07336397023972296
0.1246299347513102
0.1015665223771767
0.08948704524534284
0.01736459989285
-0.2826634816424123
0.08366537294962779
-0.1373878008087799
0.06787523592621776
-0.1053858795353441
-0.128985136054212
-0.2843104040974161
-0.2682089697897209
0.1132819254648304
0.1562919106970222
0.2018878407253394
0.1645859157269167
0.07349456096680827
0.006903655122928342
0.03220787895369216
0.07770149368710258
0.08877286142357972
0.05682881826370502
-0.02174529848158272
-0.05468955577028204
-0.04432782387585957
-0.03100924660517676
-0.04686453946218209
-0.02186824249130509
-0.01456676126077585
-0.005441610084495879
-0.005110938616120826
0.0239686414783938
0.02897625627707012
0.04225136897909604
0.02469719690435596
0.01758957795499648
0.02266222850185161
0.007276137461351574
0.1299363731908407
0.1546040629755152
-0.03692331256977886
0.02487237352690393
0.0004346715142646305
-0.06657504038653182
-0.0859631312614533
-0.07508977450212719
-0.02104901451785002
0.003131264729833258
0.02247215869704638
-0.08111790676874628
-0.07280228361802198
-0.08129631900451745
-0.1046699508669053
-0.1003903010691132
-0.05079300423964635
-0.01673101918740895
0.02840445256287104
0.04421638400686838
-0.09932115326528092
0.122001447125563
0.1744383700952658
-0.0168076425454759
0.1543084148434329
0.1731223838868268
0.1452995740339186
0.1879004761626584
0.1579561279056243
0.08048570716335141
-0.01454186115238237
-0.212766267349712
-0.01872249542026362
-0.1108832505801056
0.1991586171028391
0.1794647285000364
0.1088664296063431
0.1166777273684739
0.07726782143154971
0.06840174558935261
0.2009659952661385
0.1413578254407945
0.1926824790484143
0.1864863008293189
-0.0004675920209441084
0.007911577898459927
-0.04105645568763474
-0.04872441655519573
-0.05243738787901341
-0.1100342005789026
0.01418305711950981
-0.1296042549418832
-0.2360835404711232
-0.1949148982749082
-0.160897424494301
-0.2154350908469575
-0.2645590848245243
-0.1301999927551048
-0.2936169071036079
-0.3680993883219583
-0.2167648559382712
-0.3081757169372081
-0.3253650646349427
-0.1872896921002901
0.1560098749424409
0.1145340628200006
0.07685508725353771
0.05154676351642443
0.130734389128684
0.1105348270112052
0.09634649555099775
0.005117283326755736
0.09488086224407072
0.04883055368385528
0.08479103263103555
0.1050629927386689
0.1342234120338684
0.05924763698057512
0.09984552903128498
0.0846677324798016
0.05340365025129153
0.01524263950650806
-0.04551185451605813
0.01960954331543133
0.04376452800880368
0.01593218523651534
-0.07612760323859177
-0.1829720305018284
-0.257906775706142
-0.2814824046987066
-0.05061425267293187
-0.0719080150545489
-0.08889491006103757
-0.1627821724937181
-0.2164649306710617
-0.1171731832994109
-0.1817284252529433
-0.2416129091875844
-0.2765341792854974
-0.3249235046257192
-0.3192750127717559
-0.2470745466381518
-0.31738950126138
-0.3307866699330786
-0.3203412579635881
-0.3218494113759723
-0.3042476782336599
-0.2606832141908099
-0.2567782111447645
-0.2202848060366278
-0.2370207834959063
-0.2322897426557684
-0.03241887528809641
-0.07512101089324394
-0.07734994405536819
-0.008090727729477788
0.08581994016440495
0.1130912210462312
-0.08632070525174852
-0.01674772172890211
0.03170746484104675
0.04841739833431855
0.007962084619226952
0.1103345224912739
0.1429664184305346
0.1497602947155471
0.1517970896443307
0.09700104512517539
0.1632028122600917
0.1803718671299539
0.1581998932012304
0.1501533482736094
0.1299372612329019
0.06381448925321648
0.1236778119893271
0.04627048524618121
0.09309712991533994
0.2008334946914178
0.1920982247914381
0.1860726984403001
0.07982354867612468
0.07808135108595274
0.07577957136161088
0.1623043376819119
-0.2941148361053392
-0.06489908469424333
0.04367913481906526
-0.2823730030360018
-0.3380731415006548
-0.329851946706741
-0.3396559532280756
-0.3532252914716417
-0.3619756359857055
-0.3609287112380149
-0.2980293651946894
-0.2338731189202532
-0.240511750341007
-0.3387934882247343
-0.3290631802487995
-0.2937634730860134
-0.2586170858949194
-0.2668050188195813
-0.2571425105352962
-0.1947655907074724
-0.2761339371653355
-0.3185416871486971
-0.2810664144861586
-0.2610114074386397
-0.2192389313725555
-0.2147617625759558
-0.2568640116735137
-0.2994752520704174
-0.2003615701501653
-0.2944930608989405
-0.2817008910759652
-0.2070274582111902
-0.1902781411339146
0.1470379527779935
0.09441362670851479
-0.1293236034972695
-0.2191272145800968
-0.2490126886820908
-0.2552992289434911
-0.2196466323698378
-0.2910553970220415
-0.1269009444336971
-0.05199680474037654
-0.3084594521606644
-0.3267627313555978
0.07469816528489377
0.06558795732199815
0.1301785209170209
-0.1887185325788887
-0.2029155843584841
-0.1157007650523723
-0.05296486426501415
0.01666861428351689
0.07663503042469817
0.07360161647151627
0.0615166485750488
0.08080907453676552
-0.2129129955964713
-0.228498007437866
-0.3406752768998793
0.03227341837718552
0.04508051102647761
0.05324682251318555
0.07836140114764338
0.08212146015205309
0.04996721857114893
0.04419723206538204
0.01094557501761844
0.0291139628702907
0.01737183069218349
0.02650526986083238
0.02939379185491164
-0.02953100195608502
0.04775975654414832
-0.0268629725246833
-0.06438241537543533
-0.06851211772140636
-0.03327216141463954
-0.02203522998349205
0.01712564352381859
0.06567453393031239
0.06168987261184387
0.07857412421708945
0.05560806414039682
0.05279571489864834
0.03165635560894198
0.08167090781774838
0.1151850437524687
0.1103424247081767
0.1453210860118212
0.1013644444982037
0.1342257243545917
0.124106737927086
0.02648483171603479
0.01636696723894953
0.01244338239339559
0.01868584972345247
0.01970064176729176
0.06581578704536299
0.07601535515527737
0.04921002294958486
0.06356051310657636
0.08305099018567363
0.06860956010354921
0.08523252691105944
0.05986522759784622
0.0512497210724446
0.101716618533325
0.09975950898459229
0.07179818006581232
0.06719044585597143
0.05350512602941676
0.04835167463595574
0.03142089608832178
0.004633280118732101
0.03774135301142172
0.09818724407639917
0.0467926813517628
0.04793548053604346
0.01957406242739018
0.06591281255835629
0.07271836372667745
0.04795209675511955
0.01534498176838918
0.02349416066696301
0.001823768342371
0.04264359221406128
0.0324551862769733
0.02358241462264329
0.0166132292740954
0.04530503858125112
0.03669228550693557
0.1608859577143173
-0.03756553713644161
0.05383907805626669
0.03914361412027104
-0.008213085786833382
-0.2617064998203741
-0.2273241741471924
-0.001899315366052004
-0.01673257981215915
-0.03098040891383987
-0.03744226693331433
-0.02736819386265035
-0.01166772007521251
-0.02504362319767543
-0.03370293124115998
-0.01991324606965634
-0.01825098051285379
0.006931637736963823
0.01823217715187858
0.04672448918314438
0.04012695014225597
-0.3223134231776623
0.02844111618255202
-0.009278894396463235
-0.02711488387319795
-0.2145065335596384
0.03978291167355786
0.03849718114046424
0.01829830786323441
0.08211632996069673
-0.001203199130379698
0.0319644000441902
0.04377043163357389
0.05467196203031239
0.06037830638162768
0.05226758327634313
0.03109309877169289
0.02207123140287075
0.004496677906213041
0.01944878974784805
0.05474607279836708
0.01219953992678469
0.003966840947613346
-0.004583048195651189
-0.007756840284747433
-0.005315717169745857
0.001297729854206528
-0.008067356038536538
-0.008005123266090257
0.001202265268443405
0.02104979984028346
0.01034266802542727
0.04548372285672827
-0.000257990150486402
0.02145582848917407
-0.001233848093522575
0.01678123526067665
-0.2437186920402936
-0.2463905893643636
-0.2487920464359537
-0.2469102520796328
0.0684184857562162
0.05412102311365204
-0.02398163450426562
-0.007437720022924066
0.001387970231089133
-0.02572906992496623
-0.03476944252369289
0.010845867060459
-0.01670820369197646
0.03580146452022229
0.06840421896420158
0.05681347448931452
0.04909137029934461
-0.01435086825342768
0.02726378012952719
-0.01434305577971421
0.01092874102703401
0.06482268826612152
0.07423400854070537
0.07116246291752951
0.08287494474153606
0.08289362671462697
0.0782815577937553
0.1030962882594102
0.11032578432632
0.09021568967476348
0.109944428042616
0.1371087433303613
0.1074637963559261
8.297286055247951e-05
-0.01238262196744293
0.1186565681885758
0.02407754150590824
0.1604662231515923
-0.2611637289273231
-0.07877149567857292
-0.06765844008150264
0.05086679244932216
0.07030048338022078
0.04170435802155701
-0.2300903377856225
-0.1708001019204816
-0.227465726202853
-0.1952134783508819
-0.2837952455265422
-0.3041594822845354
-0.1400516170546366
0.05100645230458205
0.1146897434918304
0.03774325873850409
0.05222618736418103
0.02308176756613209
0.0718298659908011
0.06340636783655011
0.1158835318203412
0.09244596364815891
-0.02467475501739169
-0.03771032071855017
0.05814675882718937
-0.0326733540793075
0.00663454424283836
-0.01455888911608965
0.1312579073668572
0.08965205741828744
-0.02642763045591131
-0.003102319759441789
0.02853981734083747
0.1656774521591917
0.05523388280618498
0.04828861062629663
0.01033797276143815
-0.04870515704878863
0.1023769604956139
0.02327431571789605
0.03168865052106831
0.04056196697482971
0.02680252896962924
0.1510760717869836
-0.01723223462789373
0.05560061589145614
-0.01623858621708496
0.0939670801894001
0.02925879236902713
0.03621387484953925
0.06304494443075669
0.06112632183415885
0.09729689053335774
0.09867110464406313
-0.007558779305148522
-0.2622974048349002
-0.2185034023527272
0.1037937178939949
0.1919014556443115
0.06707062167231331
0.04319664009057861
-0.06915258726446044
0.0570784289675187
0.05246140995864609
0.021942523523657
0.0216043952721326
0.04934591248413383
-0.3204968714205311
-0.01347975489727868
0.1259120298859258
0.07358621138810573
-0.2853401101297994
-0.3320115525390721
-0.1425757094074661
0.06612200985897511
0.05076839579726219
-0.2079420247705751
0.02774862609602184
0.01445512604002409
0.03420764348380919
