0.01958986916886079
0.04967285074974563
-0.1445345637910611
-0.07830226383160176
-0.06964660332328
-0.06433101421185389
-0.002809345283266674
-0.03913795310030954
0.07080351554849157
-0.02340729027049692
-0.05976035015943552
-0.07659828304182906
-0.005105427037966194
-0.04788697942990627
-0.03440558042673213
-0.01241719690464758
-0.08346356255671093
0.01091223072809059
-0.04816391090718072
-0.08352295959320077
-0.08266056667514352
-0.08332989912984677
-0.1592423160156438
0.007922649965375728
-0.06763307270464652
-0.06152091351084206
-0.08586490001054782
-0.05171674163615637
-0.07152213475008289
-0.08063802841270022
-0.06961658935318291
-0.04635096284046211
-0.08449534795336994
-0.08687223549396654
-0.07460469832380595
-0.08142530728770821
-0.0738140502295784
-0.08614467643248033
-0.07918681534439169
-0.0005621579212938544
-0.04046567041002089
-0.0006470363334783753
-0.01247437373763032
-0.07383381895705235
-0.06281380852496224
-0.07943801502455533
-0.1156025007699435
-0.04599221531999824
-0.08136342652527513
-0.07349174529380788
-0.07006812498993344
-0.05519222555940034
-0.03788092035488057
-0.026597345189304
-0.0276107895711536
-0.03836401125908173
-0.06456253316900709
-0.05938972821760098
-0.1050419793465986
-0.06728782376128623
-0.07827969779598985
-0.06540881890692603
-0.05453359364518019
-0.08570254605874215
-0.08643845202111496
-0.08814187435139487
-0.08412134114573472
-0.07334965059190136
-0.07927275956340141
-0.05402492828355689
-0.06366526709660628
-0.04424055969844241
0.002323409094319024
0.04120989710729611
-0.07551532217422209
-0.06350449152876909
-0.05762883499947018
-0.04069966186889833
-0.02371082153170807
-0.02142333765422113
-0.01186328259493766
0.003881651306612945
-0.02522267275336038
-0.001362706233967414
-0.08085572251790983
-0.07345002774613392
-0.06701420480979207
-0.07831957734272366
-0.09204867754356587
-0.1298524637373907
-0.1341572269683851
-0.1331594026200783
0.0414168726579652
-0.02930046977498212
-0.1046051425395739
-0.1045062514089608
-0.09505235927171465
-0.1515395878724536
-0.099819158978532
-0.007927870492353649
0.006939429597545684
0.01133655559293776
0.01431458252608052
-0.04305402687615038
-0.03124556888120551
-0.02625466896205254
-0.08686155017710663
-0.08057527926953834
0.01417025977003669
-0.02585812116341962
-0.01842407713746134
-0.01604853334342404
-0.03558464883550057
-0.03176144118640358
0.01500872419537827
0.07029465053241969
0.1112645714885082
0.06466061352332014
0.08374200302710098
0.2164314915031393
0.003478628064033297
-0.02166144653375131
-0.01225141974626467
-0.02579197125960241
-0.05317898692695433
-0.06289424200744279
0.01752200770705165
0.06327142871955965
0.1260783388906827
0.1332744329681572
-0.09507768542630578
-0.03979941279266846
-0.02503094615564815
-0.07831675190715406
-0.01629416139665068
-0.00669004968922184
0.08864094979740446
0.1615450400376028
-0.1140926007612834
-0.08597829172185324
-0.07251982423473667
-0.1515472848679299
-0.1499502908511443
-0.01278066818910938
-0.04683418347284168
-0.04941960087078887
-0.07689008891757992
-0.0210724543517222
-0.00262908925416537
-0.07081168187563304
0.1003612041218943
0.1716551787564524
0.03421570179409438
0.1188653041711107
-0.02052808688985294
-0.006134620963132503
0.032022762132197
-0.008497193022211372
-0.03174686393378109
0.03378887770082041
0.0591199505423635
0.04935946627776572
0.0339673910759622
-0.06077723732453568
0.007850495608614744
0.04053970939004486
0.01354036032866055
0.01032378717975686
-0.03724471065235103
-0.08568685460753217
-0.06283807784834237
-0.06283665549749368
-0.04233136836554382
-0.06633115802161611
-0.08812272419315755
-0.10796299340733
-0.105678239235173
-0.0282381912719067
-0.09013185691836939
-0.09438389963545099
-0.1278362103757411
-0.1492682280564723
-0.1575433962624728
-0.05537060681219442
0.002812767642276262
-0.0397047384051535
-0.1552368823335145
-0.05424615034637465
-0.132613145546076
-0.11921019538675
0.003751479015993348
-0.1389581440008543
0.03783437764944045
-0.01541173542828512
-0.01824665673987265
-0.04188338926438652
-0.001867457719891602
0.01578859869450528
0.01397405099541643
0.003009747882595965
-0.004561819894697128
-0.005492836333031801
0.008327545412090565
-0.1025626258813507
0.007680312933742701
0.01700787436426263
0.0873638696250537
0.1703281725085065
0.1209829562433532
0.1527384321264292
0.1928926649151851
0.1323649479307231
0.1683613602492324
0.155970038400338
0.04598986356189089
0.1377996160624653
0.04034469933627313
0.04488435088008715
0.08728184790282542
0.09075653953228435
0.1601623287763811
0.15938938606572
0.03334814272092153
0.05254420999629415
-0.06350797455299247
-0.1048548183177119
-0.1103212621365261
-0.1351203310091109
-0.159646134406042
-0.0929901449427519
-0.05554408104950254
-0.0322948444203767
-0.04828749285461335
-0.1041377509340757
-0.03186911992600106
0.0007859712041752954
0.03213906845844627
-0.03600174736613027
-0.05058102807391242
-0.03630543038205906
-0.01691174626032727
-0.0215161646199012
0.03826423257267649
0.05506121641102028
0.04102362993983091
0.08199664721456787
0.1411355378351708
-0.1386589915542205
-0.1109441675469488
0.009522147608135315
-0.08873342092059928
-0.1157821634144668
-0.1236348054314796
-0.1360552393154962
-0.1330145053528966
-0.1474276590523037
-0.110446453483348
-0.1273378557349756
-0.1526885582648991
-0.1298306192683602
-0.1354981245533885
-0.1436509215204991
-0.1464874378793625
-0.1632210729626855
-0.1701004221448343
-0.1479761925321871
-0.03799168979698391
0.03949638477164033
-0.03787988390994036
0.2013105021571701
0.2052184857409211
0.2034246449043297
0.1789873660434691
0.1563067501018008
0.08161346965003827
0.001089655780905949
-0.1021806099409408
0.004035793899272983
-0.07264673557391889
0.1309062543792172
0.07453860508793922
0.03275390411026973
0.007409124637985883
-0.05533284902516054
0.203314033537481
0.09102437797899003
0.1005270541967124
0.1104672823767726
0.1680262293688653
0.1643864755473292
0.1056167704989943
0.1780855642984461
0.1689348619045625
0.1319324154204973
0.1453273088405705
0.1317440984527378
0.1563908584322007
0.1281045245659823
0.1168089760687643
0.07688244919300702
0.006126206128702796
-0.06331406306729927
-0.04132871979253638
-0.02565378693260873
0.004340194217251791
-0.08827524841116204
-0.09007384282549684
0.04301035144971625
0.1463088681885883
0.06871862321365516
0.02409523583606459
0.003677779444301164
0.001357095666887727
0.1921493069717748
0.1429438238827507
0.1236770386239013
-0.1168829087223425
0.1981348982351487
0.1655202097744934
0.09361607052579581
0.09534714455756352
0.1466659964523849
0.1085075597234578
0.05381485473052643
0.02544706927907868
0.03354403942471608
-0.00980767605796928
-0.04695650504789071
-0.008129064692766693
0.02707827507793742
0.04969465565481803
-0.03076966513107797
-0.03642273615314206
0.01767621553421764
-0.05911725719092063
0.02165547546730253
-0.01883372457357225
-0.05396207422055344
-0.07906462987937098
-0.06222335540577879
-0.003574597661473458
-0.02684591303812994
-0.03133523453977954
0.003153436807987205
0.01948379156108524
-0.01237342069605165
-0.02851681551692321
0.08141416807064275
0.0998956909704878
0.1104566175276017
-0.01429750775672874
0.08184741351819401
-0.06162990997709327
-0.06784583733561947
-0.1066703382462981
-0.08934807603342461
-0.1135872808217316
0.0662128863295329
0.09789245294073939
0.01297001929729263
0.08770820963249955
0.1538746755942249
0.1808926845351097
0.1106490857939138
0.04458792836978617
0.07023149606595293
0.110209760197906
0.131407419608042
0.1275583783430632
0.1619963260535088
0.1008016871243284
0.06184167845555147
-0.0002283189186468478
0.04572453859913702
0.03206239967576748
-0.007960588299331431
0.02527612375885507
-0.03907728175342706
-0.06286717158190426
-0.05253424593248236
-0.0452065833206634
0.05183977520029975
0.1005118506922135
0.1495666131552831
0.1317080342791423
0.03872943177387145
0.02898709259051929
0.07922180477655084
0.1024895239752423
-0.04083453298535818
0.05487033104316642
-0.05362145386432098
-0.09736340605402
-0.05155810649695017
-0.00470971514201709
0.05492062396274938
-0.04022755755810456
0.01878029696456743
0.06191523239127958
-0.07754368503473898
-0.06304643237071399
0.01893768747671462
0.08071363728873093
0.03937482149670504
0.0182886206738776
0.03172204601744192
0.06139408558596046
-0.02163527892182033
-0.0289152640942238
0.07376362223110969
0.07719998591549317
-0.04664477496411337
-0.07806365569965763
-0.08210740773124346
-0.0679638169286956
-0.05053019446184321
-0.00932669037612438
-0.0614141491556091
0.05101851716873806
0.01188816800081419
-0.04008982920229377
-0.002123812064109797
0.173988228535731
0.2135901387273405
0.1440020321412557
0.1453822357075593
0.1487601957013034
0.1388173319200517
0.129345460667569
0.1069727610745617
0.137506974680811
0.130172810622351
0.1285237825051365
0.1147955537638146
0.09247894642995383
0.02946588432428403
0.06300428564948911
0.1197496860895381
0.07681156050313756
0.1355269051722375
0.1530636854774518
0.1634512443990621
0.1463834013376094
0.09476204307615396
0.1734228120622081
0.1690144199790213
0.01256723887993493
-0.01041295938378036
0.05299788079488926
-0.123253216807314
-0.1308698574698726
-0.1338006566527749
-0.08799662974293848
-0.0967488612023913
-0.1260491240447567
-0.1200732070957199
-0.1313850339927063
-0.144297098483037
-0.1535867105670308
-0.1439224695886874
-0.1230058744825311
-0.1580316043876886
-0.1390311061339271
-0.146054706943311
-0.1596376584305146
-0.1513196071621929
-0.1350391038157834
-0.1189916998584749
-0.1340279831050681
-0.1080582733728919
-0.133407096273805
-0.07445167407122884
-0.07958478820674848
-0.04513608034524778
-0.0864597081040934
0.006161898007955888
0.02855917009338051
-0.0348533073704162
0.01186548243905486
-0.06950724496252229
-0.02946427858610549
-0.02494301008591731
-0.03612563693524736
-0.02048890559636118
0.01442846346271416
0.03143877558495569
-0.001514337809882439
0.01564425362645858
0.01198229321129774
-0.08989279411574606
-0.1051227087419987
-0.1364380432217741
-0.0893140714566087
-0.08511213022681759
-0.06505234444473046
-0.05533419335853526
-0.09731561966084055
-0.1192937475569147
-0.06443190792007082
-0.06169170526660667
-0.05519323600989134
-0.05338767774700814
-0.05650927133043133
-0.0549559777228887
-0.04371747170722314
-0.08300728976834904
0.03168354809409037
0.06567081319423199
0.04008268966976411
0.0953436907046073
0.08369111055555205
0.0454307668269022
0.03763667267775518
-0.0002899883043270948
-0.04001648664149141
-0.01145711678737206
0.0009838169449944219
-0.01754067994560284
-0.02147533691101446
0.02753760957680315
-0.02922891540988796
0.1385489311491777
-0.01704985355871712
0.07374659532199657
0.08659370092085919
0.1104697264903855
0.09103509972028088
0.07192154590946725
-0.0113307129624992
-0.02574380605209857
-0.01936388849079475
0.00331347080459318
-0.01596607219552666
-0.02062186329086409
-0.03444252230998337
-0.04491482624003064
-0.06275706266974782
-0.04830299620132842
-0.02483318284672524
0.0008229168615665289
-0.002391239809984248
0.001319464529567724
0.1096897374087396
0.05828871329245949
-0.1496349620441295
-0.03320055877419482
-0.08415879377074886
-0.0005779648285938956
0.04191243876751756
0.03732231720600661
-0.1542667296429387
-0.07212948148087235
-0.07017348121706667
-0.03427889880766387
-0.06785719150904491
-0.07206022996322066
-0.09784109859697621
0.01888439294528969
0.03395927400310088
0.009934338980711416
-0.09310896452095431
0.0682561831151863
0.007285964461490318
-0.002356372315795442
-0.001773055694973521
-0.01755482114301552
-0.02176096191523801
-0.02578701922741104
-0.03854236191890233
-0.05705510040745181
-0.01460475328659875
-0.0192111648710251
-0.01601740171411649
-0.02855725927513176
-0.002030005306476218
-0.01607671638543077
-0.008268237289331723
-0.009814088917528708
-0.08055532116769915
-0.1008008840056443
-0.1137313322217028
-0.1033573258033573
-0.1376368148396829
-0.1171884738854712
0.0004927529957094599
-0.002027444997959541
-0.005145493397407579
0.007609205250189419
0.01857353697269051
-0.0700238513895548
-0.07348384495976513
-0.06755548468231205
-0.1021657785488662
-0.02549013406825657
-0.02212172260084716
-0.03229192717754356
-0.01780746671978053
-0.01517027464431765
0.00355482742787801
-0.1415534757785802
-0.1347379896165286
-0.1337767175777541
-0.1044443753484208
-0.05888340054021036
-0.0005879671035704699
-0.07561081607970969
0.03020997672737621
0.06948757868777788
0.1005599363910388
0.1245464004598427
0.1315139161421631
-0.006207320488849382
0.006778703011125093
0.1449822390348921
-0.04064969474641382
0.1644637228712325
-0.08834246921630902
0.1329262551745482
-0.1593705131688935
-0.03500430873959085
-0.07179596867159438
-0.1057895962711247
-0.05520040093486447
-0.06804455955777522
-0.01577515775490962
0.02611630558447115
-0.02207160226066331
0.03953170281240127
-0.001683804729396715
0.005390290958229878
0.1679343464331035
-0.08698676982137754
-0.06760696191621056
0.001789631641173326
-0.07379154560195228
-0.07158189631969378
-0.01547262546511431
-0.0258131189796598
-0.05594226092576511
-0.06635291258313658
0.06321056635481929
0.1449430334631526
0.1711042556893679
0.1470095463963963
0.01265457982394782
-0.02328556255332045
-0.1313144848630973
-0.1088462874659253
-0.08448917165876907
0.02643170629363189
0.001078182603522529
0.009411910868944551
-0.0537869287820686
0.1468866651388662
-0.09854033235176957
-0.00477275778229267
-0.01919620637046931
-0.01697078634032164
-0.02083877896654534
0.1825026723268832
-0.008611914397856095
0.02133398797939294
-0.01843140194874879
0.0875125949556273
-0.01578404532665749
-0.01505745322921984
-0.01115028536141119
-0.02614506026380591
-0.1052479628332548
-0.08916735140821076
-0.04996424188951129
-0.1138217610923006
-0.09179137771096972
0.104488841984957
0.08525860878521278
-0.159164019424317
0.03891230924933176
-0.05930689435866806
-0.05391313206463906
-0.03110819686607314
-0.05530922960451314
0.06649548250830577
-0.1616860078519414
0.1045815957725438
-0.0409998828992641
0.1340565766195689
-0.07373713858775449
0.1131536493687037
-0.04364094229306873
0.07645711515633218
-0.0768680354121106
-0.02997788178422058
-0.108472933633819
-0.02428073698047168
0.02145055050213129
-0.08453559990527754
