0.1371913187370896
0.1886005986414346
0.09330307712756546
0.2162572864380885
0.1349895593691087
0.218143597296123
0.1116671957922651
0.1195798164382485
0.04815047496993322
0.08572066202944241
0.1990434815747792
0.1627016912550814
0.2010432218658817
0.1551442308700421
0.2893211724555212
0.05402083329638687
0.1913235706686118
0.05802636014179008
0.1863202235991978
0.1876196298271771
0.1682188239956234
0.2079551984767579
-0.0200535237836801
0.08307261498013035
0.05106453479012377
0.1485024500779286
0.1925791357898618
0.1588951078950604
0.1749888657801382
0.1760885471798646
0.1506926383587675
0.08312903295479214
0.1996205549013416
0.1961693556822108
0.1916225384422145
0.1990429846968565
0.1723308174144958
0.1730414183806825
0.1699523699975275
0.07890447582876386
0.239532589331787
0.1738323568431238
0.1416722315113322
0.2031868003676243
0.2096976201715392
0.1904692949485168
0.1438361143705922
0.09002795487731409
0.1820997649936524
0.154634305819936
0.2027677059255407
0.1727873166238063
0.162718134221817
0.0731174783213889
0.06517750746049776
0.1280155650750571
0.1178644706183945
0.08413134096159823
0.09026294096216916
0.188916308071107
0.1500261801898982
0.1517205616667643
0.09588540403823187
0.1976328762678954
0.1914016996327311
0.1784353259904558
0.178327960394151
0.1524962003878796
0.1772419965862358
0.1365515708372414
0.174810666315445
0.1372568250695074
0.142184024733205
0.136098354600332
0.1582595739235868
0.111610489177432
0.1531880179119869
0.1272217376898583
0.04186820302681882
0.08423034702081747
0.1428308795510886
0.2030348573678131
0.1296342408614804
0.1539230560796761
0.2027148192999878
0.1291077245373229
0.1637964942385624
0.1149558114235701
0.1122112168525685
0.06259624840938002
0.08465501556473333
0.04998993986265735
-0.01317541143318342
0.1917296369233923
0.05677006152136577
-0.02972844443268013
-0.08196428458499748
-0.02893708287262078
0.1281853748254093
0.06052609185409512
0.1098451020195444
0.1872776100945853
0.1265409387330192
0.1449344687433678
0.1189095648196091
0.2362610813843906
0.2724196653452459
0.1823032270549096
0.07434902359591929
0.1286503109389945
0.1246049717176116
0.1852135370547865
0.229179663631162
0.1448410856786418
0.09417922620140111
0.0767098656017034
0.1992692393512591
0.139626795646556
0.09201531322434595
0.1855349528140838
0.05664205088286174
0.1107794609603392
0.09243489070067266
0.08252620702131068
0.04742384073159903
-0.01012992027616589
-0.009601645078731347
0.04924202593599117
0.0851941337719417
0.1404070884550292
-0.04782601952526543
-0.04570092926604164
-0.03502310534043453
0.01128600179133208
0.2603306458955029
0.1335858068705328
0.1779164978449934
0.1650632228928907
-0.05768656907270581
0.1742961155640879
0.1035471742711096
-0.06272727820330311
-0.004811138803448721
0.1398933513481639
0.1854025017595491
0.1899361989094604
0.1086429143113216
0.09868037214683999
0.1507678036740801
0.1281644476889081
0.1365993162275553
0.1237024726639744
0.228014809701606
0.2085858147821525
0.1342402088252648
0.1687139483982483
0.1900705803708008
0.09594129394856851
0.07501878055274068
0.1090718638082098
0.1473281223067251
0.1737200610242881
0.1862441179474432
0.1106283638093911
0.1750545086765042
0.192127313863982
0.203798050376311
0.2041673003701361
0.2280200305299047
0.2002644128337457
0.2466017771671207
0.280747954121907
0.2866890495459054
0.2932010103459855
0.251671201198739
0.1743966805913182
0.06772263135949089
0.04400341991897556
0.1120893806023081
0.142012021738501
0.07655788225358298
0.07844115757494673
0.07422186144331858
0.1174566573430821
0.09190693244807498
0.1582913640865867
0.06600520228742941
0.2409271993922825
-0.06461866677951665
0.07675376992685064
0.1100657285034411
0.03611545830118237
0.2835062637247509
0.2274999403426715
0.1840930747919232
0.2356760826368274
0.1574150987155735
0.1772969924457242
0.181386305395366
0.1501063012314894
0.1074867133576909
0.06139135549619128
0.1007473399345028
0.2067477500354051
0.299166260634895
0.0997757067393162
0.1037352529379686
0.1373417925557793
0.09329182694985835
0.1792891864845781
0.2128500129184925
0.2517190254795093
0.2270390052927843
0.2379161352531853
0.06248135260936039
0.2514063083392915
0.2117485824868708
0.2999682925682072
0.2269900979286688
0.07529080358082155
0.1177387312391447
0.1483892480312274
0.1685519379441567
0.1668431098548272
0.1257362870317295
0.1056069514376784
0.08902414404219391
0.05765697127513549
0.01589625929574483
0.09888231005792016
0.1198211497311102
0.1416117944293618
0.1435556368061551
0.1129497737183118
0.1335676964377084
0.1234556686044781
0.1430279878383084
0.1050078961709184
0.1079127956571395
0.1114305664504395
0.1169057800450947
0.1559020818814315
0.16027646906611
0.1601276916770997
0.13309410604649
0.0247790428868332
0.06786691969202216
0.03048584511194029
0.06407521994127013
0.1214134504553094
0.1048630649266245
0.09017717575562267
0.05843691043174067
0.03549475107124786
0.06276432320485908
0.02543505867362153
0.1057847087275427
0.09538171123190403
0.07749994513293458
0.06632520728523086
0.05334669586053362
0.02040792601969079
-0.002476874236385711
-0.02828163264403667
-0.01495151458654775
0.07093632697133624
0.06411841444753368
0.110838082254498
0.141390900440126
0.1490955261630556
0.1592222929498753
0.2007060636156487
0.1784918262424811
0.2275881114303415
0.2662382163818357
0.2996088952531281
0.3373498743799562
0.2275011665870056
0.2548096179395349
0.1574919849908458
0.2057233774500383
0.2912101198030891
0.235226583843329
0.183924659837759
0.2167217117288256
0.1521561523869201
0.2503520938456818
0.1211324728603338
0.134750261764491
0.2415282675310626
0.261714864747871
0.2349239300885307
0.225250600576087
0.2137861613723007
0.1898546230520795
0.1620237085384257
0.2435839118744791
0.2592720389697566
0.2601630096587728
0.2724995012835162
0.3127900716518018
0.2982064802101974
0.3238643988434468
0.3284112787038639
0.2946929959676427
0.3703494687746529
0.332376492123714
0.2033213810503902
0.2193127928119232
0.2528908109847573
0.270139104924778
0.284088511347774
0.2674972915569867
0.1707048701328619
0.1552176111713695
0.1263415351976779
0.1356577939169129
0.1887138262797195
0.2001829324325888
0.1632114061624107
0.1339625976259587
0.1108756223769862
0.1856218414083319
0.2862935762149043
0.2969600283142713
0.2920288826794958
0.2954453945053345
0.2911293443006587
0.2658803944247903
0.214142058314652
0.2812835006862726
0.245102342679595
0.2242685825984136
0.2541789518403209
0.2813354198464223
0.2936069090756087
0.3087271633403927
0.3098548415807756
0.3208555673395552
0.3511731429555487
0.3086099387902804
0.3276284316512986
0.3374854837746726
0.3190880717303367
0.3038764280022836
0.2765689465230358
0.1227555025577514
0.2778200588919857
0.2338028803280712
0.2416781567611844
0.1856646457851787
0.1304008238487968
0.3569565283885828
0.3443073582836609
0.3485939955834511
0.2287189306778267
0.36834264522156
0.2690958697128514
0.2627423946119369
0.2204277077835699
0.1824246310974145
0.1690537714616781
0.1538531019279575
0.1734056290770835
0.2067299476937421
0.1834571462085672
0.1537630989766209
0.165418181104564
0.1556098965043264
0.1249047706894456
0.1880592064531895
0.182680898145042
0.2027326409670611
0.1256589569918743
0.09180734574717049
0.02113033191164052
-0.003038309489276721
0.06675273330392213
0.1208987010744912
-0.04091295346293063
0.195234573794805
0.1847029822585437
0.1126991255352408
0.1414210007895792
0.08007481226921545
0.1498938134105258
0.1218455848271561
0.08096400345012553
0.03054601580286921
0.313721292534091
0.1962631826580918
0.2227540675097829
0.3313400280198993
0.3283018370014881
0.2942070273026202
0.2675331298777041
0.2955347612784118
0.2461254081769535
0.2575489722049592
0.2602457892826047
0.1000543745393794
0.01418659960244412
0.202867010033169
0.1704023939752019
0.1091005578609327
0.05931955665656821
0.05418530749985066
0.07364019311030087
-0.003467509562067708
0.08013296795976239
0.1691498830816081
0.1510348250446933
0.1873817884731149
0.1441970096537895
0.1489555223250446
0.2155056252308598
0.2006073192777125
0.0567539414326681
0.1270755820116242
0.1277080958719404
0.01274772628172846
-0.05387457063228002
0.1412566400877941
0.1989484163890682
0.2240389187276769
0.248109928212822
0.2399205497141824
0.2204211474705975
0.2054195192673098
0.2325613847553534
0.1890843201065043
0.1684761107008653
0.2449648554127666
0.2262014612935242
0.03802582716760964
0.1192665167886627
0.2773255035080754
0.1930572815021211
0.2099488897502877
0.2040838964685879
0.1760149025830395
0.176689096759509
0.1461949906931577
0.1631135714510238
0.1626997793669566
0.1467080966270314
-0.01339667759054672
0.04696344342470097
0.2649333673613555
0.1149260463485386
0.08166050179570654
0.05129348285350339
0.04156962443065011
0.05280514469150495
0.1091627030393331
0.1086136224736882
0.09755767869802714
0.07344270091551321
0.06219006037785382
0.06179972070093682
0.08357162714946219
0.07128832643410461
0.05841724486549441
0.09653885113727452
0.07869356497465907
0.06433707821642849
0.06522500261149818
0.1120272912766072
0.02345631040443466
0.02414142027116055
-0.01583252134990202
0.0520978404653497
0.04417892191458989
0.05006048068731064
0.07001809610218976
0.05397418821216615
0.06097404615863922
0.05513240601954958
0.07874089133100834
0.07089674442477756
0.1002686535139985
0.1394981803536579
-0.03826053011604891
-0.004399841093781758
0.02858432943009304
0.04224040227723302
0.06286713528969325
0.2229261808124738
0.2729998945991351
0.02943677670658224
0.01771236040063829
0.01613640782609055
0.06458359143547258
0.1064701224945166
0.09512762997043085
0.1087988471686514
0.1079463000813988
0.06947247592029045
0.1336928642377984
0.1619390932721327
0.1773051301892905
0.1956303136343797
0.2121466918925311
0.2016487173637593
0.07987059157289872
0.1240198629585229
0.09845445332913035
0.08612409566712435
0.07992978856722052
0.08921358270290485
0.07547966174947254
0.06583146131795621
0.07610559440386409
0.07106080935181382
0.1478551666802512
0.09128002735933546
0.06896099966740263
0.07393099229062539
0.09222675473182734
0.07613735817544792
0.08907536509324666
0.1509029045992004
0.1287611203904852
0.1822797771822933
0.1791156810355806
0.1847634879268794
0.277315405145671
0.2802864249372454
0.1660524740752374
0.2277440153694801
0.2484908710299573
0.2003501280988262
0.265875074145945
0.2542800376744099
0.2946785693699144
0.290501941705351
0.284688667951432
0.2773785534526347
0.1995623200724359
0.09754788857563375
0.1018550066471416
0.0676417755077218
0.1991359624867526
0.1694901580388095
0.001210455430224149
0.2466936648302788
0.2812944050522979
-0.01698353387423606
0.02041806948176778
0.02327229717687739
0.02434435650580259
0.1409305499961162
0.1515064508154125
0.1729277533822925
0.1629550846363467
0.1689313027800827
0.1560480471156264
0.1800475906462443
0.1743798461059994
0.1479888189094833
0.1083290028003521
0.02519402736224252
0.08424730295883641
0.09750074284854078
0.1178629625606654
0.1519245557882608
0.1849975579988316
0.2194559624330466
0.1897144419945677
0.1783588459652752
0.1639405489880276
0.1326587286797707
0.1212093513650787
0.09574298449150047
0.1054043364417145
0.1520224489937967
0.1916261802008069
0.163863634489328
0.2684057017261115
0.3039931605124843
0.3467604000440184
0.2616468855986373
-0.02402630218789157
-0.04988432518956418
0.2197289956188277
0.1829160127595501
0.1427572754467264
0.1728372130747494
0.1343297355777019
0.1488119464496163
0.1553151729223226
0.1525712305321362
0.06345538680007073
0.09113836050855917
0.113847717735146
0.2620425776981452
0.08798859871604303
0.1543047302114939
0.1634784364129625
-0.04636088358014095
-0.06974246884690155
-0.07216229807051282
-0.07893370388014073
-0.0734467520306282
-0.04949890497241254
-0.0552282883300257
-0.01471681795432966
-0.005180519174743612
0.04673725142220275
0.0610040839643311
0.2349777870738057
0.04912443300189235
0.03659667944965981
0.1173357792513197
0.1430931301662918
0.106724529869607
0.3077039820587514
0.2006192665162471
0.07584928766712316
0.1570640929220044
0.1428297608818636
0.1191821235969003
0.2555778203827281
0.2527687617705891
0.2514663894009582
0.2330187856617319
0.2752797226442489
0.259232925147733
0.2262552061702454
0.2806774460503123
0.1610586610166981
0.2355284869370494
0.2302734763740212
0.05718200348974076
0.1033169656183287
0.1235741142768221
0.1846915391667727
0.2243714898489411
0.156088527322866
0.1413728818938919
0.07072165431109514
0.1618569099814549
0.2140131231009302
0.213775182719142
0.1589001394410174
0.1544851678343369
0.1189513822712948
0.1490039052007003
0.1798005206988622
0.1242065924325909
0.1989852104692948
0.1873147714080747
0.1998968608982677
0.1913395868197064
-0.02496277499093646
0.07040816547265008
0.07852698422808826
0.07620708586422621
0.06775587567583816
0.1442376043012302
0.1174472540348209
0.1997697974443551
0.1180198677160763
0.1526815965173549
0.08977164714536494
0.09284140351918131
0.2521311629533006
0.2323460220476851
0.09570749987883113
0.1018754467828364
0.274235752919541
0.345139668547619
0.3653807161217931
0.1070214902783112
0.160690693235388
-0.04633315204306723
0.1919586553938185
0.1422027240260472
0.1582730784178427
0.06957711624050855
0.1280409842446919
0.16468372832793
-0.04155063374430108
0.2583055533616097
0.1284074456240749
0.0975534851734417
0.1487064669955166
0.2686258900953058
0.2481493864721148
0.2018215485991466
0.1067010240251377
0.1207093359774544
0.375027628311808
0.1317134623350665
0.04206285476090395
-0.0421696225165124
