-0.0316147397289553
-0.05479794967670672
-0.1396301999027232
-0.1887402447443295
-0.1948738280620216
-0.2282377574573435
-0.05395584414480209
-0.0527238428253358
-0.08148569112693774
-0.06408116222048711
-0.2443322455288902
-0.1463643864768712
-0.1249333179195589
-0.05903397162260676
-0.239552144912337
-0.07828236377312001
-0.1685280692106416
-0.07048461293139094
-0.2268017319702635
-0.1651998002183208
-0.1387383547406492
-0.1866337497631471
-0.2346014234560865
-0.08794291450741887
-0.2688703948069677
-0.1271497618143919
-0.180951970680513
-0.1143965098377329
-0.1774628011772631
-0.1561040592343894
-0.1364317959042891
-0.0966913625234391
-0.1767929504678608
-0.1816244611450763
-0.2053563871790604
-0.1721288002868826
-0.1344960414054962
-0.152431990042284
-0.1495396793744367
-0.08223261669768721
-0.1788862919694959
-0.1388435654260664
-0.2070380871119567
-0.200696965339434
-0.2023572855272588
-0.1603792812013659
-0.2016549213412153
-0.09657198440154795
-0.1601166887405647
-0.1357764298257143
-0.1733089587108336
-0.1644991560563513
-0.1959742252254421
-0.07009334569300597
-0.2256985786542092
-0.1216542392058199
-0.12142826618974
-0.1323978459659418
-0.2089864509646867
-0.2227010012421403
-0.1205870655893202
-0.09131914595881128
-0.08607745162582642
-0.1766255064263577
-0.171129513885651
-0.1611480519109803
-0.1670483257576536
-0.1338683177715659
-0.193304794591208
-0.1229439330013576
-0.1339782071282847
-0.08079032577281145
-0.06120208485567877
-0.05800236448220036
-0.1430524184223847
-0.1138126621861126
-0.2654128031950559
-0.2649385625687755
-0.2596433262083739
-0.1162619465823031
-0.1096395416121787
-0.0778761192663093
-0.04920152984023615
-0.0101084455792145
-0.1970369075281694
-0.2376727380821893
-0.2268242692005376
-0.2003331191161517
-0.1765462915734717
-0.1738204093270216
-0.1542702849331583
-0.1567507038762411
-0.1700198941196341
-0.1217979132448279
-0.2490674481203697
-0.2568075041167547
-0.2142573653508025
-0.1638909386507471
-0.13860020918687
-0.06930832758239137
-0.07396525559652313
-0.1166547442474872
-0.0985230385773767
-0.1490271536411183
-0.08660581669365601
-0.1434782426328945
-0.2402528906676114
-0.2732519572749968
-0.05862837120837867
-0.1480492275197795
-0.06682166449196028
-0.1759276219330415
-0.2580313569069628
-0.2601531528383017
-0.1806239011103555
-0.1500482293248269
-0.03667924184027116
-0.01742974336059182
-0.1007088711678636
-0.04094350392609199
-0.1409360667339737
-0.2096835311155771
-0.1836256937174435
-0.2557174347657319
-0.2793446317227469
-0.2691784235431353
-0.2079546272195056
-0.1193819963017595
-0.06662223486198658
-0.007466584057828896
-0.2542571120090263
-0.2226318951064742
-0.1729947573547481
-0.1269123327491407
-0.005596321379944967
-0.04931883075971653
-0.01089181121226446
-0.0790370795046068
-0.1777371953933312
-0.07959160841552736
-0.09904824915178044
-0.1996092331579969
-0.1689121462855346
-0.05585328377031757
-0.2122949472162748
-0.2594549228747526
-0.1402734434727252
-0.0906399753388395
-0.08456768225238323
-0.1226387098429276
-0.02245429452265811
-0.03481031474210395
0.0229220487141231
0.01157443307459151
-0.07864950814183047
-0.02952601548477956
-0.02118216110375849
-0.07571888303157796
-0.1049133062979898
-0.03766868815886696
-0.04409735714882992
-0.03332975074838843
-0.0759851355799598
-0.1556967193794511
-0.08565908851208807
-0.04150119024976101
-0.0867584267812308
-0.09874443509375345
-0.1484544290171936
-0.1823420080175724
-0.1900567114857304
-0.2183820142564656
-0.2238687118580213
-0.2507041613300811
-0.2688117330700219
-0.2476621908017532
-0.2073690028306649
-0.1631095796064893
-0.2437659639542359
-0.1510041549262239
-0.1618400943549224
-0.1587710156611603
-0.1577510393016705
-0.260006099574894
-0.2242394290000158
-0.106809045673339
-0.1568392894312093
-0.2665601036113484
-0.2331789772529452
-0.149640645036445
-0.08069662710235513
-0.1485323196339626
-0.09152217256018026
-0.1236148583147091
-0.1120951792755103
-0.1658142028963583
-0.0642378208989601
-0.03043343284934879
-0.01482268566138005
-0.03404817262339027
-0.02316145002301609
-0.04410351195356673
-0.09823457895494976
-0.2243301513990609
0.06164807898472834
-0.02600860246323502
-0.07669909218419282
-0.06015566742297813
-0.1147673986537468
-0.02890362681207183
-0.07242671891581896
-0.2572733260334671
-0.03838235697905189
-0.1534162584829157
-0.1743033966059903
-0.1319278431415125
-0.1146336420830645
-0.2259006551606507
-0.2322465589935993
-0.1287921561083415
-0.0821005096027308
-0.03759017864298085
-0.03148862369528131
0.008156834100028104
-0.1619546062242407
-0.1555646569681307
-0.1737773412182161
-0.2065280998353213
-0.2027087362474778
-0.1365896237777206
-0.1121380937960706
-0.1005161420613692
-0.1081468254234984
-0.1362615373766109
-0.1005866124979925
-0.07813334747076889
-0.06261837527558541
-0.09872216303279566
-0.1154948160536677
-0.112148224678239
-0.01049767532501616
-0.01883301486233998
-0.06376718207693755
-0.0548218107562034
-0.05814896134403283
-0.1220738146859901
-0.06201011536728602
-0.1341639961437349
-0.1114774288538667
-0.07507599995673941
-0.1319227529250128
-0.1461902566322828
-0.1451315688528685
-0.1570179127352749
-0.1647757914885104
-0.1753841974482664
-0.1432081195427437
-0.1486779729081611
-0.1602584471766797
-0.1468857216151862
-0.1425284827800593
-0.1441624677035097
-0.154076825681778
-0.181152177835289
-0.2024075187054259
-0.1582558460191249
-0.1185712139987768
-0.07155093450015433
-0.07374152973486378
-0.05385000344483401
-0.04068378236239923
-0.03180654023872218
-0.0201953549586964
-0.004999983444577361
0.01063894241245463
0.002781442415001844
-0.08991193461069293
-0.006432425670207117
-0.02864734684457737
-0.01261425195469967
0.001469035781588371
0.04909548990989053
-0.009260571785640624
-0.07209706885150254
-0.05648806685734921
-0.03937370710905293
0.02517963859087071
-0.06469865277887808
-0.06029316892302895
-0.07814764378507479
-0.04947883908402437
-0.1019942665819835
-0.09869078642189358
-0.09013912525043041
-0.1427438601469497
-0.0565741080409921
-0.1501835479771089
-0.2178581730413336
-0.1860684066104706
-0.1505371431507034
-0.1589865594812298
-0.1595997772868095
-0.06400172308040925
-0.2043559797922323
-0.2630804495984477
-0.1046238565288367
-0.1618035415370065
-0.2583116146504463
-0.1965708641165196
0.0285608765173297
0.02485268922201965
0.03524986014123412
0.05718222164954002
-0.04040325741015251
-0.03331933268945383
-0.05738013623832564
-0.1194097125620191
-0.04316956246188505
-0.04482666840433457
-0.01218677621622821
-0.005305275233346344
-0.02878718951392869
-0.01972565136353852
0.0451599132694975
0.05844058690431055
0.03201480121893618
0.04074830174650069
0.01453932719988478
0.0429204444941745
0.01925554412596098
-0.01053449790977297
-0.02744597795547956
-0.1148204366936217
-0.1945897489306532
-0.1738535685950387
-0.0421644784305763
-0.0310669865598549
-0.02025749249989192
-0.06562101432757442
-0.1196473014989397
-0.0782372474354991
-0.1148212867106002
-0.1594754956600171
-0.2038002889384762
-0.2479687088588529
-0.230516086383228
-0.1531676453753513
-0.2652267953032819
-0.2820089523258654
-0.276177897839354
-0.200025599595558
-0.2406823031649246
-0.1553680982957427
-0.1517703935826248
-0.08798404245542696
-0.1001102869979593
-0.09240538278833511
-0.05696695773916077
-0.09986794918425526
-0.06033280881662503
-0.0596296817058151
-0.04103221450938076
-0.0334124198101658
-0.1204130303372186
-0.0371573671839435
-0.02531923135244651
-0.04290210664619372
-0.07173084679174761
-0.02492935641255753
-0.03205164607414725
-0.003002582810092574
-0.00249822705314196
-0.003518894535293485
-0.02907969743903705
-0.06736124085541605
-0.1057042832558386
-0.125021395596246
-0.08698795249831891
-0.067932638588708
-0.1466588664987611
-0.0340899474021206
0.01361594560578012
-0.04889555989315621
-0.03066770401229553
-0.05599311964083939
0.00766035379157261
0.0007822014381595638
-0.04322861309421688
-0.08307752932796617
-0.1972493646467343
-0.0782141802137111
-0.04853556582280923
-0.1450218008933606
-0.2137200313979131
-0.2344570985003755
-0.2677312021036456
-0.2240948568345321
-0.2579994032191123
-0.2824314868925699
-0.1506747926788746
-0.08981553940255192
-0.1394588394933349
-0.2683499193841768
-0.2348374887394178
-0.1918969660033996
-0.1872187240483594
-0.1920663770685935
-0.1321839602358751
-0.08494818007819811
-0.2208945291071758
-0.2610999144582654
-0.1414213335589455
-0.1113076867881233
-0.07759359464234994
-0.09908493633660399
-0.1570196641244007
-0.2125895973375453
-0.0688231176382717
-0.2340737192565674
-0.204248009712713
-0.07504437285284686
-0.08323820421969762
-0.02356029627290805
-0.04913722886456848
-0.1486706333755106
-0.2107976553823144
-0.2384696272546458
-0.2442572631040753
-0.2158196164696699
-0.2559053780849336
-0.155117038419618
-0.1019212689145971
-0.2736721733705405
-0.2795519826502169
-0.1070267870632485
-0.02390210434909759
0.04491030941041667
-0.1907314368625972
-0.1830093997073484
-0.1419953842954081
-0.1097790569359021
-0.06711725888642353
-0.0276012537604943
-0.002808142507007662
-0.05099798104514706
-0.04813083737542963
-0.1285925927312485
-0.1386471415205844
-0.2739906687698317
-0.2270228214295791
-0.195587547960262
-0.1885950607488615
-0.1565130610550943
-0.1338306796903599
-0.1810523889771583
-0.154497244514689
-0.1526682917799859
-0.1607554040129629
-0.1619381747259116
-0.1515899217507847
-0.1303018692000276
-0.1608791157869468
-0.1679541179209208
-0.1455885237416876
-0.1572565691847123
-0.1468791431065392
-0.1287756395901042
-0.1125734834439473
-0.1359564369554621
-0.1251893319334416
-0.1569079189705387
-0.09003703054800949
-0.1838478545505892
-0.203191789111818
-0.2359596717343833
-0.1754101883555204
-0.1394989545498748
-0.1449994800829046
-0.1171474062599886
-0.1097167659568546
-0.09230084528409477
-0.06697489510538679
-0.2400849529866705
-0.2473172700744319
-0.2070804375902034
-0.1215318171668921
-0.2119079101687742
0.03782050385828012
0.04693117916344234
-0.2830526588998205
-0.2614950143886471
-0.24554708042249
-0.266811881857924
-0.2559350807796118
-0.2627724740194758
-0.2758666387400709
-0.2369831897185471
-0.2331097459276931
-0.2525584604574794
-0.2430610934936109
-0.2520853296006956
-0.2581259289860313
-0.2462316237261228
-0.2222883332042922
-0.2725838412251556
-0.2227297445046209
-0.06209271948977978
-0.1111503226959129
-0.1530927865621993
-0.1145825505526945
-0.14863264955928
-0.1839403320217658
-0.187942550896409
-0.2237433178867478
-0.04591813320237858
-0.03905815322302097
-0.06629608199244721
-0.08778026810504624
-0.1165277137218142
-0.06105376101235886
-0.09269769675617928
-0.02121715024034514
-0.06958832838707203
-0.006349999081342088
-0.01871805813536901
-0.05936233402096542
-0.2255204183560661
-0.1955351146759179
-0.1369979866218296
-0.1786492147551478
-0.1892851829128017
-0.143974419418323
-0.194973567570141
-0.2100883610890901
-0.2289987147117884
-0.2400888032520299
-0.2666029546293637
-0.2661505333230591
-0.1530910997036962
-0.09135909563323673
-0.07306652474327663
-0.05676881849901542
-0.274295427780096
-0.05333238982854014
-0.1502032866917368
0.02090669397341176
-0.107349135660823
-0.2170120191461281
-0.1799520911244989
-0.1725226014337458
-0.2285809025377007
-0.1222297635121819
-0.1259089404082381
-0.1109000679586602
-0.1331611154159448
-0.1474978293746813
-0.1739613347262193
-0.01646551426599668
-0.02265771812426974
-0.01771241494250035
-0.08909977351307158
-0.1438532343981128
-0.1281556833648625
-0.1526175772245212
-0.2046762332130926
-0.238548990606486
-0.2340223118134479
-0.2312844737628819
-0.266526035831473
-0.275520520815811
-0.1867143205314316
-0.1271754007041942
-0.1470270011455831
-0.06494720402973347
-0.2272976079975424
-0.1177181805969193
-0.1358301243861998
-0.09442810634099942
-0.1239421137128532
-0.1053744422815099
-0.09882797312846212
-0.09255367479155963
-0.2517867902112975
-0.2505887447086969
-0.1380047144212054
-0.09623916727523461
-0.04931586680539425
-0.0940370704609004
-0.07985438270756735
-0.1934049257502246
-0.1939474111296995
-0.2104473978793033
-0.1207074195388739
-0.06983398911661698
-0.06275612527347775
-0.2454014794549521
-0.03703528886953896
-0.09044234326657422
-0.08272906829712559
-0.1746761960312257
-0.1893209679363605
-0.2155185132703688
-0.1942067732575997
-0.1917135146045069
-0.1792670046107156
-0.1793577617188328
-0.1556083811771836
-0.1364344067433369
-0.1133572533808048
-0.08443686103497031
-0.008505320113609841
-0.06411606605061471
-0.06457392023998704
-0.08110980619668305
-0.1062394733760986
-0.03814240544820019
-0.1387602539734886
-0.1144098434821458
-0.1605204496972592
-0.229831328156383
-0.09017580095262639
-0.1175437757237874
-0.138791464554042
-0.083654094921639
-0.1571057634603814
-0.1540321073027586
-0.1945177700099523
-0.2370688968868881
-0.09968238676064245
0.0566533568952883
-0.02044264296321633
-0.2103347571614515
-0.1793056548884627
-0.09437877230062272
-0.1662984178093029
-0.1824558165632683
-0.04543687219065819
-0.03890369738265347
-0.1086633558578903
-0.09469865140756493
-0.069476131608161
-0.09451160462488406
-0.06707842497332667
-0.0697037488669932
-0.02208446043113887
-0.03101704148399384
-0.1281168260104132
-0.1062850331284916
-0.08670923470126696
-0.05230432053014453
-0.1040583218804805
-0.09154116012984002
-0.2065809386622479
-0.1049634147805289
-0.1552310893870271
-0.1632445288713497
-0.1248940714207704
-0.1345503637133487
-0.1034494046495317
-0.02772815272828549
-0.03275479343455646
-0.04729233988427545
-0.04863398483360876
0.006531090711051016
-0.2331207371782352
-0.2067021184301254
0.01586379001551732
-0.01168147533242927
-0.1891182126689521
-0.1902088242917351
-0.2132944449044041
-0.112073586408344
-0.100875360154108
-0.03208804346800842
-0.01733648039921949
-0.2279280075442669
-0.07186734586635248
-0.1039685016251703
-0.2727389144445027
-0.07008134225769494
-0.1520174774514466
-0.03355480552650451
-0.1901779204598318
-0.2762567244379703
-0.05947255344563138
-0.105768297390244
-0.2133092221838888
-0.2499395158278133
-0.198121125541844
-0.1412324925144171
-0.1513957570839119
-0.1404024316713852
-0.07950696746813035
-0.06101819126171616
-0.1595278238248529
-0.2572737994475406
