0.06562378382739613
0.06125546271546491
-0.05926024275185295
0.203600919450839
0.1322402861667285
0.1632920685395314
0.03899121413284055
0.09251120554955435
0.02406899619354113
0.1125906777118729
0.1096683454614198
0.1798204252062728
0.1353959545471861
0.1528624481318678
0.1894917354013864
0.04866342055296455
0.2072063097487682
0.04588031561066235
0.0772273928086793
0.2038728635137615
0.2093737001789125
0.2148331040062232
-0.05445830576203284
0.07396050153361791
-0.05526890195055435
0.1628607043446071
0.2273719531425376
0.1359662750479422
0.2068447428272598
0.1935397917934697
0.1672980122778685
0.09529042692171166
0.2127571613897122
0.2222585615083806
0.2013851028678197
0.2040918145668955
0.1742330715396231
0.2040500982574729
0.1877598894198675
0.03406534646028097
0.1837774550585236
0.1177022940470358
0.07903464136553215
0.19023520137489
0.1471115944818337
0.1898038439592453
0.08021001767739934
0.1125441269293688
0.1993531208139196
0.1689115925777318
0.1700644648305094
0.1110983255023936
0.0787669697502161
0.05109709450957417
0.0460738076572936
0.1203153340510063
0.0276708079592225
0.05828142231704071
0.01774880046919102
0.170174306188614
0.1746957865600056
0.161424750721327
0.09948228687201949
0.2169250589453676
0.2186607127085868
0.2201497429645773
0.2253144698738012
0.2038350514775767
0.217462537038802
0.1654484069716943
0.1540933425860619
0.1517683772251629
0.1309549535070937
-0.008520691779175974
0.1766198811300664
0.1337940126514796
0.01827115628046739
0.01672450822309559
-0.01043968570558846
0.0575956520743774
0.08059740467464471
0.1119019991231724
0.1346193998435959
0.07261422172103668
0.2138504546581624
0.02782864032136115
0.1090506775716719
0.06558702496427379
0.05585945609783412
0.01393373102350559
-0.04924758093999961
-0.05238844215013472
-0.01740051076795499
0.0754002873506264
-0.03506346682839755
-0.08044528044987934
-0.08055155323880253
-0.04033699570306717
-0.02546912011936491
0.07210582901453171
0.1027530763391878
0.1342760287684347
0.09138310115766041
0.08463589437007799
0.09776018445185744
0.1591829552576128
0.1981663509311902
0.1096374016879055
0.01558557768775275
0.07893649053851881
0.09181118615670045
0.1073580147769357
0.1298929057073717
0.0817005566813214
0.06619222669692892
0.0767358153491023
0.1064228046941742
0.1112071501423907
0.06258571812374478
0.09850967985024839
0.0459277777186673
0.0422861878516554
0.051164041095892
0.006569938275838802
-0.0381600119886444
-0.06080623240688802
-0.02550868774888989
0.05148073831190357
0.07087926324644875
0.08204828925483199
-0.07376396979103274
-0.0549385198372371
-0.03656124142084068
-0.01344310058051321
0.02186274582541723
0.04512860838299872
0.06526855178447352
0.02833097198186873
-0.05376770264162671
-0.0189461370088267
-0.05567508452482052
-0.06110362762896666
-0.01758154382007749
0.1203842805847924
0.08600651459453168
0.06480112231482447
0.04551709928438618
0.02012906238101324
-0.009521127162251508
-0.02038089576090358
0.06698805537050023
0.06386942576767332
0.08251685853633894
0.03938585395559496
0.1141745898587248
0.1111918650059533
0.07863128984832941
0.06554910582568266
0.05726958390921242
0.02658015994142448
0.01349421193677868
0.05388364524867173
0.04252840668063735
0.1031980380637517
0.01057281146534944
0.07724189249311884
0.1120509472633219
0.09844989166064044
0.1324568747959496
0.1233130005502793
0.1885463747760472
0.217801130157456
0.2094041941164006
0.2168454139943925
0.169615956465906
0.1107221947960467
0.02536555297662788
0.02497905972179016
0.06673868033568109
0.04107533626790994
-0.01057329540099882
-0.07478463407480672
-0.0914603287583876
0.06905484024423632
0.06511731823851159
-0.01301000749785262
-0.05960387594840162
0.1541866361625597
-0.07799756463463663
0.006130576724355982
0.02262190247614079
-0.01302088774900132
0.0372058666878507
0.1505632625465648
0.1189047393445586
0.1854149192474402
0.07371523117350645
0.07565140586625045
0.08347381336141892
0.06104684326919858
0.0367207023588838
0.01237725351101867
0.05712797939655295
0.1441769593080686
0.07888672550883505
0.09523909094804806
0.09764376162734907
0.1101791832829717
0.09242548706984688
0.1111382057314097
0.07912227773151542
0.0910941840162855
0.05446935407939072
0.07468638675459027
0.06237562956516001
0.04255653514743827
0.02475164186242134
0.04545614873860195
0.02205872976687036
0.07411092751516907
0.09713228199886421
0.07057902613582669
-9.030933383075558e-05
0.1166962866370554
0.157222937876626
0.03086401883614328
0.03203304944824992
-0.001737890776272075
-0.02335517234581416
0.02487949753185424
0.01479827069838332
-0.01066639696502769
-0.03090520167723467
-0.05590593419525107
0.009406336494932766
0.001769832928186826
-0.01543197319699669
0.02527877462451206
0.03612584940487876
0.0420615080303856
0.06082941049171241
0.1061374509610429
-0.006192922203098037
0.003476168508260727
0.005360907030744613
0.01494768559753688
0.03902567598111953
-0.02365563956731006
-0.01294981586228399
0.003866178557200869
0.007897547848344092
-0.01717828473382002
0.0004793051545263442
0.001361079342417259
0.008042703642600716
-0.007175959061886978
-0.04288789923948533
-0.06652933183188825
-0.07831391626294795
-0.02175858991816843
-0.02223461466830916
-0.02068639599288886
-0.01762721128722432
-0.04158976073091886
-0.04160058707399605
-0.05487302880393424
-0.006170263336519795
0.0217057422910974
0.1449881266207446
0.1034701434691969
0.08652342464317914
0.07546946119347808
0.06641329820407298
0.06179028672411724
0.05006937608166112
0.07141674237304341
0.09529178381977678
0.07256926056052686
0.08678100306239914
0.04065341880044708
0.02286369828141703
0.04658102855279609
-0.004227477457483368
-0.03489017101975431
0.07123761196575659
0.04175677630579188
0.04685824765789715
0.06173976968750212
0.08902471761519143
0.05298701034299129
0.04643681383749242
0.06052160300796107
0.07918187684090999
0.09412431120638987
0.03011502960876113
0.05471835028314513
0.05576877097100504
0.06067584058561817
0.04186429094260722
0.03241002167650164
0.04221933229897788
0.03087150925544723
0.0720015786418219
0.04762319023163512
0.07806847164793056
0.07455411589544304
0.09114565601052438
0.05365208204306215
0.08134083552497148
0.03429438881928396
0.01940488201877924
0.0536033183498168
0.0885967990186687
0.1118360653570879
0.1150696490944706
0.108240677497176
-0.06546349551376601
0.1005092549676974
0.100092974037305
0.1152846810002869
0.102603477550014
0.07379388370598211
0.1118410333552228
0.05945882598490153
0.07314489244135758
0.0665017277965058
0.08634691538489005
0.09506548486993595
0.09180859147292893
0.08159082655349757
0.05281423989819935
0.07290356967650753
0.03933442626427278
0.02676314152265215
0.05345422066805838
0.05329533180445083
0.07039593748419197
0.08838869180816163
0.08832796183437089
0.07171225696178721
0.05382468194969255
0.05639639692934014
0.05305534771447822
0.04499124940110762
0.05211857861308519
0.04088231543751475
-0.01202571476495603
0.06496452563122082
0.09530097256181737
0.08310432236258977
0.08408549211857078
0.09772827664800136
0.0650732241910673
0.05095709291794864
0.06617471010917846
0.02812596048115343
0.0988219101086633
0.03908704244744807
0.03702283985822843
0.04887163176459802
0.03685360918217362
0.04917154629067166
0.05809297133613631
0.008063973171850477
0.05349467599917224
0.05535081250792947
0.03937941988119897
0.02683549584042194
0.05550003768956334
0.04699957552206949
0.07925944119388205
0.07841539121889717
0.06274007347051756
0.06074158089512857
0.04173920594530019
0.003919394969498171
-0.01039943867094657
0.01751868004680464
0.01893549365315697
-0.03654985931379992
0.02806388572287538
0.08013004723727553
0.058721874938226
0.06984886482908295
0.0422551302231469
0.1154193915345103
0.1065458221233236
0.07442289287758132
0.01117345394912559
0.04127789129691614
0.03262538881686852
-0.01115741749982193
0.08828547195217523
0.07618981168646094
0.05138884124801357
0.0545896976932425
0.08778440242828928
0.09822476677393971
0.09161905848422416
0.07604818826220389
0.02528748045936017
0.03763576498222397
0.1143018762252482
0.1013679075965643
0.06981439022517875
0.01449831849211774
0.07062995198740134
0.04176589680637813
-0.03490622274047556
0.05789404091538213
0.08073479709248678
0.06450333436891473
0.05239878809310541
0.01011403641668003
-0.01589549602050142
0.004211757211329157
0.02373455741699393
-0.01829132017100778
0.04104135664797191
0.01564289406171711
-0.002185364848348986
-0.01701821008474144
0.07837524022406382
0.08677952119112198
0.08736694957006624
0.08089338376559121
0.1019135548103264
0.07392012404448675
0.03368572032079755
0.04750007116674604
0.04969723273798717
0.04506227583735757
0.1058250435621206
0.1132971344488159
0.03393796290748131
0.1023926779089661
0.04917047139341303
0.01025973771612203
0.008264968898865625
0.02265877055662139
0.02480820256481929
0.04953887867363471
0.05817602026705172
0.09496469490077901
0.04708302711776899
0.0379832769719583
-0.01806596749067469
-0.02117746315483371
0.06589432577717179
0.05334357473387314
0.01369723385572196
-0.02283232717956986
-0.01427471692818201
-0.04188694921565841
0.02740751436837218
-0.00926650017686197
-0.04944886381952569
-0.05131282621264542
-0.07315918823223955
-0.07799623223625901
-0.08218917957731625
-0.08841195130809916
-0.03580052625525537
-0.08514337455183149
-0.07888142779615735
-0.0497191863685577
-0.03112028213669015
-0.03087688713609187
-0.02752849919145495
-0.01712699908963255
-0.03780555783891278
0.007114708235090523
0.0123705308071625
0.02990794426818773
0.03087577104275953
0.04383261718956263
0.0454970958722357
0.01059566980776593
0.02795784565075307
-0.04043543029467103
-0.01767268187286519
-0.03118576296998787
-0.06147418055054523
-0.03859467137526974
0.007496614683994495
0.04293692591463721
0.0274991167306882
0.08842197545781499
0.0779109107958407
-0.05382090385782949
-0.06153946885250604
-0.04578513740625344
-0.04172156908925974
-0.007993424829660761
-0.02891039056678295
-0.01520128841930959
0.01146073883788076
-0.01180449779470148
0.01137148466053528
0.05982881497295574
0.0559370658525455
0.06568585361536186
0.1054444913086482
0.1168926837100426
-0.02268194905369242
0.04253573994873669
0.08864959889747669
0.08390585326885457
0.07044817952190437
0.08916945105572485
0.07812743850062573
0.06420071671386407
0.06692107932475264
0.0541447692351061
0.1212601624028416
0.08460271712680717
0.07145431593329224
0.06366294799009731
0.06008035271999806
0.07867582508628231
0.06130889431282698
0.06558625809126553
0.1367334193174189
0.1138165715796117
0.0996329456785075
0.08303525506705867
0.04808762167812435
0.03633578491877441
0.1070689289676256
0.1649530047283369
0.1760503198075005
0.139273756339969
0.1787041233244904
0.155493377478075
0.2026348008732361
0.2074510273177073
0.1924539562758069
0.1717098691363902
0.1390580768040611
0.04298704180486312
0.03597495706836081
0.01112561247195918
0.1140163152487687
0.02249553875319654
-0.03112553169986662
0.09101002176630296
0.07207075764071766
-0.02836975277074057
0.01660018927794261
0.01663682086905616
-0.02982266740509303
-0.02864413294206559
-0.00407426538624634
0.01847660570554742
0.0333445006010784
0.07913565790247955
0.08740983245745362
0.08717093099788524
0.07094391220692822
0.08327342019711523
-0.00202995613421282
0.02419701518333995
0.06552348046934338
0.06373045442055134
0.07080424883152649
0.08485271068602201
0.1016009880676787
0.1231170196522661
0.1048757230583168
0.101625046676291
0.09151633808188195
0.07973969279745843
0.07054033542633774
0.07018795617273468
0.0664742911171016
0.09569499735464906
0.1186211789177483
0.1132211980679591
0.0254781394172619
0.05708923506847871
0.08899036715609783
0.06149650651616122
-0.06663280432570558
-0.08035649739326764
0.1509749891194732
0.1409460264444834
0.1310565353833951
0.1355946633355284
0.1065234081857605
0.1733386856062176
0.1954018580670194
0.1437516034362596
-0.06234419844310288
0.07360952916552733
0.09591909053532685
0.1557389521181324
0.04132376728205458
-0.02184960957100051
-0.01025062686413597
-0.04969890819685901
-0.06200671333614084
-0.07276915358017455
-0.0698548038912085
-0.06851197390414832
-0.05102391179306954
-0.05199960873983309
-0.01882423427728717
-0.01152247203514398
0.0399992213574474
0.0439525084208162
0.04654905955064722
0.01908732528220466
0.01543931331900864
0.10535269098846
0.1151474741744245
0.0612665550308233
0.07604810464708818
0.07480538584122409
-0.08691049312557421
0.06237891891802915
-0.05671804344238993
-0.06893278494937895
0.04781298622183586
0.06561345912696408
0.03397355237072843
0.02292001175141657
0.04049330040494185
0.03236712458148783
0.03830517159856644
0.08850847550270941
0.08026301619561706
0.1684742796754313
0.1492902753947161
0.05799739679737859
0.07740317557636575
0.106305664759591
-0.02601883886141844
-0.0105468157366157
0.1787683210898723
0.1833702850918902
0.07171063482536999
0.03154963572105927
0.0895939203833339
0.09367688754528258
0.0612505393855599
0.04719880851161266
-0.05878458188510454
-0.04338063747812935
-0.04062966795076504
-0.001689477537393202
0.07835139722019305
0.04009825669145316
0.1116480199383557
0.02665958054151165
-0.03437143654186913
0.04595662718851262
0.05487070498880248
0.04962902215625741
0.05492856727596167
0.06741480154631029
0.1300349503936384
0.09397917781513696
0.104670396200008
0.1033298867402752
0.03314741382039638
0.03783418029383622
0.05467566999063299
0.03708240183294383
0.03401544805627784
0.04785247672802251
0.2111658491267561
0.1001143356149652
0.08867927355069744
0.08993526104654886
0.02291214883621299
-0.06438314842762928
0.06127752441904642
0.1608212482691396
0.02448951590942229
0.05689029156200788
0.1303294398036866
0.02889966670292003
-0.05334851337136706
0.08503997685260271
0.139540020506351
0.09223853142606707
0.1055825588902901
0.0700206478995806
0.08522031723048386
0.01240459672164413
0.05739172600379498
0.0713006085271542
0.08552816090401917
0.1218576284956805
0.03349458674032643
-0.08227712576899529
