0.1088476684311074
0.1044619102444973
-0.054796036513825
0.322574082736698
0.2990994662117857
0.3245826864953987
0.09231353212930477
0.129843152733612
0.002951664762110255
0.2817330175176877
0.3202752668611913
0.2993508190035836
0.182241841566571
0.1499223380261801
0.3124294523466218
0.2453371065390621
0.3115445926186272
0.2465204559948704
0.2817980543467892
0.3098056708855543
0.25765884527507
0.3156400847223306
0.09965619581041633
0.1098337723789869
0.1976722984515698
0.3141315530366314
0.3042377728084495
0.2562610727131395
0.3150313368391344
0.3066878842431894
0.3078149100405272
0.2603785017540795
0.3131769784860848
0.3043520004913972
0.3069547513283012
0.3160667962287589
0.2872318311602139
0.2819200089263845
0.3075693877918504
0.192209941968866
0.262047699525974
0.2491428884306618
0.1992173854171131
0.2982985487177824
0.2968231382960772
0.2978313216686242
0.2597646914432932
0.2878896562597067
0.304185373872722
0.2757417557346753
0.297822041912008
0.2552464625284412
0.2628828792801274
0.1809806549659363
0.2156498784147028
0.2508219216040313
0.06954530487170404
0.1744005676544055
0.1887168881793198
0.3277786348555145
0.2394567036446881
0.1926915704873318
0.2061100475589281
0.309943294487842
0.3013110712632566
0.2833799709027234
0.2908068953754074
0.2589143770163891
0.3104626259528027
0.2548486575612296
0.276305540565594
0.2765144650551998
0.2241817640639779
0.1098076046097146
0.3034257616228375
0.2806038431557166
0.2820398181272175
0.2704948935256544
0.2056668204684066
0.1234990162688954
0.1704131457264874
0.09706765022470884
0.2126871882525334
0.03412129410407896
0.3081333797367268
0.2557401920396395
0.3063090131844846
0.2418298536168899
0.1898386010408594
0.09009459065821243
0.006554515466610148
0.03623178213715975
0.06913652676475807
0.2155268867783159
0.1885132605824456
0.1152287267558596
0.02180158755512118
-0.0007018022773075804
0.1211691875439442
0.2717623448917911
0.2630367709324589
0.2337582948877544
0.2507035398514493
0.2338336365896581
0.184159194073075
0.2283449722403584
0.3584712287672752
0.3235845726241893
0.142885355228029
0.1948647159733506
0.09205932739148205
0.18149729876978
0.2913293364349501
0.2767654430345731
0.1809649199867583
0.1768529600233369
0.1821156350764979
0.1226942420682171
0.07805757110688651
0.1655602914551182
0.1299933948008129
0.2199269881898339
0.1734250467812787
0.2332917428878126
0.2130980156408398
0.1506180678053929
0.1204369239840896
0.1266584559679475
0.1068903002992779
0.1351438513512862
0.09341376918201827
0.06766240721761907
0.009353478522457765
-0.03073787602659093
0.01687141944258317
-0.005042811650927368
0.1541655583495245
0.2037179290979897
-0.009154538959930823
-0.04387544134266681
-0.05593350780857913
0.02786398166080218
0.03846714297432378
0.1538864232790945
0.2852586906731465
0.3139375469009416
0.1275782017862815
0.09696466856075245
0.08328828076229357
0.04020320716040898
0.05594487456409961
0.09068259469501833
0.09799817424867965
0.1008611333569391
0.1917679263250759
0.09671603795703682
0.03885931620835398
0.1844331740340273
0.1954322580416142
0.1185597674567304
0.1153149360478651
0.08357956663941411
0.1578798553156637
0.2578840119415735
0.1483122080609774
0.05526465598571148
0.1256447731770967
0.175312444834906
0.2549799255704858
0.2831159778771083
0.2986811952960318
0.3298358755466737
0.3314677336421086
0.35516025897169
0.3590635592179584
0.3121232058062925
0.1927745126978709
0.112430993603963
0.2676755556164717
0.2039179098698176
0.1354317983071609
0.03459373438545114
-0.04070935917782169
0.2783725292190513
0.2334161287679141
0.1204432751652549
-0.02706450904201875
0.3215607283653538
0.06055483987085435
0.03469338532165435
0.1512690617806429
0.008136694994749873
0.3054326148963002
0.1769104657829049
0.143420371577679
0.2415860963266521
0.07572913840479495
0.02712538780677516
0.03291809814361885
0.04588921392337846
0.0543810296461006
0.1146954845757538
0.2258409219840289
0.3193927734125263
0.2321505330405662
0.09913207931654708
0.1421013735437976
0.1494297185386926
0.1528883765244823
0.1614358794722943
0.2133337782538924
0.3265761377116506
0.2121108638064564
0.2788149310738954
0.1687818418019029
0.293145194718373
0.2894214610181496
0.3433502121766029
0.3244617709109185
0.1308034610388081
0.1258835632123939
0.08756113849542753
-0.007153798253530404
0.1312925147747188
0.2936857236928221
0.09860283639364541
0.1317021386402712
0.1389825156485678
0.08992369633067292
0.04737438885934924
0.03013943017358943
0.0528769065698348
0.07080642044098105
0.04678758278312733
0.06547518197677953
0.07291116376371325
0.08808282119011673
0.06496750022842009
0.1103490837541801
0.1578408731707098
0.05187190909510573
0.0736078626416172
0.1191406224661186
0.1247630276475774
0.1303018387667734
0.04823430510767991
0.05990516326924843
-0.01684330382872803
-0.03372299456871602
0.105960479631473
0.02734872150258203
0.01956154751067796
0.01500765230311168
0.03521342263561374
0.0608783982529264
0.05995948239234905
0.02583104033560113
0.01646233488859207
-0.01482670995667891
-9.389343741831701e-05
-0.008637869594588583
-0.002027785547174125
0.01617130778639917
0.0258525544566376
0.06041558396523226
-0.009621438211208836
0.01463592362932377
0.01112716567371713
0.1833218011320238
0.1425766954825516
0.1321994485447794
0.1686719324530823
0.1204102249126343
0.1641545966872186
0.2269737770529687
0.3025091266724864
0.297656762881449
0.2514690177824669
0.2901129294975706
0.06771527684369626
0.04258418868528504
0.116192647013543
0.0009314455989379837
-0.05501028194830228
0.2116013427073023
0.0353464447282322
0.1619790187521069
0.06084571192897202
0.1057404228988339
0.2586342022456407
0.2707421926758881
0.259838069783594
0.2410531021401609
0.2277761771525744
0.2585322970571001
0.1874693159693296
0.285336674892441
0.3175051194089994
0.3100431359422321
0.3132162837760366
0.3350731257124722
0.198242777344279
0.3372135092693823
0.2999393396614719
0.3410354878028244
0.2669577946086068
0.2587598029804098
0.2570884109932823
0.2920532662185604
0.0881415246562732
0.05342601311292941
0.08349883985240215
0.1708552070352199
0.1596273055276611
0.1491659906454792
0.144869130232433
-0.07365458391828977
0.1757486238381433
0.1856994742973161
0.1385272156973057
0.1266295469077471
0.10874374511013
0.157260480196789
0.2010974479369028
0.1813729191658238
0.2541094715555575
0.2774727243938988
0.306077508628552
0.2422832038918944
0.1885525779167148
0.2755147948049154
0.2898876506876452
0.2919860476140209
0.3398346957783726
0.3144593512699771
0.3092486736307886
0.3257833907576748
0.3258381606859864
0.3254502126223864
0.3309189677294815
0.3297483586053956
0.337404362092256
0.3283151690924108
0.3324345084505143
0.322418360056811
0.2549190379286095
0.1235939607886606
0.3371324155602335
0.3243235392144494
0.3392586538167598
0.2292439473228881
0.2644693254435663
0.3078664407854098
0.2483534448767258
0.1927982256579471
0.1316416099426106
0.2536732645530776
0.2828014715949113
0.2951049441516981
0.2774585641756045
0.2202581514900662
0.1686144389691285
0.1503391333692139
0.2442317615292368
0.2404440252507193
0.1938407348844127
0.1668197146060789
0.2019909105027472
0.133609577929493
0.1018114435603224
0.1101264876956248
0.06737034105215695
0.03724180664214884
0.02215022306750215
-0.003364407776350792
-0.02292146043902296
-0.006552596404801014
-0.02609007995305749
-0.02170475908619513
-0.02477909340954296
-0.001324325597568827
0.1247958886237811
0.03217716644854388
0.07882321075946885
0.03982492668307541
0.1161288306627178
0.1048713691424011
0.106735471850893
0.01610262337678708
0.2525465699297181
0.2554213658107184
-0.03041570713284321
0.2819140869091245
0.3266650625963577
0.3539201947872979
0.3527467117210417
0.2890774599987252
0.3036643395367336
0.3401332641431832
0.2024018968290918
0.1095551801687729
0.1499518613469124
0.3096520885942253
0.2652740488379093
0.2081792627273625
0.1625526461861225
0.2065300040494076
0.1470306564714953
0.06724811744864057
0.2167421815871344
0.2731963141399372
0.1693105046402989
0.1462042070231194
0.09506355140441407
0.08999247383783021
0.1489563705397688
0.1998921024646598
0.06825974801303149
0.2154403497639734
0.1773358770505224
0.08336757711124319
0.08183933199420698
0.1268515487941024
0.1874250139421109
0.2695061262636156
0.3178428627398954
0.3242643490578262
0.3120398084940027
0.2947636355607835
0.3287018125758489
0.2528915139647432
0.2135761225910558
0.3436503115664046
0.3342632552631343
0.09504041532931932
0.1066133990302056
0.1465657956107402
0.2831045940454476
0.3043066158720459
0.2801987059660798
0.2328411476794656
0.2068711202929193
0.1553153562392399
0.1536209346739969
0.1799838225561038
0.1560427005934025
0.1046683174530008
0.1064219715857824
0.31223610649538
0.2499391685124912
0.1826983411068474
0.1104259566876274
0.06733696033200988
0.004303416689267403
0.1985907607964274
0.1477622908326211
0.08702730539649106
0.07851749411439872
0.02586595834450699
-0.01388350144570247
-0.05632381032912092
-0.00913203189772817
0.0917181719492034
-0.0666488639721283
-0.04914329633452064
-0.03555645309278445
-0.03498514183417988
-0.04727216108636045
-0.02676876448178086
-0.03152787213853604
-0.01960687248012653
-0.02624690489065183
0.1386814988963345
0.1670107869807022
0.2166861464446357
0.1395044008263477
0.09806526236334666
0.05821543089381387
0.04229676997082697
-0.02525918426732389
-0.02500691911474833
-0.04397551114732778
0.1004191646991604
0.1498139695236716
0.163929963260143
0.1204042246225761
0.1890727362920432
0.1364335019451262
0.1274112419397462
0.1929112477262934
0.1623467708586111
0.1466735380419442
0.2081336159245022
0.2394091259454921
0.2303982036226537
0.2559963274372052
0.2298755047945448
0.1850330319287034
0.260587477635367
0.2885042966869222
0.2955269961551155
0.3127279916372193
0.3206351423123358
0.2939655059834559
0.2356051469877783
0.2472404028508835
0.1147446511054537
0.1513321707958919
0.1697104134778345
0.1597105752468379
0.1674260503310498
0.1877093442039302
0.2015828603798101
0.2214371812439467
0.1190026998774956
0.08367917988735089
0.09368042770372574
0.0875342520835956
0.09225002337121413
0.1068818230957242
0.07323910947678955
0.09928865828839711
0.2686595618867715
0.1525728937536358
0.170120870745731
0.2002332335039585
0.334184904981332
0.3254341038309752
0.2395480080050953
0.2784657903823066
0.2968220632784043
0.2550044522146297
0.2885889781998486
0.2600474230281557
0.332400484405413
0.3261766258157152
0.3514245966620594
0.3318314307800718
0.2340369418214318
0.1806976063733781
0.1236130930878043
0.1255394840778238
0.3167179598182181
0.1246552189244475
-0.006992053991430154
0.264177476796782
0.2995385807275797
0.1082592004719882
0.1342490589656098
0.1375726229375847
0.131397870077366
0.1016217425662728
0.1466526926856184
0.1685261237447045
0.1929783915740636
0.2326415170864899
0.2501387569516292
0.05657591397107443
0.06900128840622644
0.08581510892638237
-0.0315667889696945
0.1105610147072398
0.1293554420493134
0.1388402203787624
0.1989906739695364
0.2437989727578427
0.2422100253385366
0.2560220323820178
0.2928601940103818
0.3117353034041535
0.1769910830647951
0.1119284471612881
0.123225921497833
0.06171299970835357
0.2308592305705723
0.1223069840601707
0.1531987735833619
0.1331694443968567
0.1554137366469933
0.174342900110943
0.2114362914980583
0.1522884427708707
0.1152114326608787
0.08996483026609781
0.2231176189727951
0.2066662533758694
0.1859496888886334
0.2290421529557641
0.2344347012048112
0.3162919359061421
0.3121816505319637
0.311060611840306
-0.02851954873469594
0.09598991565578566
0.1269231192038734
0.292995604232904
0.0991869413072051
0.08453701221755154
0.1134642976985188
-0.004111833956546677
0.00574282652380624
0.0305932814275057
0.001384262983305688
0.003600574947533788
0.02265946502498736
-0.006168867691318296
0.02891100783597795
0.04601556453077476
0.08853991081024706
0.0734503950062262
0.1975967295081005
0.1802666091765243
0.2113745883242026
0.1479552215572196
0.2276775943427348
0.09028242051260443
0.2995554615413028
0.2410558204379779
-0.03566840913862906
0.2709730187867083
-0.06673303157680537
-0.07082874226455531
0.3069426587560277
0.2972582986317339
0.3259162497066868
0.3194736810743592
0.3387161420986532
0.3473667442844736
0.2986788196704181
0.2093809462667055
0.1552114278563625
0.3229300616423829
0.2920827528619466
0.1012384664186941
0.2221992306675898
0.271754780198564
-0.03677248469200158
-0.0265392946034739
0.230013958076849
0.2077619468947877
0.1141299355714593
0.2082525841586592
0.212299796869101
0.2154240474959452
0.02074637387085436
0.006484254651990418
-0.06506166412227204
-0.06173997565245499
-0.0609564218701274
-0.01197856479599949
0.195337087670318
0.1755011897493201
0.2915727274299408
0.2488744750564781
-0.02240473424912744
0.1483339780961408
0.1086510412769087
0.1266608817616251
0.08938879549781412
0.1241509114464211
0.2164540888974188
0.06154285338227249
0.1500348252707804
0.1370310306530574
0.2200950145982586
0.2013151954518624
0.05530926400038848
0.01839076512249922
0.1711842535470947
0.2025890849036139
0.3164970555175968
0.2377751506099071
0.3042853918698075
0.1185135042600422
0.03012616946869486
0.06578673716619002
0.1432994651464587
0.2957822221636942
0.2943296718372669
0.06504910340818863
0.2799269596583695
0.08544833883504874
0.01703969912171306
0.3348308503540486
0.2363551230283432
0.1382987302633906
0.2946721348798966
0.3386865546506375
0.2420160656304642
0.2861917598324336
0.1703198414004254
0.2033337064754578
0.2341980168366692
0.1845434433347153
0.1428276532333839
0.1043913122875367
