0.01613149284495985
0.160707034799284
0.214653451207351
0.1959292916701363
0.3237185179707618
0.2144485236998538
0.06014742834190853
0.06381589277506586
0.4479174806118504
0.0807580220282281
0.2522009233040299
0.1801643825218212
0.1405365410567261
0.04932332798997886
0.3263696102714332
0.08821326995004454
0.1967963028257993
0.07347931179299561
0.1858912216005016
0.192484732568964
0.1649000711912988
0.2010549700662107
0.5477033138885908
0.2682256107684733
0.3270344812925323
0.1498882846648781
0.2033746603033816
0.1179709678123261
0.2317012981613931
0.1876262842349762
0.1658051249737998
0.1228491525088892
0.1988281501933688
0.2006238989019626
0.1993426941490871
0.190931890860341
0.150600704246059
0.1865856934897604
0.1788387107362238
0.08943544456348795
0.2699538272182416
0.1591379735847853
0.3249549583433305
0.1855486475488371
0.1764882581362506
0.172353758629539
0.5147769182900391
0.1209984191179026
0.1930834813795532
0.1712771031270945
0.1676684812233102
0.144053410844232
0.1812751736335735
0.08517331720350907
0.61641681203985
0.2243691089816617
0.3868568424062336
0.3811283413845825
0.4444168310562228
0.2488772647843681
0.1544258528499477
0.1103187753805192
0.1152245304998468
0.201611196367143
0.199944054375173
0.1891180842074699
0.191817726275863
0.1517047417534281
0.2094605474589613
0.1596482526488877
0.1381228779362236
0.09799904940388232
0.06998730907436876
0.2663855818444381
0.175280185940675
0.1469627629553558
0.2750475963802023
0.2942058259632291
0.4223988091396806
0.1443385763010976
0.1354930278311988
0.1230114263436041
0.06651444532614532
-0.005987575302315883
0.1991845758977397
0.3224460298580927
0.3034188295918985
0.3746704993126954
0.4743854321480406
0.4924734046095249
0.2450096337564973
0.4210729544729787
0.4926716198302672
0.403721587342625
0.3969127352098919
0.4203210545219302
0.4751203249429409
0.4475741051609016
0.4022840341228345
0.07857949046125089
0.07793795406517562
0.1260125942365996
0.1031737675206168
0.1346611089189941
0.09462934013587132
0.3179314527467518
0.4949209661150368
0.5627436619149166
0.1488668531906425
0.1525055981591923
0.09516623627629177
0.2227327162474392
0.389650267761578
0.4972751699953302
0.382947430536953
0.4756520604778215
0.2675188039752988
0.2681913117411177
0.4984771215046894
0.3979517129335706
0.264697820008318
0.2357625318275244
0.2578773719581948
0.3352675038134434
0.3890212389706466
0.4554222822718369
0.4354798084183955
0.3877316533615914
0.4221587917359437
0.2870617523559251
0.5119874227510719
0.5275872221601283
0.5330784437655418
0.4473871665841819
0.1914352098509137
0.337322066916246
0.2734727740224658
0.3260009118906072
0.4994532501627105
0.1960230745361277
0.2749266381569616
0.5016120694639886
0.4452313363436367
0.07277568800851957
0.1853232994312081
0.2604092181493986
0.4512980304338147
0.3281116227350006
0.3160709600641789
0.2754561122154823
0.3545856736880033
0.4038304927943228
0.2298470199687924
0.2408491974423684
0.09988386816237618
0.00153271569278844
0.01529227992968306
0.1379713398401555
0.2682864969010562
0.0641096522842745
0.1622569251548062
0.06592209220737398
0.2951654671699641
0.3480865356548092
0.3607555491109058
0.08223923146551854
0.1920529422369494
0.284512886524344
0.4067229039122132
0.4832119369752345
0.409681150549788
0.3886405548183617
0.3157629469073045
0.4190137460523439
0.5234454340993887
0.5647444171629677
0.5560796571675569
0.5374470450409796
0.5818503734623119
0.4464345794536406
0.4389715261157049
0.3428453918753686
0.2753592987323234
0.5837228477169116
0.5132941378927899
0.369517678043821
0.2224740144650022
0.4521033171039864
0.4907863477944403
0.3626909050838945
0.2810925119192417
0.3023802809252948
0.3062732661096617
0.2255866101620728
0.1614784062677909
0.2953003599506359
0.08166287161492122
0.03229060453714005
-0.003144142260324494
0.03368822952388617
0.02023719867250265
0.04823449082136817
0.1058625229860197
0.5194856787986274
0.1210371338737897
0.2286165445713219
0.3770671187223926
0.429198988715195
0.5135706697783174
0.3341976283814155
0.3654997913198451
0.5300628024717891
0.309914447392111
0.4072524680061254
0.5881074080096147
0.3995121628274272
0.3264372822863191
0.5308777590464693
0.4717723922058429
0.538857058844443
0.4915597863950421
0.3751418809319687
0.2708366018915935
0.2100833058911424
0.2550821418552008
0.4807656608243206
0.4907576724606647
0.5154391088019016
0.5395719970003745
0.378804490614448
0.2870996419132035
0.2869637427477948
0.2974068498475873
0.2801449304396626
0.3333271741812379
0.2977626572949686
0.2802115114210899
0.3351770074208416
0.3962866556658202
0.3789089703353372
0.003838122002633252
-0.0003176250340186381
0.3011322780282544
0.257030457586983
0.2341108260596412
0.5081287144489229
0.4230415997927554
0.2905484562218463
0.3103829048392194
0.3037234677142018
0.2989013633384174
0.2797281580373184
0.2952034524050854
0.3985679309287902
0.4550434569716348
0.4762022061338339
0.2601785161780871
0.2436855805422471
0.2297859731306621
0.2272817800824026
0.2132820435206454
0.3092191888027578
0.3841283250155657
0.4849573576201799
0.5406848834975422
0.2321182640261669
0.429544193642837
0.3833922138133653
0.06491191126795746
0.4296365505747737
0.3851511553714867
0.3508823990960356
0.3280939888287835
0.2914352933099059
0.2036460362447468
0.1826749098232126
0.355800830399335
0.1971581038338502
0.1930821003802351
0.2827921258688858
0.2478491938020503
0.1591875348862464
0.20426465733028
0.2483916193358275
0.3632875278543732
0.3556397772083277
0.2086133201632033
0.425744928400111
0.4461731396319536
0.3562831110711141
0.2881565106539154
0.3865822554888865
0.3658650316846531
0.3058073021986257
0.3467332279178544
0.2548927709679453
0.4220730985622266
0.4989036626139201
0.4604578609513514
0.402835489393917
0.4234312067095678
0.4503154332134123
0.2764874948920666
0.5220951626163659
0.5829880065409817
0.4128200107762313
0.4922472429992297
0.4727020546012424
0.3913825476069484
0.2060190031631047
0.1750582158331783
0.1625677386134581
0.1368593831618827
0.4027238067103482
0.3613236175604624
0.3834678405598593
0.2291340096966384
0.3710304158961336
0.333362850977439
0.2776321524319906
0.281547867749414
0.3604899942514704
0.2736807341643734
0.1651729122035143
0.1496178949409279
0.1637450844033236
0.1354969832275144
0.1518771466115742
0.140339692076233
0.1948140611698909
0.2114692715038727
0.2027956802530914
0.3045320972329187
0.44448490084989
0.4344792796061671
0.2423475700806369
0.223683102443378
0.2051061038058837
0.2847680751091302
0.392131893244273
0.2923354695101162
0.3588470694213204
0.4445405157835833
0.5059217109671564
0.5694528011536176
0.5189339863240902
0.2609936438247139
0.5736642189578774
0.5382563742342458
0.5291739257675445
0.3741505831142837
0.3556540078739782
0.4672779708544327
0.4687894334842485
0.4099946037749603
0.3173389427656409
0.4172019039461221
0.2666929530509971
0.3407609926190929
0.2573992973656761
0.2924879612299381
0.3333428916383213
0.3416701524912459
0.3388234385737497
0.2519246765604538
0.2586695519145452
0.2916232552411375
0.3190661669425016
0.3134343968473117
0.3456751541323645
0.3155524477283258
0.3022161848215515
0.2323173900733924
0.3328989256632925
0.4229833901091842
0.4479373481322026
0.484260778145645
0.3877609804361548
0.2702370073368552
0.4636635361315805
0.19685042174575
0.2324942221040133
0.4298476543898428
0.405208873953498
0.4267118045579585
0.2125890593233681
0.2154448674320575
0.3068656326020149
0.4321995206089355
0.5083109371976466
0.2909572257866526
0.1926937028523606
0.4553541213754358
0.545172463550887
0.5370185697629708
0.5580872199858098
0.5313610209398864
0.5170478835364636
0.5636788314116271
0.405613799051891
0.1697435632871304
0.1219535406777805
0.4754306712777643
0.3960084068164232
0.2759250597817202
0.2225510154252786
0.2169733372254578
0.1785195076053812
0.05866247926723984
0.2803090631631354
0.4305453719299303
0.2749166857621831
0.2852479644139366
0.2069171113038158
0.2360722080471642
0.367136240095552
0.4121128635782085
0.1067711465123551
0.3525289778859966
0.3190769073638282
0.06405824490228454
0.003270586636826239
0.3679958903101295
0.3743853714139133
0.3594038840284524
0.4639495069874768
0.4739562273322817
0.4514898107084315
0.415299570489274
0.4961817481791965
0.322754075317882
0.2678039004381758
0.5324023428269203
0.5150548020756708
0.4212371970380164
0.2427438042077936
0.1774175710824022
0.3956482157359144
0.4079129780218665
0.3775174961561153
0.33078532569202
0.3128336276498416
0.2731762632847087
0.2275395962192852
0.3227608248807244
0.3272640860545907
0.08752444017381159
0.1626504945686206
0.5683524087990357
0.5803824097739868
0.5308624432911603
0.5426179683924588
0.4800121791757689
0.388687295601286
0.4961715918795707
0.4387419425468992
0.3904139687199675
0.4135418648340681
0.3825730876195541
0.3437411964686141
0.2553367738225351
0.2943394155373279
0.4569963124469781
0.2304721247438222
0.2321204204192854
0.2416414225507262
0.2622833751284347
0.220782164978143
0.3663786324657701
0.3956173693967771
0.4662304841273503
0.3238537637999993
0.5371356114863284
0.6133779884756023
0.6391357353599986
0.6025037245959931
0.5400347857834028
0.521565670182595
0.4970420601846453
0.3354543421626669
0.3596262348820735
0.2729210938244165
0.471792762340452
0.4504313233717356
0.3900038322951784
0.3013438115733553
0.3397106090272455
0.1749878500523642
0.1646485198402197
0.4379613569152837
0.404932005838377
0.4877975031511098
0.3682290867879228
0.355470938863718
0.2952058334273079
0.3111400088073637
0.4092766746706792
0.461287611001105
0.2853632388830564
0.2761794138803284
0.2468823164603549
0.2469038552126717
0.2294171051520082
0.184640498790482
0.3283077025983355
0.375630750660927
0.2813366021662865
0.3935417356771539
0.4059360601032916
0.4498917176531002
0.5393242088067622
0.5657273026746462
0.4942976589975129
0.5856096301940036
0.04495168455376018
0.2052149439449874
0.2256526658428092
0.2144312876834124
0.207441986223978
0.2647759729347624
0.1448494535947016
0.3518892881819113
0.07920951331065927
0.2233938323387795
0.2181914844627216
0.2440260224302679
0.5199931106196185
0.4733036522906789
0.1634110934536862
0.2312218719717805
0.2325931398819455
0.1613431121384174
0.2274786769891734
0.2560442706993546
0.3010819637088679
0.3498620249238331
0.4388196097212941
0.4040786372888128
0.2025750405903618
0.1026988401799667
0.08435750424912453
0.06145046344982887
0.4789000678630631
0.2186486736816473
0.3769228443414058
0.1429720322833575
0.3304829000419087
0.5131558472624942
0.4710835660662882
0.3943807481677551
0.5492648299891996
0.359342723449058
0.4123302860585966
0.4091585661055276
0.4380234242676684
0.43499472050796
0.4643811137754887
-0.009009096854762989
0.01223072536004393
-0.02354879205590154
0.2474043750057517
0.4500846934623754
0.2972939103625288
0.2911738815855592
0.3722313361903349
0.4075458786837373
0.3517914027376733
0.3101846164087866
0.4539736231460774
0.528802484990652
0.2629959273653875
0.1752210149080581
0.2259980514658009
0.1034557229917945
0.4639348398523878
0.1497139984964305
0.1651543273783558
0.1153319426171548
0.3827670655973755
0.3970628828371473
0.4284662799159242
0.3463766327849779
0.500565890567352
0.4731786241898405
0.1513761135876243
0.1034075715363553
0.064053424314912
0.09967459959501819
0.08515550446178938
0.2675559424390828
0.2260410419272126
0.2833353575174298
0.2969036558669754
0.0962038896200616
0.0823532887151405
0.335908923018482
0.0421437442244945
0.3074905659083915
0.3363667274074303
0.4904062653210654
0.49036493314295
0.512992733006771
0.482186932411802
0.4774591370770688
0.4814962447642899
0.5127339805277087
0.5181053630148886
0.4643836502133502
0.4901743420840688
0.4629108789491207
0.2487748089706935
0.07105563545432703
0.06808279922028149
0.4683496705463078
0.1080472355088399
0.3977050228774214
0.4089625511426564
0.3002219268607985
0.2269377287085447
0.2361987399760145
0.2420961413922235
0.264612871510262
0.3571167975082923
0.2720346722350406
0.3841882574626478
0.3786632782424981
0.4574458713683682
0.5090922669167426
0.297767718305089
0.1386965142115045
0.3282900971851211
0.4891489487796316
0.4612616886939436
0.2338652090015302
0.4046450665559497
0.3750620453075713
0.236272098674526
0.2303850754521133
0.1219243146143708
0.09342081427089363
0.3210488575169499
0.2868367888357872
0.3455540897569481
0.3191847879896306
0.2909401877610107
0.2472094736705194
0.2201684733955652
0.2143022247241098
0.2148042842989712
0.3003228321791652
0.3475564628938838
0.3596571212806648
0.1769652154839319
0.3517576967675503
0.49170383273535
0.2618506780634997
0.1931637435156644
0.1808299721692427
0.1932401211549297
0.3720535296837679
0.05151179664670191
0.06982787024397372
0.02152473435975426
0.2395068597483304
0.3312119671600613
0.2605122752847376
0.1718238558425285
0.1928197610186284
0.4756821577409933
0.4228549761992799
0.3272089166679233
0.4414634717437297
0.3913900347162867
0.3330331096113308
0.2769064271145308
0.5535151443449079
0.2399190142439198
0.1258952382044695
0.2875407229138506
0.1104806497847921
0.2944452302079321
0.1067345428924596
0.5196766162212973
0.5642261981989183
0.0802897562159671
0.5172376397430696
0.3578190434564674
0.5436743759485071
0.4453350291710515
0.3622549856529691
0.4494068604970753
0.1362143580373903
0.4031716641147116
0.07480354552996081
0.3236613812279176
0.4366580731705035
