-0.0335963779429037
0.02106759410874797
-0.09251693720506263
0.03315589749560119
0.08428437523753954
0.0470360683916458
0.04507336108159685
0.01759423416099952
0.1321325406814756
0.05247883397018558
0.07096016229877511
0.02938313127273072
0.0869691092193456
0.002361286014800944
0.1590363013954107
0.05169656759139139
0.02657159840722257
0.06626400795306057
0.05712870772498597
0.02650806302307374
0.01642587275926145
0.02606044445919737
0.1363653145099268
0.08611696152176651
0.09748867374295242
0.04265423059302578
0.02157739078050481
0.04666840502326964
0.04242421651671512
0.02812542538637036
0.03565720541832779
0.03756049119543114
0.02557343248986582
0.02036368557646505
0.02825477801341441
0.02974893847174314
0.03477066866465092
0.01933108801806386
0.03003093469792299
0.06430380256083205
0.1420497166405725
0.1141207497015644
0.1168656930126962
0.02625777656880732
0.04142837639270471
0.02962512646161737
0.1986817228972524
0.04247264913035449
0.02685035510442864
0.02711249366815102
0.03809707287936721
0.04264322668628692
0.06703060835892957
0.0357951322685376
0.1725483501116638
0.03966893718048824
0.1099552233784957
0.1006459220915586
0.1336429083138967
0.05569137743367192
0.01786512874728409
0.01449605906531321
0.0255501945711705
0.02367490998407181
0.02161998502814124
0.01709450877532119
0.02114530525419381
0.01919857780386709
0.02916109133417008
0.02475316442148399
0.04185199457659625
0.04919869818995965
0.0666711129934386
0.03825772407475656
0.03106843938809811
0.03305006843702501
0.08985688635410853
0.09465423256286813
0.1109039268654486
0.04955002486669294
0.09267153615419578
0.05136618576567577
0.04872720867044984
0.002663720446086542
0.02371818448374041
0.1023850872814343
0.08564504614331588
0.1124486327225075
0.1368292007336511
0.1344673650029702
0.01482875700611886
0.07109464467360833
0.1104440370969071
0.1430131085654932
0.1194728631320584
0.1110244701684532
0.1087718654436387
0.05855086486501885
0.1198223916076858
0.05623694790477023
0.07051807693104103
0.09837211364584458
0.08790202471776801
0.04836536454810844
0.04393581186295799
0.1247945071627652
0.2067714485008188
0.2020784672233215
-0.005421312837695128
0.06030699782407376
0.05110206226498187
0.09997015301589515
0.1566314631258795
0.165716988675363
0.1210954343519164
0.1427438225926885
0.1744206942905918
0.1167866139798506
0.1487194239719269
0.21517490858287
0.07273851884618154
0.0778312075426196
0.08197947947206474
0.09825324310485752
0.1079709164472396
0.1134447524814064
0.09620845411955765
0.09805526591139314
0.1285922034067481
0.1410291253450196
0.1218196764284853
0.1174562469412733
0.1186675742091293
0.06343706830201389
-0.06203629146594886
0.04156249139923837
0.1616734991404283
0.2163421064826598
0.09646644840649835
-0.1040976464932779
-0.03074436524287612
0.1069151790288649
0.09135092437180535
0.05298349220117061
0.06290454732757
0.08876319112190541
0.1272377230387468
0.0771694799605865
0.08096056672417011
0.07017200731332172
0.1429466070003056
0.1739626927271636
0.05735785928911482
0.1041463166799292
0.001678190310223758
-0.01566952681114167
-0.01265916834772683
0.002663666431739242
0.05052893285628209
-0.03361905768764696
-0.004854593422607134
-0.0209150306871002
0.06720220984898073
0.086206562856048
0.09715150802734646
0.009495150122938155
0.06585979977911405
0.09027350463838252
0.1481167523694929
0.1955077401310581
0.1788340469556139
0.1770636398808421
0.1595667481783518
0.1925980077887711
0.21189613151209
0.2128335653430515
0.16985558022545
0.1422509998923343
0.1939104331165409
0.1677543693644908
0.1347541708383675
0.04978453430684471
-0.03572046071955939
0.1848240120119212
0.1565926685136118
0.1102174441534048
-0.04733024936362863
0.1876876968981622
0.1188488467148512
0.08364805828246766
0.04369380095138466
0.02257511242541873
0.2447231971837334
0.09454443810037694
0.09315652549692419
0.1432919862161097
0.05205356228469725
0.01619143742618085
-0.005934758967033096
0.02554166976651209
0.02208297204489883
0.03786268065807254
0.08592952065914379
0.214359578306182
0.0652946322835135
0.07991988640409037
0.1269179423711113
0.1759393750850482
0.1634843711238221
0.1753414570339654
0.232581874420995
0.3559431346673512
0.217136636769293
0.2722549476136751
0.1640033892313328
0.2767664661891735
0.2283930472648993
0.3426623431072181
0.2986920509614551
0.1651959967054654
0.180717440076456
0.1598206318648107
0.01514377631187121
0.1200440990892286
0.05511115661847818
0.1356527086657287
0.1422007906458349
0.1446254484970438
0.133696118061271
0.1054279168124801
0.08170569747117895
0.0793105237137583
0.08283116488906207
0.05834373809705468
0.09068737926151779
0.06886762735954439
0.05618827239405783
0.09105238938729243
0.1060105558742465
0.08973197027561161
0.00817500721734102
-0.002924014835598617
0.06192322217439847
0.03696468477479826
0.02062341449834562
0.129751149625103
0.138824200960098
-0.02437299119620188
-0.02871953860411297
0.05891554482359626
0.0755202104894054
0.04875769396048126
0.044643442011089
0.08377157656782422
0.1144652825512499
0.1129933246307284
0.04419325362487782
0.02317100306411308
-0.01997859011954094
0.002467622229212296
-0.02655409067581464
0.002956168440247262
0.05194201313409574
0.08592433249959049
0.1172255680283298
-0.0148337672299432
0.07776599260849132
0.08048074556519194
-0.0003522145035302375
0.1968627992942706
0.1985092670663589
0.212849877471067
0.1746508608555726
0.1731803212765322
0.1483988553635211
0.1607113987329431
0.2461997630840388
0.1445423544077087
0.1671565337986407
0.1163910635537266
0.04511201292640189
0.005064625863674763
-0.04528918044604231
-0.07327885398567614
0.2371947520708347
0.0978092918156287
0.1130354043666186
0.1389404008388337
0.1787607265467911
0.2501151847880526
0.2194285208372768
0.2593248918591358
0.2401672945795828
0.2142747348926305
0.240342277676247
0.1768482410385561
0.2806069758797142
0.3250610448766372
0.3065095001010371
0.2868106951514333
0.2998744481046159
0.2443995263050594
0.2310100689590011
0.3273178470486616
0.3395053165524651
0.2712676772318617
0.2579400838975543
0.2999838093080365
0.283951292257318
0.03943961515601437
-0.02837012179255037
-0.02791085694851223
0.0327644987976505
0.1934368084612734
0.1600194629126674
0.1467452787259645
-0.0998941298295522
0.2071850527084551
0.1985111581760129
0.1379367842702212
0.1184286115886891
0.1368081495137601
0.1582586384911915
0.08733945164945503
0.04387853740560958
0.1204633606001568
0.1089339642247133
0.1437810046898511
0.08988520393668302
0.1124220659087822
0.1743018784020868
0.1644050530747602
0.215137132511263
0.2839795456081217
0.2693699668189562
0.2056668261800652
0.1975547414734233
0.1874876130044382
0.2272754999019864
0.2808565834456057
0.2389453564055365
0.2720605045347249
0.3058687089984284
0.3313073039915406
0.353970113623847
0.3050257762724759
0.1144979309822606
0.3660099984955081
0.3639410332022314
0.348237962240391
0.2009114516413801
0.258836370187673
0.3029575279799038
0.2837387245604819
0.2149920594552532
0.1178317613440276
0.2477765253078405
0.2171767929029392
0.2547152687097502
0.1908362137195515
0.2013456868593217
0.2063054960830065
0.1926693579043963
0.2309348102675579
0.1784108835067977
0.1710018675755864
0.1900096875193322
0.2141553763038998
0.1828156257284161
0.1834003715396317
0.146931339822299
0.09898750017222083
0.006871373547895729
0.09487859739127644
0.1029375350403344
0.1003001683628332
0.1205296112246699
0.05112804696067105
-0.02688020522895346
0.1001149671710465
-0.06149661558776158
0.1098069188685259
0.1452391650139966
0.1747937001797322
0.1532555865873731
0.1058638787637341
0.08789165861172139
0.0911774413938183
0.1319961242752157
0.2996525515346575
0.20635587262429
-0.09716346888294308
0.2649072297373037
0.3135222388819801
0.3223742495050621
0.3398441137442871
0.2892036613023794
0.306483040617656
0.3503705281545314
0.1853599800357501
0.03172022700174212
0.06764482516245468
0.3201604103116025
0.2506261811469288
0.1639888847536338
0.1374627909683475
0.1613759747325461
0.07087837136314373
-0.01985041496309473
0.2077554732967073
0.2977243008566823
0.1147079550885785
0.1000485056127653
0.04125170069180609
0.06963258683326762
0.1767957215575998
0.2305480691658348
-0.01309049992294789
0.2330877628784556
0.1833324956651307
-0.02080994379677339
-0.02912820526995316
0.1687454676663627
0.2255317282533923
0.2559692799123898
0.3134629084550377
0.3340746488921175
0.3151185812521875
0.2810850498794614
0.3200441544848422
0.2369906442818928
0.1980542739817118
0.3659854904177809
0.3554193488631898
0.1045510899227651
0.09627707309673837
0.05782316713185656
0.2628617029029385
0.2661919481618686
0.254820106776736
0.2259952409497215
0.2068547089914302
0.1632910171251565
0.138510125505465
0.2018412864645133
0.2008730897581809
0.0346325985974108
0.06300770618844258
0.3587230903167214
0.1954105831122775
0.1659821046750534
0.1308022875894814
0.1074762952958008
0.05156396371651427
0.1718368065359145
0.1399210379304372
0.09662452311411453
0.09421143795593787
0.05065854276514486
0.01390045964463149
-0.04417909389505164
0.001110419104780584
0.1104305805470579
-0.08260427549822268
-0.06909208371164802
-0.06184939748025271
-0.05830517478554828
-0.09088026835856401
-0.0004734378258849294
0.02265964371438491
0.05473049596113959
0.01177353051100581
0.1472800837707925
0.1637428027565672
0.1800402127730741
0.1596357464362995
0.1468610212004325
0.1163839726695542
0.1143920662672416
0.02252390538175432
0.03014176817650826
-0.02160098032448258
0.1070870696347106
0.1064792981250669
0.09518567364618548
0.07396681039621816
0.09403581401480617
0.05568317013930381
0.01532259020119806
0.1210942261981331
0.1156743094809738
0.134922223130736
0.1115432230348785
0.1116922543271715
0.09451206183890397
0.09778480674406219
0.1253261114780393
0.1357567005366817
0.0928448503253531
0.0858707395809359
0.07811589947962302
0.08015380821968143
0.06655758275247711
0.04800000983758234
0.09746430782530227
0.1155242509611945
0.09750600557084045
0.1219363812550606
0.122377287356542
0.1419704089677178
0.1572612945458048
0.1580361978528018
0.1466181754068895
0.1644960988104404
0.008098232106364248
0.07193034765227539
0.06641295599518082
0.06801062326630468
0.07221806819617375
0.07806028809230386
0.05330895217546501
0.1759850425012458
0.05950940326647221
0.1410754343037642
0.1507758548456021
0.1795026694051477
0.3369091087438207
0.3174844301295155
0.1043815285491187
0.1347323186440323
0.1350793448771191
0.1141335465303732
0.12678585223074
0.1259015937870982
0.151277524847766
0.1744312745834057
0.1921539702812678
0.1737942225104961
0.1190252811910075
0.0806853277715484
0.0665017963666108
0.05299745685341257
0.3419435924274528
0.02487179863482511
0.02009256473799425
0.1151931353177011
0.2305152779857501
0.1151878296343535
0.110663964945344
0.09203075849421162
0.1455865255587167
0.1044098501323389
0.1312886101001011
0.1298542809991207
0.1542330874011511
0.1743637888308949
0.1908136580870174
-0.02209227442157939
-0.02828649219241836
-0.03463560690915975
-0.0583348999960416
0.1061974542222189
0.09445066551991364
0.09677564923816263
0.1244395178559351
0.1430395983735126
0.1354644671460339
0.1301649986593259
0.1650612997180544
0.1855465661688849
0.1063712017074467
0.07385072041383187
0.08516129997440335
0.04410942517023477
0.1446796986455231
0.07240332505429067
0.08944333831409308
0.06872173793122768
0.1770741179548424
0.1810344655591334
0.2161735745423801
0.1329445661383441
0.1301939570115322
0.1185599066989877
0.1005520195176461
0.07672900652925828
0.05812919598928882
0.08247839493374425
0.08211493420500529
0.05984017451903535
0.04196508078370639
0.07200999513783479
0.005244335392112246
0.03988144720007009
0.04364255732808724
0.1492210086076511
0.0245105682147606
0.0856658577585595
0.08972954839602153
0.08100435145810557
0.09978523784323319
0.1145986872089281
0.1057358292365784
0.1073121294153412
0.1077519745932807
0.1087184569297705
0.1210132436121981
0.1093653479449042
0.1278438243366439
0.1336849013808962
0.1750627791882176
0.04768986831473446
0.05848389525167794
0.1645420020329487
0.04796354729106202
0.1554677413010062
0.2580170762877155
0.221062866770604
-0.04674337026616899
0.08383352069385137
-0.06933662657956396
-0.06807341650764395
0.239684055529603
0.2047701291657525
0.256021813899509
0.2547691606182733
0.2863352211838284
0.3126976559436004
0.2152267510235967
0.05936259300172161
0.1754035585547565
0.2043212656612033
0.1825499759154841
0.06439346735420043
0.1128121402082656
0.1010731280968887
-0.04635354112693336
-0.06497385354698125
0.01557476213339338
0.007681292421747439
0.08929618986585461
0.2013619693179005
0.2188995536319328
0.2099899691410793
0.04588725837680532
-0.002232934276875271
-0.1021161036099054
-0.1066340994617447
-0.1042524490321714
0.03620075627065245
0.1099861999386837
0.1008375360374835
0.05360900947977493
0.2380709977806238
0.08236173045433472
0.07691660484751779
0.06236851195270426
0.05724986728529738
0.05966731813183006
0.1838871719752452
0.05367420819966408
0.01733045228172833
-0.0193487462020286
0.1245064675872768
0.09932118539434333
0.08128350211177168
-0.03623083116410494
-0.05324779768020404
0.1402729920558331
0.1270505093706799
0.1636023710325579
0.2366293581713612
0.2688862797707844
0.1144614698462083
0.06847954538630012
0.1271178592010692
0.05085000935844261
0.04343667948217221
0.09432969076104591
0.03781120638366905
0.06561707247067525
-0.01599882619525737
0.09124528045821513
0.3712544494400557
0.04511708305831606
0.1725937788148743
0.1008903115016056
0.3524524522723755
0.2285916523984696
0.2453215994868276
0.1256623948393373
0.05183079622951544
0.2441156256969707
0.04775652199771571
0.08141110942490941
0.108145455728825
