0.01125315678293517
0.07708177155512252
0.05559110508901564
0.1875760701225413
0.07400243395238212
0.1268667853017383
0.03345382216989448
0.05671701793097034
0.08711860668023572
0.2158288754016089
0.1153447010759564
0.1903414362461069
0.1177565704032653
0.03229595119865401
0.1911154714774159
0.1366984591096859
0.1852914724674827
0.1273778827313332
0.1204866838037965
0.192956332873102
0.09715886800990436
0.1721618352315458
0.1951125386287844
0.07859975336278033
0.1373482895104272
0.2295447436579394
0.1256963007009627
0.1811471417004145
0.07021754707353187
0.1944606366744155
0.2142482311785064
0.1700433021714891
0.1814317423642311
0.1500076082181199
0.1073351265187138
0.1992065728721029
0.2160064988139146
0.1513347574736852
0.2108586369451562
0.07550116501694673
0.1503963334521462
0.1143142642124619
0.1253930551579532
0.1344581142933392
0.1511302181925243
0.2023494403934564
0.2651542383050351
0.2073304451310618
0.1777988864398333
0.160736792936545
0.186781507400899
0.1462447931542074
0.1409966710368907
0.09064895229758796
0.2303655893697561
0.03846433675012564
0.08480191785552954
0.07336902951477997
0.1477692914538883
0.09437810743492467
0.1230567478980529
0.0765862736761093
0.1203279522362921
0.1686884559454167
0.1517083119127629
0.126338353279057
0.09759866171663267
0.0532683816097063
0.08951001872304154
0.03273223660259818
0.1969861683642143
0.2227461094246788
0.1621778850167726
0.03234350474216764
0.2042304509048168
0.1961828893449159
0.1330383573180334
0.1542825624610386
0.1819985471031867
0.05876795332928295
0.07246364109625865
0.07600574743127619
0.1671987764771622
0.01368932642020639
0.1364043076844384
0.1185564829950011
0.0975001656825089
0.1037366507590277
0.1283159547673727
0.1569757227415948
0.03740397224372587
0.1795835727638103
0.1599170975807726
0.1570901086945256
0.1548753731157633
0.1613827594870135
0.1548402815780065
0.1333822552446648
0.1155936981617825
0.175703036946531
0.1675895206000294
0.1339615963774023
0.1273202947872925
0.130403340208411
0.1141956020657033
0.1583127695653896
0.2546016161580293
0.2668196942480721
0.01037904261298981
0.106809818624894
0.05514271989090477
0.1091184511146752
0.1915310723766755
0.2068362563146778
0.1180503473506784
0.1364660080017216
0.09030172939507317
0.09156389204937418
0.141339964778966
0.05117452802262918
0.09481626210522066
0.1220673770806918
0.1071252912431009
0.1564682193525266
0.1707335128797652
0.1831419967177909
0.1612059558903294
0.140867309777104
0.1259082058258601
0.07383447281647906
0.1903723821170078
0.1831136923807287
0.1559462806482229
0.1165666845794937
0.04419027721096615
0.06908120235076957
-0.01815080301534726
-0.01341641372602874
0.1475343189204984
0.05603615014659132
0.109861342077977
0.1626759809982986
0.1429112214774981
0.1110839588283885
0.1451352759280362
0.1637981921439507
0.109803332207501
0.05110288341890052
0.03647256616800736
0.03086213206421765
0.03309402979368898
0.05778817593051409
0.01972580474028759
0.02120510175118079
0.01982564032281599
0.01571102519298447
0.03484873555070893
0.01531146208407548
0.03419787796402923
0.01042785936103109
0.03788190359937481
0.03953375255165788
0.0910242997279939
0.06443716653269675
0.07998264706570313
0.06549929569315177
0.1098367699431492
0.1284856780903444
0.1778547589970663
0.2341458345682692
0.2128659246643203
0.2082914224715593
0.187989740584686
0.2305837701733667
0.2702813460312632
0.2856575702556358
0.2606855731486362
0.2053845128191023
0.270542573608665
0.1961808073212159
0.2078451358929643
0.1012646610376989
0.08274918734324285
0.2454261423644873
0.1812411214222737
0.07352957470711068
0.04565745178508337
0.224426084531803
0.1728848789264595
0.0960839708494729
0.04056816243627922
0.08179162031341876
-0.0504342125646472
0.121737445163393
0.08984051925216303
0.1632859058746143
0.04669698743709796
0.03594631381337107
0.02177846489266306
0.02558989617041124
0.01789202468399629
0.04022927231833244
0.09216753910232267
0.2712547276518913
-0.01829899032955833
0.09367390573588853
0.1096628755178085
0.09256428304498213
0.1360549308020622
0.07810121131716466
0.03749876579679434
0.06786560647180953
-0.01056928418726135
0.05382288758913945
0.1853412143721011
-0.01356542166086527
-0.06180443705319956
-0.02181712923476108
-0.03529264885502512
0.1514240966544172
0.1112494183108908
0.06921792771914879
0.07902516268720663
0.09900090441218788
0.04701938589465179
0.1331045502516149
0.1487420775448802
0.1759675105072133
0.1812320888376714
0.0970714175817138
0.04740897697371219
0.02855580735453688
0.03343596924183832
0.0417590205090482
0.05138603767148286
0.03466915158295382
0.02587251968642776
0.06047236493149016
0.080940232421916
0.06939570333309168
0.01742341903139537
0.01819164438276232
0.04722669912625427
0.05125506793038672
0.03595416667352481
0.1401721181883392
0.09082209119527161
0.08025753351943729
0.08456037864060881
0.03921014174847674
0.05987860798951043
0.05276433053500354
0.0760564459333193
0.1218032798701755
0.1376238353634221
0.153512089027869
0.03309752340482836
0.03320832581163775
0.04057959839000119
0.04404133659545649
0.04672737381827601
0.08643944566599007
0.1165465540397447
0.1521031827688603
0.1776424529440046
0.04086994351933132
0.1659897199222281
0.1210760120104451
0.01876335502041599
0.07444607025592093
0.05121149899823541
0.02127046392334226
0.03401959954609482
0.006958839299518341
-0.02857816716175618
-0.04193439081765248
-0.05547085584136589
-0.03820249373668121
-0.04591866836151339
0.04784372887411787
0.04929034570298413
0.01313576327916311
0.05256354826736825
0.07806976750091409
0.01388786927925498
0.08789715148896193
-0.005722057878205928
0.1078203719916991
0.09155706603714053
-0.01151016496552245
-0.03414414641912062
0.01217791727439056
0.05088585765486874
0.08416815687838469
0.004249605330564401
0.0413706864174274
0.01870589478242986
0.02945389316832916
-0.003742611854858225
-0.03526484027049624
-0.04750192474403881
-0.03770287291202521
-0.05183281611940848
-0.03707793860322138
-0.03077046312733639
-0.05045415681781561
-0.05273545570632157
0.02923506312782359
0.06724504610246401
0.02396614303650293
0.03172070299644504
0.02479402694197132
-0.0002831607153456035
0.07674188948673859
0.09204469851070803
0.09901725917102919
0.07142618906151425
0.05685102504761268
0.06674749931450485
0.09105157126639778
0.1000855563728989
0.09123321547507506
0.087963358297952
-0.01535584328521433
-0.003291467025300956
-0.0301667745444878
-0.02966185399527594
-0.03666369246074139
-0.02143812451937369
-0.01972508737129801
-0.04131187989248605
-0.04669107672618555
-0.06864727071896617
-0.06289620015768344
-0.07080436527823829
-0.04888075839660887
-0.04835388775125206
-0.04494103097736137
-0.05164174375435891
-0.05347596890393954
-0.05268395815853576
-0.05346312850685665
-0.04960380744843561
-0.03768141481072398
-0.01490250795262111
-0.01449979368247992
-0.007335389659587472
0.01934631577435288
0.05837225556737397
0.02298628674075428
-0.002359686566877742
0.0628473714461432
-0.04955702500743923
-0.04552438142365417
-0.04907597797226825
-0.03782689200787609
-0.05328247624165935
-0.04573994871986621
-0.03690018786618172
-0.05381190237632939
-0.04458621906764473
-0.01274890631671831
0.02546896430520182
-0.05022830996718448
-0.04403688111457063
-0.03474135094029158
-0.03363739462934315
-0.0362322851759
-0.01141520574271087
0.01056348617278105
0.01297359888341142
0.03045252398868309
0.04082592595713973
0.04686811129892738
0.08315334199947591
0.1019471613200629
0.1178472108698162
0.08998171931224805
0.06779834327070253
0.1211300190209711
0.04930596852040227
-0.003585870827693831
0.06903873671282854
0.04613659057017711
0.06985822798208503
0.09672849067578222
0.09803769402293802
0.1124576622335656
0.08535046452226197
-0.03355326642043868
-0.05478513139788847
0.05410622029254698
-0.06297463241094628
-0.05273745313386664
-0.05369087239519674
-0.02706487543574254
-0.03339391490596322
-0.002263912345320656
0.003574970471490157
-0.03618566350037301
-0.0167835774273668
0.03455611577539994
0.03969469180886529
0.02574443239209689
0.02589546549934764
0.03634813351291161
0.05798025692350343
0.006872258460684494
0.001440396272047821
0.06480577652585652
0.05744575486840823
-0.013160724515693
-0.02935260598462255
-0.03009128034441227
-0.02884265134208316
-0.02567483349307129
-0.001547643412169049
-0.01720050963522655
0.04379080978000795
0.01772876938734878
-0.0007015967909049267
0.02321040803592298
0.06803755987738305
0.03546352513238402
0.07810864409385582
0.05849231484034428
0.07948317887846647
0.04116335787759981
0.00321412289420382
-0.004243148973696923
0.03925946264411224
0.03658348357923773
0.06490180695353348
0.05213155296110329
0.1373142444139417
0.08640131469530649
0.002033563460871805
-0.02812791009879522
-0.05516731279894906
-0.02453860540118378
-0.00842836024712142
0.01983020804278479
0.04180740896791602
0.08169023948857672
0.01194348283029796
-0.005337219787699499
0.02740846917044008
0.008393201919989894
0.01950911014478672
0.2814965160017332
0.2543598501439092
0.2351063968097896
0.2071535872084439
0.1673273080962094
0.2378529277259482
0.1764327260730063
0.1230320618113118
0.1604764583265581
0.1405345788527203
0.1303628729153908
0.09803441066456099
0.08304847456265121
0.2022839583819544
0.06809916601277076
0.05656994017212433
0.06022096975184293
0.07122675805569736
0.06107687542520772
0.1025302186846591
0.1069376939478574
0.1336377960176539
0.08117962725268568
0.2342280346761457
0.2338255233044567
0.2665671975862852
0.2043081840879969
0.1772634332911374
0.1923596462832411
0.164739259209855
0.1414940332677238
0.1316801389831067
0.09753360745018387
0.1744397011853783
0.1781488835735759
0.1544585392251095
0.112590766589015
0.1413562651781103
0.002704100071372254
0.01279564923168196
0.1846847152256094
0.1615250170494232
0.1837128621248131
0.1526953635259934
0.1429669157284889
0.1270269551798846
0.1476113769806588
0.1484208020368344
0.1684080082531575
0.1194854721362861
0.1096015978298114
0.1186070579974104
0.1444996118123905
0.1321496794677862
0.1222696322648934
0.1513123216443364
0.1234228491617342
0.08325251644806439
0.1159357393017843
0.1216066987415661
0.1235692434583597
0.1582034185606052
0.1814302901322064
0.1545416157052803
0.2095752041469824
0.03949200963925017
0.07213010289721475
0.08342737487944488
0.06062407809860001
0.04888581954954705
0.1021577692713791
0.03316795697431685
0.01533249917756016
0.2033014705788442
0.09835350242771662
0.08904708363018769
0.07555256413772285
-0.0007538140404378089
-0.02353258381710482
0.1056177350170451
0.1409101453452514
0.1573526900930096
0.1316568126225923
0.1695976011345197
0.1607247499165242
0.1922960574483414
0.1997842372664953
0.2354498817262859
0.2165275365031863
0.1152203192082909
0.06433355507126434
0.04266411627444344
0.0388934161911148
0.06992884245523441
0.06140539017768269
0.1088408271347514
-0.03152616758471639
-0.06315961603996169
0.1868513477587865
0.1732861286821071
0.1487725549344153
0.1948432990072144
0.07335510712930263
0.1151323001955572
0.1140946867205807
0.1577017087755043
0.1995836716316698
0.23723548029522
0.01993086076020187
0.02567616114451922
0.006818297225257023
0.06727125062811211
0.1562405986318754
0.08253431369195863
0.08250736161774788
0.1289720627286616
0.1640899429430826
0.1553600742984103
0.1615445601838451
0.2053734998756415
0.2393662845002459
0.1047881437796224
0.06046858358075426
0.06716643544787673
0.02721524715211129
0.1704285440406474
0.0712748362379973
0.09379275967954437
0.08619236886577053
-0.03916869820103111
-0.04526900997752065
-0.0518720307951661
-0.04363068469089657
0.1878830908520585
0.1754995533229376
0.1380521942212267
0.1415023455082391
0.1409236925414359
0.1484075558040853
0.1376210215215761
0.06525485213006418
0.06751400151260159
0.07733847271610747
0.1313629034765749
0.04730486742584184
0.07859576886260375
0.185116815681115
0.0395097550452511
0.03409996333422202
0.05205080068145327
0.1466814898802649
0.1518807769052487
0.1697265960232135
0.1481552385363294
0.144185266196295
0.1449626237777374
0.1502523714877275
0.1498388383519841
0.134432356194113
0.148740975176096
0.1230849560535424
-0.01818251806275753
0.07821245416832678
0.09387567984906253
0.1184294270635647
0.150292011967979
0.07641173876369532
-0.06566824239113658
0.06668686423158923
0.05011279265253642
0.149280744158451
0.08746528452899308
0.09302106932248122
-0.0701469366300526
-0.06012069704969843
-0.06871277495864807
-0.06470456343672167
-0.06696344448803339
-0.0496962308983216
-0.06291979655490235
-0.01035565258196965
0.05774855118145601
0.2483231724884266
0.2167939477870526
0.08242994058721374
0.09000167383330432
0.08294336062679029
0.0755573351105699
0.06409304995398507
0.03836328134807906
0.03739771022116919
0.1196503812370147
0.01351014549375111
0.05810750050792959
0.07293386382904019
0.04938855576806894
0.0519931453415791
0.06219017960642741
0.06231068421007159
0.06522036741719976
0.1005155024257572
0.1335656681422825
0.1061691374283842
0.1488532170792104
-0.02483362654911266
0.1370660688520105
0.09761437489374518
0.06003764854174124
0.06508289315813506
0.05401210239662223
0.0446521049742782
0.1739555123571078
0.05535974871789312
0.00382416352788493
0.09103440489776429
0.150770230394851
0.119900706435974
0.03238487774164048
0.04388882442155604
0.1458933863689859
0.1214797384936716
0.184495240437787
-0.05779608144276341
-0.05267644652773981
0.1118841577490056
0.06571789132451188
0.1906091925090828
0.0928999028739485
0.2364327657392117
0.1526265753822879
0.02349476946348247
0.05378285733480261
0.04568908844563608
0.1621646572641013
0.04890224660583817
0.1912573259060471
0.1292930046106617
0.09910163224019897
0.03306938082889757
-0.0239457101068081
-0.05774515237277761
0.1067721042684314
0.1074952997036138
-0.0500288318767034
0.13282738808828
0.1226980384449462
0.1654919765399947
