-0.008280977173184947
0.03051274297570332
-0.01572958823015758
0.06737346829304605
0.08928182071023125
0.06444446227550421
-0.04795332841552932
-0.04201239363593612
0.226867341756171
0.04244240956522689
0.06917816149200341
0.04584662947743555
0.09255658129817845
0.004826563955307129
0.1464691172500643
-0.0084896429669832
0.05967179547928277
0.009971282511979951
0.07157286236929472
0.06041196639421202
0.04996926058509673
0.06607730174756025
0.187026248355479
0.1418630505650659
0.1205340716288429
0.05391948830635045
0.06710392695873323
0.06957174871725805
0.07390393730999066
0.05424800544990691
0.04839654108574776
0.006806602410849784
0.0639382840084866
0.06606256402654034
0.06631056984916811
0.06475325630216255
0.06506636233438846
0.0514278564514785
0.05705719659141158
-0.02238378593076464
0.1011473142658853
0.06740141583839217
0.1581931702015089
0.06192836095722946
0.06541106333385557
0.06534594490333155
0.1823427075727563
0.02905361751227717
0.05240911596576584
0.03160926447522022
0.06779398717147908
0.06974055743009065
0.1042741673195649
-0.04050041108815757
0.2229727532961615
0.05115124869687195
-0.01629551577744464
0.06357751233459541
0.1397556906643588
0.07200052943288944
0.02742674925482843
0.008373074230102657
-0.01374039194335842
0.06304752216871924
0.06068133975725915
0.06041083385907851
0.066208479971956
0.06008481883159059
0.07365303467998552
0.05717886532592049
0.06809604318110501
0.06072008564764726
0.06019091257617054
-0.07205490696805923
0.0489740387517408
0.02923750705969306
0.09234735916755747
0.1375111010152042
0.1756448214624556
0.08753713641279709
0.02074928512032415
0.02985861613787918
0.05565794847305581
-0.05781635896942119
0.06663683115846616
0.09319826864088236
0.08180520323936401
0.1076986042511976
0.1156678490376061
0.1352673148531629
-0.08388393569218375
0.1352994916041081
0.197173653563689
0.1006208329220544
0.129343178181754
0.1472790025136385
0.1801653361522075
0.1543930640622105
0.0370459235169593
0.0202517099118998
0.04622439958204905
0.08017584140914408
0.04726474903947503
0.08102925254764433
0.06662052478328648
0.1130210501022136
0.1671440511782849
0.1967004614029354
-0.02745230451126035
0.09687394470393891
0.05871991797018904
0.1229928156386487
0.1690698272775248
0.1959341189044338
0.1803300306274436
0.2142911016562284
0.1927409830121059
0.1576739680226515
0.2183759961332042
0.2375309739077253
0.1403090361399052
0.1348291954188871
0.1384262858852495
0.1602140108478298
0.1530699220700167
0.1632487302642936
0.1806966713256457
0.179866371731148
0.2031962062675204
0.1752180992597371
0.1739776034531413
0.1894403521119935
0.2121334704017337
0.1836891306043078
0.06728562852174305
0.149153818062727
0.1969207647336081
0.266017172049591
0.1991983021561616
0.01838865891748848
0.1041351549911519
0.193018038032546
0.1435567956078102
0.05738960312382232
0.09058300506789264
0.1130899223833097
0.06289849394530996
-0.03642697979131701
-0.0940867644366785
-0.1104503758452115
0.2101860672236254
0.2340223141106515
0.1220026095740715
0.1572810841729677
0.02690487205947391
-0.01067927618579249
-0.01149523372738278
0.01330564016654588
0.02904952702880777
-0.02434439468046426
-0.02813195860138289
-0.004465020350604839
0.02820248336894299
0.0775517893158973
-0.007327392875220998
0.02337131295589838
0.07436945193152261
0.08604940492301423
0.1221648280268912
0.1628953935874811
0.1532115931860898
0.1408063266794755
0.1240490937403064
0.1586012361265216
0.1821168609027772
0.1938655076066406
0.1969094169248501
0.2071421852981646
0.2044308023345136
0.1332012433421953
0.1460474430112811
0.03013746298431414
0.0230888496065533
0.2087249008217105
0.2089671739053314
-0.0246408609521623
-0.05189570691872144
0.1815360215058636
0.178604337256834
0.005206498946318358
-0.02356255496976022
0.01012859211055402
0.3598786780647953
0.0787300152851813
0.04848284175321425
0.1204233298695484
-0.01069374720825818
-0.01930762800400181
-0.03354381729303194
-0.04543860346622144
-0.07274962455566709
-0.06641145344490891
0.01855680755297372
0.1837805178414273
0.113427339655206
0.1273056775587623
0.1915598913555653
0.2268844884540429
0.2333504907032287
0.2070834566857807
0.2700144068191616
0.5981758740947158
0.2367713757993478
0.3779984540342929
0.2337733653533435
0.3813417243330191
0.3347053648480488
0.6687269513949365
0.5354983713560831
0.2320442119091579
0.2355850529615909
0.1988716476842633
0.1369185261603639
0.1342399473318025
0.07744845005711037
0.07230741323666753
0.1324239796447449
0.1658311602550714
0.1740142187237869
0.003961678091526752
-0.09116692530483879
-0.115680770618828
-0.08920458799663931
-0.06509974392738471
-0.07854578872819803
-0.09142327394143314
-0.0984640345810143
-0.04127059956325107
0.01022059034118268
0.01481699907672349
-0.07119880761102039
-0.03863956858344628
-0.05350762609745904
-0.03263286063614028
-0.04444366383280959
0.2207468875582174
0.2183020159052188
0.03962269081603653
0.07841660226562314
-0.06561089176063983
-0.06782065206852625
-0.07230581735705076
-0.01662050986142617
0.07937910194952809
0.0875564104520597
0.1377764261507017
-0.0956045954314671
-0.07710090067654626
-0.05933846561907843
-0.07162922798002487
-0.05387541998148879
0.03899020179106737
0.1016625511509327
0.1642015389608953
0.1784518477239734
-0.07024404265951691
0.1725241883604576
0.1745569598941427
0.02815573265181589
0.2323438441200546
0.2187591916893159
0.2257059742877507
0.1964823021458375
0.1982003125703776
0.1855464950363505
0.2134900548412101
0.5086699929048659
0.1778521155558092
0.2389731225531851
0.1635500055783486
0.1427032698653207
0.1012411191098828
0.09947417012939296
0.08628714468942131
0.2597379079650874
0.1783166197217057
0.1595175434040971
0.2023526389283025
0.2230320167965564
0.2958416523760811
0.2658495569147046
0.3213445303656588
0.2975630652192492
0.2517211526332415
0.3250658399942262
0.199710856977488
0.3955833230131179
0.5406344021894068
0.4908551608383966
0.4484252297611341
0.5451853170552704
0.7309210532754559
0.3681742000309399
0.7565372502376443
0.7724484019717645
0.6438667982327546
0.7356582265879976
0.6387304567540432
0.3917073576988898
0.1320720823946588
0.0966067572443169
0.07086991338465047
0.07911644962691003
0.2294431263436872
0.2035821821647162
0.2039701153766474
0.0343717315577682
0.2346851515464803
0.2278780997605107
0.1696626408543229
0.1587322367702188
0.1959943198095669
0.1815181717459568
0.1410484585458993
0.1076124299509664
0.1638216284993308
0.1468944194016861
0.1894880296241781
0.1192517024992025
0.1403798740987196
0.2220261656284224
0.2185411502478105
0.3566158019958678
0.5264738217833332
0.5713767048007458
0.2820191538345744
0.2812374983238435
0.2718954143374775
0.3898076840155771
0.5561462209203486
0.3667720260267027
0.4789881679037444
0.6182405254676637
0.6794718379682388
0.7767015768922171
0.7678463901199921
0.4324464707736143
0.7107795604548106
0.6516585608923942
0.6109244289480983
0.5023908907237393
0.4018605862555755
0.6892662696679348
0.735492326761929
0.682062932030072
0.5491635868025073
0.6422593744922961
0.2841527098771705
0.3433606018109273
0.2553682472079516
0.2501066582832682
0.2456189743490111
0.230905399292547
0.3186836209924898
0.2209308342291597
0.2057518849300242
0.2301751835188504
0.2653537664847601
0.2231522164250524
0.2329703042715546
0.1981142163605643
0.1686247881647624
0.09355039049811417
0.1772973122882542
0.2077451806953048
0.2088487073072413
0.2193294960355511
0.1668644328968099
0.07986956662796783
0.2028400121245381
0.04061598998045742
0.1478563632341541
0.2305406268321657
0.2375094244420185
0.2327798507014256
0.1303273970436871
0.1242895891167277
0.159184551066786
0.2205870436205584
0.7777644926957766
0.2729336643967594
0.04407212546663261
0.6537651685955046
0.7635514268581796
0.6942656321401479
0.6865743064723477
0.7503833032721101
0.6674353482382046
0.6948972426332919
0.6201789073585788
0.2896205100569764
0.1440230672356363
0.5536562770649156
0.478844560295564
0.3457716279887348
0.3032802863894236
0.2334648594272311
0.2533516343717619
0.1377207870569752
0.3299435431658567
0.5288594674981826
0.4000699628447798
0.4588071321499881
0.380591182404203
0.4366281858094258
0.6101881939092463
0.6190409562516586
0.2270781587595209
0.4644779253387716
0.4634996924485542
0.1303785809008941
0.0213466562673391
0.2154510312122971
0.2464558417898559
0.3319771346867117
0.4794602025536157
0.5025759236986423
0.4874144315702963
0.4420034881702867
0.5662944276289581
0.3090047667541934
0.2349578288178542
0.6046630591656024
0.5862983655209452
0.191438114846926
0.140810768167214
0.1306834539947728
0.4123164416152112
0.4388592372073296
0.3572134200645855
0.2904943317400733
0.2438209164705445
0.1911707834957781
0.1502192449453587
0.2386839215119275
0.2427293938620059
0.1381491123781367
0.2713948901423184
0.7511125292360217
0.1936995517972958
0.1789147547474547
0.1768937335119014
0.1776086344907246
0.1430506307840689
0.1633721928893679
0.1110892574049814
0.05103662725202661
0.09964348608087921
0.08536880447983108
0.08710982661462215
0.06380979862158159
0.01378293115795735
0.1443014381066308
0.01150466571331798
-0.02150849258584114
-0.0153635383512929
0.02196700193450303
0.00841554118176294
0.1021715192669518
0.1401485557656414
0.1688453168276099
0.1183955279507391
0.1976455420279682
0.2203507233003666
0.2140549054099143
0.2292211541620821
0.2186055885372564
0.2001432821130107
0.203336260773401
0.1325999599916161
0.1507934868049609
0.119733043373158
0.1732980908906254
0.1762272373638208
0.1776708280856227
0.1547325015817608
0.1661265909880279
0.09584595414659947
0.08386256366461657
0.1468760001750766
0.1362893197799237
0.1629439349896133
0.1200119370755208
0.107363358302515
0.1010333219798009
0.1221554022786293
0.121835341755298
0.1474657776211126
0.08562455675944684
0.07616484296705563
0.07428379619939536
0.08977490025307237
0.07137001956832376
0.0619636783104639
0.1432622926144397
0.1084055695151129
0.1539696035912617
0.1912254547563495
0.1901406092553184
0.212982003384843
0.2302531607126291
0.2273300052100552
0.2121571280083183
0.2209686266154481
-0.02792117621899281
0.1158283103159911
0.1224180328617981
0.1144068315532614
0.1096276299565048
0.1398936376589114
0.0773149038448108
0.2266954828692413
0.0566098926095439
0.1507890500058852
0.1546510754562693
0.1921665255128881
0.6053130018479896
0.5544491369165766
0.04167941722076222
0.0885260942641416
0.1015474262784958
0.08446914158239567
0.1148609924659827
0.1323276115815152
0.1270491198277238
0.1493430720929796
0.1687874059571383
0.1649626158780481
0.063669262418663
-0.002288482473786728
-0.02389930958841546
-0.04903112409834255
0.5485719483344249
-0.005305497679104681
0.09722540106687803
0.1412646857403455
0.4370052712145193
0.1916088942704816
0.1941648221825929
0.179177370631465
0.1788265251073632
-0.02361333984091125
0.03526037468592019
0.0365826381872067
0.09120395899179808
0.1416201787228299
0.1688711355860561
-0.01935952686297987
-0.01126968751809387
-0.01165201965461109
0.04500084094918597
0.1934622014754138
0.1515864834308753
0.1478315572048839
0.1741688962682469
0.1800716874166363
0.1644001831215155
0.1500181159618503
0.1840956997763537
0.195065635385193
0.1378594037819501
0.09794646282973003
0.1204599444554862
0.05509011450559308
0.1956493349221577
0.08899760294017747
0.1015864382666507
0.07675468985035593
0.6494663825963702
0.6615674183384691
0.6829561194281031
0.5759281400165351
0.1696841631506021
0.164650217789982
0.09635952098658963
0.07640960958745199
0.05784790810214623
0.07226539813876642
0.05782362816304925
0.0823099204690344
0.07804362223701027
0.08165270004822667
0.1050668673842141
0.05710143670122302
0.0555024852115845
0.1536663041067321
-0.06815512139566553
-0.08863187768389173
-0.0560864869866282
0.1860576081200069
0.1942556923635284
0.192294443728646
0.1920354736006557
0.1885995378538778
0.1913698368577274
0.2051217028173425
0.2120641084048652
0.199579616312855
0.213827397398354
0.2173025967767377
0.1992909312736836
-0.04258533256235304
-0.02127632066468923
0.2280146755827062
0.07146702458200092
0.219864556062722
0.5622570889293299
0.2636005708987668
-0.03465048566854074
0.1265642313987347
0.08330594718202271
0.07271742699802018
0.4485907831409235
0.3381905550330581
0.4590050179976529
0.4206396840787792
0.5771444838820283
0.6155014749654754
0.3229278774056943
0.1018153793145668
0.2078181134890221
0.1700888253829484
0.1503810139463341
0.1264298576869388
0.09672711126640075
0.09413697667622956
0.1056013987666348
0.08943644487643686
0.04432456303261807
0.04168102970915279
0.1615609449316467
0.2463421672735816
0.2560439828982605
0.2450880987789159
0.1352620191508301
0.08884705782674893
0.006794185457427047
0.01956278069036343
0.04302729870016012
0.1446190113053435
0.0812987756427621
0.0378737965531183
0.07646865843414702
0.3073472423731599
0.1976030218948034
0.1394442771828862
0.1060259814685413
0.1056755198899115
0.1043164460702359
0.2300798541127096
0.05162269253798751
0.008316921370205026
0.01482348600674896
0.1463394089823007
0.162073365247001
0.1436345826071091
0.05507315661752507
0.05349190062235192
0.1384480782010502
0.1237231199397313
0.1245851474675141
0.6683731636715782
0.5798129185118109
0.1739151967257281
0.1513848437810267
0.1942599960552139
0.04191518927166751
0.06038960395757428
0.1118506872827313
0.05907294646335728
0.07105037942325941
-0.009456899807580072
0.1842149015958331
0.6795368196501151
0.05789801827404362
0.2369092568734625
0.09470403461793206
0.6263262327086526
0.6338198731877095
0.3669777911632823
0.08529551598162891
0.09052786630660564
0.6471081706490487
0.0580291192522794
0.1620942333450655
0.1544448884412834
