0.06726187618656612
0.1375777584939208
0.2001202064909378
0.2949619314314764
0.2267050700579938
0.252057099448882
0.08123855664799962
0.114358530924323
0.2158856491824484
0.2630886137333765
0.2138451106448672
0.2988930494312156
0.200186581015793
0.1242867679074201
0.315115927056119
0.2076840064121868
0.3078795218473175
0.20735379553908
0.1881424177743544
0.3061011932206668
0.2524204866839533
0.2998837746403925
0.04846185571112626
0.1546252881530893
0.1063974595193579
0.3025247277440117
0.2950117385628657
0.2086884182762282
0.2772270841907977
0.3055486295851295
0.3027958802255753
0.2442121185667114
0.3048900935645538
0.2968205227800586
0.2694543212295721
0.3029575230904673
0.2643852652467215
0.2856958533181376
0.3045068320033588
0.1534926828481134
0.2858705995471532
0.248839372055617
0.1963902637311131
0.2593567083501729
0.2327961427800627
0.2777180488152577
0.2160364047933672
0.2739061125486327
0.3034521290582634
0.2750545321606668
0.254571847614609
0.1927580319385689
0.1872791974256695
0.151882524419609
0.2647234766430807
0.1973440629498259
0.06990918722994845
0.1326885797696443
0.06949444345844717
0.258220765877944
0.2404487109218335
0.1830137750254108
0.1945008400354036
0.3046230258510079
0.2992770943926097
0.2831227926235405
0.2795436273242123
0.2323056689028687
0.2827360756077616
0.2082174689302538
0.2350752632824191
0.2524093355986012
0.2223411127646827
0.1088060112663692
0.3019306267166652
0.2762194663240132
0.1593613565961628
0.1807771373179343
0.1752017099925444
0.09551165243764806
0.168937113377497
0.1448016639903349
0.1874797955857797
0.03409239426368497
0.283873694637068
0.1254426334973264
0.2048090226043159
0.1407055786389436
0.108862710960711
0.02889080666763548
0.1100201581646408
0.1575026449333265
0.1762875416130225
0.2054588811019199
0.06656202829856862
0.06637503605783027
0.08399635192614832
0.1019535295868571
0.1301032822896971
0.2417619266356236
0.2471810606623663
0.2498568483940546
0.2364286605959022
0.1679161985321929
0.1382075280288267
0.2588124750645495
0.3214952913436038
0.2766645642281159
0.09534243450071563
0.1469549317997103
0.09745921878045928
0.1866882802983269
0.2701656638044317
0.256175072220931
0.2073532975731424
0.2666362288605176
0.2839783911413093
0.223905678309718
0.3105659977754517
0.3828178535496732
0.1307644483734582
0.1622016265847209
0.1480464841154492
0.1742864370326631
0.1487926510508223
0.1299657582406871
0.1598198011275184
0.1897757700894251
0.2413079962798354
0.2437308205984652
0.1062486137630486
0.1439580730090056
0.1619804995001951
0.1800463235078896
0.2718134429393341
0.2483849510093004
0.3034514643504793
0.3350497515948773
0.1144209043343025
0.2460234304878153
0.1833260033600379
0.05947106673311667
0.03599166420984896
0.1471074312220138
0.1997586621618168
0.2092278649934926
0.08938479964546847
0.0949655287093872
0.1028089226668547
0.08868542276294721
0.2700044507109444
0.285223591459719
0.2836016737909035
0.2778350976295483
0.1412333823692621
0.07213976115122342
0.06288968016439452
0.1274524719324914
0.1495380867340591
0.07193532342445799
0.1044517361073489
0.08627010841247389
0.1666343438551695
0.1990891857916367
0.1473697130897226
0.1058244593921837
0.1825376932550234
0.2061057589183299
0.2528356634148305
0.2453983350324705
0.2995489573565729
0.3321677373745494
0.3362096960828773
0.3411428932682224
0.3088223523018606
0.2590209055666609
0.2107113841099055
0.2452440975091177
0.2456016004943787
0.1752673556275826
0.1511241864557936
0.1276842663681705
0.1598398271906902
0.2618117886486017
0.2540303205976795
0.1267218580783904
0.1505996110594605
0.2978195574878433
0.05830083329349291
0.05451200942454952
0.1245309499484897
0.08680570276112208
0.3857117482955148
0.2227765085175709
0.1808433350661776
0.2784555071363589
0.1007111008489747
0.06428887091568238
0.04635684932034798
0.05835385453049394
0.04203432158737139
0.07997276605391208
0.1951191881442714
0.2694315609779864
0.2865157407802383
0.1521459088160809
0.2499140885392697
0.3384465951443883
0.3167625413464105
0.3178566050194693
0.3765544334727808
0.4689209650966678
0.3623233274399448
0.3999748824548446
0.2933782858947994
0.4199804776749537
0.3822226171964974
0.5074140176276033
0.4420944030769705
0.3146711645929522
0.3515955400406453
0.3248464538948931
0.2378209098656055
0.2102652476144909
0.2406487271319194
0.06012211295441175
0.05322170208815824
0.03697788248330023
0.03361817268042791
0.04873924061483766
0.06416627816936347
0.08854639587109384
0.10455016796338
0.1091202469191291
0.08438698994274843
0.08959507114970756
0.1030820752464764
0.0744848897323834
0.09497282700596149
0.129752334148231
0.03733334255736027
0.05786132180338462
0.1251817262054904
0.1273794210650786
0.1140556199446625
0.214950805397656
0.2278042393484382
0.1482561638497401
0.1979845240145162
0.1048709190505406
0.0638367625678725
0.0829162324145883
0.06680545739595181
0.04057197335846707
0.03901250339985246
0.0294960389073095
0.1005716232562104
0.1143532020429683
0.1349317135424907
0.100622544492304
0.1207164902074141
0.1117671482683942
0.06844139636507776
0.06773500385446675
0.05114871712042289
0.1260186290245846
0.2186324935177392
0.2572440579397327
0.1383396024083926
0.3661479474863518
0.3576842873314577
0.3703550489070813
0.3305376541734003
0.3426637185787474
0.3135381595403487
0.3398346127235347
0.440335615796684
0.3174886766648473
0.330410043945908
0.2695459537788855
0.2612077278643942
0.2742124507910168
0.2486839966311506
0.2431549002073378
0.3894905307901618
0.2882345898630113
0.2939137221851412
0.3102366174202951
0.3510773222853674
0.4006377291997119
0.3724347491534541
0.4064168378873413
0.3754140794165036
0.3229929634678018
0.3592529003136552
0.2722683866624291
0.4185696698863068
0.4576558642189667
0.4439950247915084
0.4278300577814087
0.4658097085265311
0.4631867536712859
0.4089568319551711
0.5203440647895925
0.5204215269047988
0.4885685076912315
0.4847159283573039
0.421034271932596
0.3832211282228732
0.2734441153126487
0.259133409246699
0.2739551073529585
0.2714288520786646
0.3582774993598307
0.30482802559717
0.2879516118162518
0.2204104558369855
0.3633162570354095
0.3382175774580789
0.2557794991765495
0.221576958974373
0.2437285008686189
0.2761094089638302
0.2954063250953223
0.2917242414673217
0.3119992265175062
0.3093598530102322
0.3279349843784363
0.2958129821107458
0.2897409308571653
0.3358488805367865
0.3354709589543741
0.3687914921352884
0.4530914609888636
0.4465227313034657
0.3654949843070665
0.3717211309692481
0.3675019421016016
0.411354218146291
0.4772603289512133
0.4027361208901933
0.4473528068097356
0.4914810099476799
0.507865198928229
0.5284638602058276
0.4878761112009943
0.2568975864158728
0.511051803138642
0.4713044966918283
0.4660092404354497
0.341169417522844
0.3103579190370652
0.5125646068215216
0.5011369151463663
0.4637440379584017
0.3422763187071264
0.4759113734755643
0.3568399576686861
0.3973965674998498
0.3521628376704666
0.3402770789568407
0.333882166942192
0.3089806208477603
0.3595381451141038
0.3363130282790409
0.3144726545101553
0.3064443462360365
0.3378940783456295
0.3022323922631923
0.2784617420519251
0.3098876951275795
0.2820568806819646
0.2584493067685798
0.2423735405116078
0.243423270937285
0.190971374632048
0.1812879527228073
0.2130294199509416
0.2268288673473472
0.1392626908837106
0.2483233609802975
0.270686272088452
0.2704899622702915
0.3012882379772573
0.2425170762554709
0.1939002856724351
0.1661524132547968
0.1804972914343124
0.196279064252243
0.5038672916710708
0.3538599091375448
0.2583936517683339
0.4689066181168348
0.5224795164987852
0.5076711192363105
0.4987341662080352
0.4894179818609128
0.4545911831577168
0.4887036323529314
0.3985281231976562
0.1797482200361957
0.1057244354145887
0.411658507101273
0.3470828676995534
0.2481080121252034
0.1976535813668531
0.185869260732723
0.1701209592583225
0.06391084000234552
0.2424588767153627
0.3781429764616119
0.2638812771260816
0.2918864428289576
0.230013596046295
0.2557851954549838
0.3701035544213159
0.3869421777100479
0.1246024002301719
0.3114837404017384
0.293010269155873
0.07142144208008605
-0.0007794604643676649
0.2886190378153027
0.3816861815463845
0.3638598596500165
0.4364140901812866
0.4365168172460957
0.4160265680977788
0.3967112257664877
0.4490396028768601
0.3341443074180171
0.2897983550223362
0.4729977243897189
0.4499976608410996
0.1960738673835995
0.1844847032784296
0.283678379099791
0.3888549900081331
0.4127027924702011
0.395418803635384
0.3460545565633021
0.3262369500308375
0.2613561167075741
0.2315039345948899
0.3188285830067303
0.3088946411611122
0.07579441530274708
0.155884719626087
0.5047697787199752
0.2193572690769853
0.1847135950249646
0.1841726319665754
0.1952053699439618
0.1725184122502728
0.177180437825832
0.1460543898514721
0.1267936941958634
0.1363841836690884
0.1417081017583147
0.1526372745397742
0.1614683464621829
0.1393781587571027
0.1538861032991697
0.1877426500728639
0.1757110789401278
0.1733709978665084
0.1879087446183535
0.2199768944323087
0.1659821657937285
0.1785196692885508
0.1450804827412827
0.1884580577642759
0.2150331471416023
0.2553716727305982
0.2422634674760299
0.2818721312664232
0.2826417732697679
0.2454863473995981
0.2724289371815165
0.1777241128855111
0.2197025462509754
0.2117371339411128
0.1339203985885569
0.155978638735377
0.1693640371273544
0.1446293772600808
0.1678406137731437
0.2619700364063099
0.2789571101910649
0.1168928936993867
0.06967235461857149
0.04847142780241662
0.09377302852498277
0.1057470339909525
0.1146230298038544
0.1524634341787942
0.09544281095861668
0.0592928341885511
0.1315905549734686
0.1661058994605605
0.1760284859718524
0.1994457342092825
0.2166816342440287
0.2107981413169923
0.1565067057401171
0.1233985750723666
0.1866019784319328
0.2345490564332282
0.2225680683813414
0.2755112502999859
0.295179848092496
0.2798428606339137
0.2567970755264659
0.2653975826042451
0.1033703448424355
0.128232298895141
0.1208552109983009
0.1098832934716422
0.1088173350813281
0.150910133267033
0.07640701310190923
0.298502879631987
0.2520875104970144
0.2363853248154874
0.2401452825702004
0.2715387936370876
0.4840281950346134
0.4640270435857868
0.2296678105226677
0.2874039078227957
0.3064861804450251
0.2673661309762094
0.2987838781959327
0.2630419037451424
0.3331033158883712
0.3313546366264328
0.3267045279249802
0.3096196298590358
0.2442075060720665
0.1521266131334477
0.1073244396610751
0.0907882477175553
0.4195314725201297
0.1323558684726329
0.1208257070004257
0.296579004900427
0.4012849206108755
0.1714194109436427
0.1952837698966201
0.1710260952743229
0.04228500615548074
0.1191372011571541
0.1404851888826057
0.1573018684949486
0.1703568295587179
0.2042125080671408
0.2110769015457744
0.05253942172359986
0.06310458574403034
0.04836677507126175
0.2194228430865459
0.1952384150107014
0.1631214814129936
0.1599011741450464
0.2066535464606033
0.2337727373911175
0.2314641332216079
0.241688802164551
0.2638618293885962
0.2737955343999203
0.1834215840983311
0.122460626684094
0.1363247982442314
0.064844097272937
0.2362994537807634
0.13345503492652
0.1770760097321703
0.1469893488832182
0.4064573759120196
0.4276119413639693
0.4614064040864806
0.3673248940326271
0.05822055828080473
0.06933285579677115
0.2448211759095375
0.2140857536784256
0.1831116393160305
0.2378251808746416
0.2339221456674425
0.2604852684692229
0.2695153975492838
0.2355408610447123
0.1496119521231664
0.07721341669015323
0.1067612876665859
0.2825815187618373
0.07586253408012655
0.1082490551361909
0.1232550450658401
0.1074097643762001
0.08136091640954471
0.07498906460939539
0.09000007218652172
0.1096010628336906
0.1402474488620944
0.1313197845523844
0.180977765333345
0.1755386912384817
0.2300636195924081
0.2342456859292448
0.3217041506369978
0.1371050365291987
0.1616788764556044
0.3218987655062452
0.1763069157921304
0.2603583742584821
0.4439864118810042
0.3213766470399246
0.1532613482084722
0.1924924154092073
0.2070680061884545
0.2025975807002744
0.4046162530252772
0.3664143662613282
0.4240256796564796
0.4166466397103002
0.4640116897844148
0.4782893554469037
0.3750943889889438
0.2896362759631582
0.2965717384514647
0.2877194433389287
0.2698460277418319
0.1161586167236713
0.1547335752789524
0.1983719753583077
0.2288865768028348
0.2612084356002717
0.1944542962927515
0.1775452522337244
0.1775731713749909
0.3026624634659891
0.3569989715901572
0.3343728452888904
0.2506559048056555
0.2345674650250271
0.2187040923876291
0.2360853692201829
0.2438641361846586
0.2216250780744108
0.2037762777067411
0.1742608226139641
0.2125017314178397
0.3754455017062769
0.1523347947185014
0.1362251038971038
0.10159282311175
0.1036652687576747
0.09311838484602505
0.3015405071870814
0.204799124744257
0.1027637665934124
0.09248661404281676
0.2203816408516969
0.1779729105398472
0.1569643642608568
0.2620709544855382
0.2622998639595575
0.07205317449790373
0.1032077551383419
0.3275704115231495
0.4604232560378012
0.4784928797403956
0.2202883181929609
0.2500069088722049
0.06335487306722359
0.1664426044788375
0.2786990019911684
0.1803863638604655
0.05415681685358606
0.2233415256838776
0.09430044571320996
0.08959314681126719
0.4953542539662878
0.2042250421252238
0.3346568090197716
0.1983130294433688
0.4889890486618476
0.414274741676475
0.3917841176733736
0.1158859137657911
0.1445555735258301
0.4786746180421892
0.1565855084582359
0.1528379685950844
0.09025683682307029
