0.01770136654146628
-0.006799723278378036
-0.07278023898917733
0.1110995584258317
0.04830663824553436
0.05791734069326177
0.05237243350721183
0.1020834235623484
-0.08938357298053186
0.03950483593550518
0.02618002659734299
0.1152731399245415
0.03902259759609189
0.1283039645183584
0.06670372055914961
0.008768453498438952
0.1264951984338139
-0.01110827076058596
0.006395970563915408
0.1255042490909384
0.138074309812919
0.12053074582764
0.05835062392788103
-0.04264443747541916
-0.01705860935204388
0.09205741168001938
0.1260887326797479
0.06480896455444193
0.0955956494548464
0.1217184432539135
0.10190249061737
0.0564769480622259
0.12574732511676
0.1267366300014388
0.08548135026817091
0.120676611651462
0.1068255493262349
0.13431105780263
0.1177234126397592
0.01213831693398911
0.08515573341766852
0.03433158926559988
-0.01278242468255386
0.08786471130233144
0.0607527191166107
0.1139488203007642
0.07337994685379268
0.05729667244980275
0.1254023985570507
0.1150688220835921
0.09008597648701053
0.04366899017872911
0.006061317695363577
0.04526911303152977
-0.04833127921822321
0.0455975658866307
0.0434344616300371
0.03533453359903849
0.05667320656008509
0.05711900260195396
0.1309210973035082
0.1333866240848512
0.08440213401843417
0.1286524304925462
0.1322022130404319
0.136124823309945
0.1268205412611444
0.1175518020155434
0.09847498154533812
0.08094436072234926
0.08452030797442896
0.07596600696407585
0.03727400190552004
-0.02458804128273771
0.1116368578275696
0.0852875301004339
-0.01042637632525558
-0.02123199871953338
-0.02560449821797549
-0.01552294980904212
0.04680477447005373
0.06661543561840788
0.05260419218315009
0.09693720224141621
0.1071201881994062
0.01594272163577562
0.0335449093951864
0.03894207536949935
0.06051482401824614
0.07335759120740896
-0.01365071382975852
0.04299449664164681
-0.04635651910452172
0.04768869553429184
0.03102769130251695
0.01979741074111697
0.008172155808748615
-0.00413374471737109
0.0582067609208481
0.008897290431223632
0.0173455936062964
0.03445321045046629
0.01101768645636431
0.01838708588662647
0.02236920435311854
0.06725282910703273
0.09647964848885847
0.03046649807920563
-0.02887926239549796
0.001207162172749918
0.01466047848026932
0.01671847686023354
0.02834929131278642
-0.01291687470978866
-0.05050832801577151
-0.0892546681751661
-0.07494642472782874
-0.06167208943264577
-0.07797999594584804
-0.1512963834079729
-0.02867057667413624
-0.02164313281299007
-0.02106207247924007
-0.02752058893668789
-0.01999441581483566
-0.009522260523901226
-0.03446957832268135
-0.04676772076725662
-0.07689318546366745
-0.07854007993677603
0.007906107016076754
-0.02038423822320061
-0.03938093032252189
-0.05229438156340816
-0.07897417884738239
-0.09406934554502069
-0.152025493440988
-0.1562635641857953
-0.007804556744891103
-0.0864630488321457
0.01671596234935644
0.03452581325530309
0.04308073925971008
0.034695726853147
0.01435035044514781
0.003380045965717062
0.05460052761177502
0.01367630337675538
0.01232903927072472
0.01744800431281125
-0.1247140995786008
-0.1231968598492076
-0.1167308698617463
-0.08229771341330445
0.05079409847717693
0.08671625136108112
0.04856313529349545
0.007402373324788939
0.01122998685646053
-0.02550738542210317
-0.0381875382108441
-0.003036261470300037
-0.002967414126010037
0.04276393389376275
0.0148684533227748
0.02149830693325393
0.03557170439448137
0.02546101907541609
0.06250337606405904
0.08227476751932138
0.08812849951899285
0.09820859709810313
0.08491904867031344
0.09058968340082679
0.07346619281427771
0.0586932640089523
0.02035056289973489
-0.0328306637492817
0.01400605802779923
0.07554215059068697
0.06834205098628465
0.03769167567486331
-0.002905959227909797
-0.01369694198759305
-0.05248001688601731
0.03697085652939485
-0.05249582015218298
0.04424501154086513
0.03540319969554552
0.03016749612912574
-0.008054601691305866
-0.01654859152539012
-0.1443645731555068
0.07135586603583303
0.07063545658141621
0.08416232615035399
0.0675659120163189
0.0697201894215583
0.08165744364813086
0.0766363594242737
0.06998438496223011
0.02989024169385711
0.005436439757290519
0.08359850991616936
-0.09610844451058245
-0.02643651792395439
-0.08251659232363084
-0.1246422996619556
-0.1092122327502562
-0.1116127677529272
-0.1565563615266685
-0.1173838202506323
-0.1616717032422907
-0.1344452993008433
-0.0847156218412414
-0.1801228820756341
-0.1637889263300838
-0.1430882036942847
-0.1411307216969153
-0.0959803223957198
-0.1192718282313084
-0.09849732436294656
-0.02312781109150899
-0.0368487688208776
0.06184208405187246
0.06456940212313005
0.07212411274581762
0.07518461743358099
0.06902083817769485
0.04636497889397728
0.02579401408919242
0.01890988091251202
0.02627962247614169
0.02584003968409718
0.02495446062562123
0.005355777410889221
-0.01071881038766208
0.02834188821291455
0.03690828184625718
0.02448326625099808
0.09744978090144164
0.1176738852891057
-0.0113069761269177
-0.02787007324719661
-0.02982090098263985
-0.07184710293650144
-0.09123222906945999
-0.05725436893738131
-0.07367050661725963
-0.00476289788627253
0.022329220870554
0.003029630135019532
0.001501611489052525
0.035704023191405
0.05574297258539152
0.05885028989067
0.005897145746945337
0.005611814246329852
-0.01846545806054737
-0.02975178649720289
-0.05158263538703019
-0.03414676658791396
0.006765668025790966
0.02610028024552013
0.05089065186178945
-0.03295065553578217
-0.002598624618719206
-0.03177486357949142
0.0896547227020526
-0.1367471174809408
-0.1338937388718821
-0.152086137742539
-0.11800960620679
-0.1329612292629502
-0.1249996536295966
-0.1137602281761763
-0.02537903839415635
-0.1363737186791529
-0.08088992283321492
-0.06879167387800646
-0.05096523994238719
-0.07810890126557966
-0.04129972115602713
-0.03833919507741503
-0.170592453307683
-0.05897233580355064
-0.103930793427306
-0.07648010155481902
-0.1138442228386642
-0.1798887699667522
-0.1627175288789124
-0.1741726455070667
-0.139873479563728
-0.08664008110254358
-0.1333361348746783
-0.08958182745501579
-0.1660720832161919
-0.1496991603743887
-0.1693635968188061
-0.1673764926246744
-0.1326313324750182
-0.02805148607991893
-0.09694205472700924
-0.08942937513081174
-0.08118415453137491
-0.0206858184507344
-0.001399420952646954
-0.08516273741969378
-0.08877338082262916
-0.06975929590109267
-0.05808229640402251
-0.08915454795662513
-0.1069526663819275
-0.1340707200278816
-0.1048060289464773
-0.1008746289060999
-0.04751441806546135
-0.1431192396670598
-0.1233929883388262
-0.07368538590773688
-0.05661567922285647
-0.08468009350158047
-0.07997609975812722
-0.1027471598107948
-0.09963748368572242
-0.1129588069228305
-0.1028865378139293
-0.0898607702829101
-0.1137397848344675
-0.1348662324452526
-0.1314896551506871
-0.1196564382256691
-0.1204823962673721
-0.1432392409862716
-0.08267507921981862
-0.1311793620262252
-0.1099274751254696
-0.08534898394352136
-0.06437525985186207
-0.07339508897779733
-0.1239422377365315
-0.1090174356815264
-0.1000290490181916
-0.1225856259803435
-0.1137458885818993
-0.07408238643584653
-0.03443368919710237
-0.131178378513883
-0.1005394591375821
-0.09757378654670215
-0.02423651344378619
-0.06623046287684448
-0.06269997984286614
-0.03867806324104232
0.0248952764198851
0.01972387799147457
0.01597898085323304
-0.1486708653686545
-0.1713427425942058
-0.149817601452811
-0.1695398501916557
-0.1640504805678896
-0.1369701533850344
-0.1719378960907804
-0.1575450971648
-0.1580054829632022
-0.1628953215877127
-0.1709042041905449
-0.1544304943224283
-0.1404711918244893
-0.1398327738562785
-0.120821253888662
-0.103114832293679
-0.1066816781999229
-0.09322261362504985
-0.0683587177332953
-0.06374244491837895
-0.07639564077696308
-0.08937531842645403
-0.03652802502863368
-0.09646534253122661
-0.132303095254152
-0.1122703244909552
-0.1323969106228045
-0.1070107615947057
-0.03468263838051695
-0.02505356334965896
-0.04174483466397186
-0.08473253992924155
-0.06125923893042792
-0.1662266274711775
-0.0736726584314419
-0.01755344934321233
-0.06130666669980008
-0.1098540903730764
-0.1158257882289676
-0.03721470552637174
-0.05621996884660873
-0.08483352992962587
0.01034430511161553
0.01118232671765297
-0.03628066794865566
-0.06702006587852362
-0.04751630202035071
-0.03840504705976795
-0.06101303498970611
-0.05457943639666656
-0.01454120228052064
-0.02352585133302382
-0.07235646078236926
-0.0822061745756351
0.001986746864862126
0.02052611331676816
0.0200942530160306
-0.0004394404926625328
-0.0264945464476113
-0.05757443329593288
0.002557266290929501
-0.07616403900251585
-0.05987235285397301
-0.006747966446235387
-0.03308706934606808
-0.1123108347939293
-0.1596693339776866
-0.0943386856717941
-0.1216726017088489
-0.09686565439582602
-0.0939442946168164
-0.1196727568789146
-0.1178476530434308
-0.0934320641791855
-0.08859484960234459
-0.09976343863309436
-0.08258630588160232
-0.05581097308161045
-0.0458128557729276
-0.08789242652575287
-0.1460325458544825
-0.1623688420516812
-0.1653778533306204
-0.1472950005263801
-0.1317405875944652
-0.09728079036183095
-0.05448912870787286
-0.1410528189257861
-0.1519790000387701
-0.04820189701981037
-0.04036120177894786
-0.1069916467247084
0.04770943089900959
0.05255754402795183
0.03231996822149468
0.01490966011771565
0.03127486149514565
0.07161542131972021
0.0721046306630459
0.05626431134059835
0.05922710137339028
0.04205623577277553
0.03147789638011656
0.01839284092235475
0.01439480324044572
0.05455440227620324
-0.03263342331416989
-0.04785708024148422
-0.06753674772689371
-0.0755692016590203
-0.0866291630249295
-0.05182083447835847
-0.05466352274636944
-0.02680150189101138
-0.07221369422048668
-0.0009368266272710088
-0.03853554468525568
-0.01071402689650924
-0.06456441259067663
-0.06177216348081018
-0.02483384957478298
-0.04282244352227113
0.02666276484464424
-0.002007336711356068
-0.001488834792138197
-0.01776598747100604
-0.02570088437974553
-0.0351418946212685
-0.03135736678221582
-0.03017213279391139
-0.1177353634902115
-0.104232629585593
0.004746668468188368
0.02168642229588195
0.05483527624187258
0.008209067451934738
0.0149976543005057
-0.01540493418760001
-0.02175905798036064
0.03886860604061666
0.05542237965770895
-0.002884879149467216
0.01041367846958
0.001063645507868065
0.004423909869773012
0.02381373181461948
0.03077919196284275
-0.02898147042254326
0.03458048227850261
-0.05637334020581766
-0.0764768171308975
-0.06751392047706176
-0.09585651307533005
-0.09608393929294066
-0.08154206460105687
-0.07473473876464075
-0.05847652642274252
0.1238328969649763
-0.02464823992308982
-0.02098623743815235
-0.0245251811450307
-0.02053637265163531
-0.02945600917538905
-0.009814836389597662
-0.1429280853121574
0.04938293664066906
-0.04703438440646285
-0.04772075686661403
-0.06385311076027957
-0.1555348873198615
-0.1611150887937072
0.04331806887720701
0.06706509175734518
0.06412136338654238
0.039627143206185
0.06196078581872125
0.0476046857816364
0.0772361647841309
0.07843796860230937
0.07327202511077326
0.05775847284856269
0.06612144100089802
0.01693090206634868
0.03430627361366329
0.01876518693090853
-0.08257708470343809
-0.02821666678748743
-0.02737362351558697
-0.1088663725549235
-0.0639386494948463
-0.03292771081384143
-0.04534597288406617
-0.03850325101647246
0.07042804792024523
0.04321695573700427
0.05481198847167332
0.04278276543139604
0.06318264613499446
0.07200168088585555
0.07977173908991035
0.06364498969342129
0.02851891804354864
0.05050596268563134
-0.08877347805367555
-0.05083745124937779
-0.04460648717842956
-0.0345411508166929
-0.03132482943247965
-0.01273817971583833
0.005928342103799678
0.02574324283926171
0.009913748052427743
0.01259554434476814
0.001315066489597027
0.0004974513608759869
-0.01279925497920116
-2.753380947443306e-05
-0.03940104033681643
0.0136159899747828
0.02744829099984371
0.02715071348253567
0.001328109305416767
0.02445539040516963
0.03319555805620603
0.03823204288312455
0.04410056337998631
0.02667264052961121
0.04623566928512785
0.04343482968355005
0.04089115262630166
0.03689683487383664
0.01631852118909223
0.06417206495851763
0.0760070838138909
0.04594715353545444
0.04301993331914616
-0.0004045702915420391
0.01712266692620699
0.0463912388596528
0.06550623645271747
0.01995059679840129
0.0146065263654366
-0.001424800728851054
0.01493992868580853
0.02439153914525855
0.004304200737937587
-0.01394339067222379
-0.03435740938913101
-0.02080993254067845
-0.05361422560382364
-0.05547497358363078
-0.07193714336932612
-0.08206118717205647
-0.1361953037232846
0.00959044615983734
-0.01462643005533248
-0.1131736640623275
0.04123104056073515
-0.1049171760134493
-0.04667261649657264
-0.08347578698691319
-0.02538287259780516
-0.004963895793232417
-0.008964673557068075
-0.01287496253467656
-0.09869336150670063
-0.08941555678271393
-0.1312101455633976
-0.1557599503193294
-0.1158665507947082
-0.1345802596938321
-0.1447764678563397
-0.1089070696096524
-0.1120825938140872
0.09063103718124151
0.08096546746717506
-0.02315098977789261
0.04575820388789793
0.04729361037605569
-0.01961653648553005
-0.05285988561289555
0.1070533720417554
0.1250355321648192
-0.0406104594706306
-0.1154224675815396
-0.1331223596896182
-0.1081194670708817
-0.102840507595687
-0.09731082949946138
-0.06923413281768161
-0.07473523849923909
-0.06098355029906698
-0.008838023058899925
0.02742762449948591
0.01667250615001505
0.03428281683081712
-0.1698880173463173
-0.03156557210715204
-0.02672396891100725
-0.01907695309292658
-0.02178119958636132
-0.02019280433743671
-0.1300129657630472
0.04324138759768691
0.05644620320050778
0.05608704644059875
-0.05060279052898414
-0.02325487401031932
-0.02499869043199461
-0.09668770844828296
-0.0941147009648598
0.06551913975616054
0.05098243177798984
0.09143261731350408
0.02432000836343579
-0.03129291032844093
-0.06091988557531759
-0.04115098200239872
0.04394509571650926
-0.002691773326480951
0.09142348896299325
-0.0110813600320891
-0.01188169190206643
0.05127494928670848
-0.0316372576549044
0.01676563642299582
-0.1168961683452884
0.06691862733542435
-0.1135470139913343
0.04293134949435148
-0.1369309121311662
-0.01664256167765449
-0.1709367630267875
0.05254428668629543
-0.0009532085657142225
0.01658677540707214
0.03969659187275176
-0.033860606166068
0.005035616228985008
