0.01172163112892304
0.01501139965810572
-0.06905024003899654
-0.03061904333127437
0.01231699713138843
-0.02236465590210629
0.03943895354657144
0.01695804135430246
0.01991990622653391
0.03003918682124992
-0.002676621159995284
-0.01373530984617975
0.02598846590535512
0.002137965043135093
0.005285617022853444
0.03628786761192299
-0.02539399798016701
0.04769105266605001
-0.02754883121203455
-0.02647287134181786
-0.02327120318908028
-0.03350013116154053
0.05638986784473205
0.0304908752427159
-0.004706133270436482
-0.0002861414898465502
-0.03188703082659199
-0.01509085084591494
-0.01440077754937306
-0.02002340918551822
-0.007100603765405608
0.01398723448561459
-0.03065127697087272
-0.03557708758711433
-0.03243066928494949
-0.02857248296113901
-0.02906763712982097
-0.02581799690107706
-0.02005600321129942
0.04188561114456889
0.01481981819118054
0.03455608734334502
-0.004443567656767069
-0.03940121479732588
-0.0352255427097606
-0.03510063403919501
0.03234254494851783
0.01421861655443246
-0.02005824711745926
-0.009582314968093931
-0.03392754348791512
-0.03879308035436695
-0.0170267258207677
0.02678333384626656
0.02080742409872336
-0.00040104895620186
0.02599775938830347
0.03272262761007667
0.05370457073936
-0.009352532682883885
-0.01508498311756974
-0.004984561480365948
0.007085187134369281
-0.0304418364736447
-0.02915111720346407
-0.03094448112069633
-0.02817564524336566
-0.01961787442669775
-0.02801398269230064
-0.009991260137071375
-0.02627110841869567
0.009082412422556481
0.0433060652786581
0.01497517336741961
-0.01332288918771085
-0.0003973313935145039
-0.004777477817308363
-0.01735953469801818
-0.005704612505264172
0.01218517361428821
0.03369199307288183
0.02469814372534663
0.02228729191902208
0.03443535653027278
-0.03713688134617191
0.02752383013700801
0.01489352287887237
0.03909463661848415
0.04952740738555352
0.05272713439416412
-0.05916823905065385
0.02255458879423372
0.01662853185064615
0.01272121538011125
0.03200047957584373
0.01677501827704517
0.03959826381393178
0.04957741654869741
0.003112459955257998
0.03952965950614058
0.04712271544735219
0.03949444277217949
0.04642568186906453
-0.02810449042233289
0.002319451329698681
0.008573692625030349
0.008027285079914237
0.005679857447988766
0.01011623315470262
0.00063473667638661
0.02817433008499934
0.006560050994452767
-0.006545878034009538
-0.006908148528080381
-0.00327726717724836
0.004876725729028549
0.1112385214133965
0.05563989909991075
0.02545092351434573
0.03287952282638519
0.01945623391760138
-0.01033743828267512
0.003576655952459379
-0.01364688053232952
-0.01006876962600959
0.002314970261666159
0.00373871670343757
0.02422709443784669
0.02216404271609864
0.04847191903477632
0.0256313624962282
0.02465213956491797
0.04100646587367743
0.0540945676783724
-0.04506878460874821
0.01630963262851388
0.01407422655340243
0.06918164865112304
0.06381883255732709
-0.05183527283186794
-0.03185402584622742
0.06138757359248423
0.04196337016440883
0.03128393999892175
-0.02565936483998156
-0.01498962497535422
0.04324447302542003
0.02689109570243997
0.004773808706646783
-0.02765322694398714
0.002629177716565603
0.006942806613466117
-0.01001683427371242
0.002783471562532658
-9.135758109118507e-05
0.01602815475719804
0.02797444502911387
0.002934164626923524
0.01251543033510147
0.01050566755967366
0.01362149769435846
0.01762653232623948
0.01108761105556095
0.01582417463646054
0.009987785936403513
0.02327087474335287
0.01469988864435811
0.009786211389855585
0.009791686968291571
0.0183010448082025
0.006668293773455913
0.006776372889164434
0.01334256583565691
0.003108805963789624
0.004968760364913526
0.02101597626960697
0.04484334930372211
0.0411698808848401
0.02436546723018893
0.02474114940562874
0.03525435989179845
-0.02329154698612787
-0.0564287986630943
0.007326999045551726
-0.00385544401384463
0.0003953814111639427
-0.07102290371315535
-0.007162337907400441
0.04382780127071489
0.00390550596515461
0.0167143411862688
-0.01785320226344421
0.09660227338011332
0.0149037002057093
0.02493657857515204
0.009324926589422439
0.03493549043581177
0.03503067389057354
0.03210690291622816
0.03777562119034493
0.03831469655756298
0.03897294416648096
0.04393757105721885
0.01757281704587136
-0.0007360154235623212
0.05990749688694207
0.02433713223101112
0.01924568341259643
0.01286120137042134
0.0552950385559168
0.08191502410154992
0.1486137098514282
0.05370037815118178
0.1432051281969736
0.01850945859179518
0.1169651544040067
0.1022763634020228
0.1569127588069133
0.1604034953173837
0.02017240215951242
0.01580926881017853
0.01537033232209272
-0.01927560488785198
0.09347373390324799
-0.004358632194298401
0.04298661571203993
0.05701450697579753
0.05960778600025059
0.0582323960806571
0.01990735374332016
-0.002258484342236022
-0.009738228983293264
-0.02012392609453958
-0.04055593028835275
0.0121863776914018
0.01683590298940212
0.01052408255528027
0.0272769197923083
0.03394976763042019
0.02666875973356578
0.03106034441246354
0.02193229889390891
0.01077467224676331
0.01265608501173781
0.014306185870368
0.01928495886809651
0.007698729980912528
-0.009693927707010747
0.009724358575944654
0.01931226806185165
-0.01198078048062368
-0.03377648201998086
-0.0184988027165775
0.02155047222347298
0.034460854480774
0.04504454233441601
-0.04794654906066049
-0.0604951668650746
-0.07370855415801383
-0.05408362281108499
-0.05650893983939351
-0.008886523617536978
0.0228569049567212
0.05159297793443872
0.05797870841395153
-0.06688283751534967
0.02733532941899328
0.01271697137652018
-0.00260653989096999
0.0189234293365729
0.02140339828771218
0.03541953808931287
0.01958225687607388
0.02592683548988305
0.03241123136847433
0.05128032763821595
0.1268734166571859
0.0404916757542158
0.07065109505524274
0.00707287424732096
-0.01500084490147739
-0.02991974307169356
-0.04646946810596044
-0.0511534052456958
0.0621265098024178
0.006551131677241497
0.009862902440925504
0.01819196987771665
0.0171474789203731
0.08496937872105555
0.07237700358326825
0.1027202516952857
0.1156770722540138
0.1377113367223786
0.131042412189114
0.09838874798565274
0.1300395041989147
0.1512907902605426
0.1386643941431243
0.1236484619530185
0.1350822684094405
0.1544069122220787
0.09892927373572145
0.1550363233352618
0.1626038421617009
0.1401017605334525
0.1541594441044588
0.1297728129819943
0.1594413367218657
-0.01887237589706582
-0.04203195178905134
-0.03661479666025011
-0.01535146632583827
0.0314077450722834
0.03782689975288671
0.02538138522166503
-0.06849924119117595
0.04868935407477218
0.07706801752359473
0.06409162842227885
0.05438931920192497
0.02398632641265841
0.08426199655235084
0.004380893065533187
-0.01325504976868155
0.02441442251201509
0.02362355101475556
0.04780201233424586
0.0126328253030187
0.01095225909588981
0.05280505340746707
0.06356509414277553
0.1074038692616609
0.1516833903824136
0.1454630788374823
0.07562582981098785
0.07563669579451246
0.07425322386273572
0.1065409224649442
0.134620609098874
0.0988761547103537
0.1217509643053706
0.1423053573422245
0.1523537793951142
0.1592648386612868
0.1526989522970285
0.1296514058737925
0.1563778858011943
0.1338726453329006
0.1509325643274417
0.1119813242817041
0.086550931312933
0.1511359279638782
0.1512086643377365
0.1532324943498612
0.1493073996963058
0.144390930769153
0.07674054385289224
0.1001657766691422
0.07385852835458163
0.05421565251336865
0.03056964555183276
0.0315895836624165
0.09225305715969016
0.0510912212389989
0.03100222445945831
0.02861508911838515
0.05464828730295452
0.01244854244862678
0.005536829145448806
0.003365382686481507
-0.0005048009619880172
-0.008952710280459207
0.01097911418659636
0.02495033326516417
0.0426579082959766
0.03256004793343874
0.03785195786485943
0.007516071464694111
0.05370946742429801
-0.0231086418611666
-0.0003155280946128018
0.01037604418342243
0.004452108615965288
0.005101221076934284
0.08037827027249937
0.07085855041496023
0.04036778537271447
0.009765595250032909
0.1554095314491298
0.07436776552529141
-0.05641488606038837
0.1462601526056737
0.1658113740502629
0.1685278424481375
0.1675081965004449
0.1528995609078524
0.1325487814399657
0.1457801380419636
0.14066489185442
0.1081608796904304
0.06636332169509132
0.1089807568793777
0.09820737019781241
0.09005355034015491
0.09536998367529637
0.06584518557892813
0.08910885467090482
0.09971892282927401
0.08303554730950384
0.1102364212618012
0.1057396127632686
0.1259232665266748
0.1321323260777202
0.1413152403257014
0.1473806450871776
0.138886516840608
0.1154036832586287
0.1071336336222109
0.1189807062157978
0.08902717021724682
0.06877606520238737
0.02391312993396167
0.05046980993518685
0.1545711722264367
0.1594697318237329
0.1536987880319236
0.1545270929531491
0.1564691680300792
0.1621978209078049
0.1485405332626944
0.1258183513147562
0.1444195737945455
0.1268407259601275
0.01926086475879009
0.05497420820274088
-0.01077664063474872
0.1424745295560122
0.1379762668755969
0.1221050441458894
0.1015728856539913
0.08392745009558741
0.0592115626196119
0.08874686985486567
0.05447601996964858
0.03263608169947003
0.08439618587106895
0.108895249172577
0.1488438690223529
0.03907016686807702
0.04629668296927107
0.04885473818399523
0.04335167075419009
0.01800206738035964
0.03836062288773609
0.0229632899408535
-0.001492182191597017
0.01338584244853006
-0.003556631704506879
-0.01602723376462263
-0.04951121020301314
-0.04659194664721198
0.03446719946493336
-0.07443877921833397
-0.07413642355784195
-0.05402623074493847
-0.02707584629427597
-0.04508269757223101
0.02298232357469265
0.0417502809825331
0.05545995191588716
0.03602062721070495
0.04687065779055141
0.03794127650391195
0.0374131383943775
0.03310865798932326
0.03343733920167247
0.04041989495344176
0.03162795654624189
0.0008739185377614478
0.00176156309436703
-0.02877691303225006
0.007829288645812589
-0.0006340629979433524
0.002732057118936429
0.02619024145430755
-0.0004242604672272465
-0.009599115678712043
-0.02246474774541004
0.006995520230094631
0.01984925997515344
0.04489344560098561
0.01424683739388783
0.02391330457671301
0.001095502348476671
-0.01210122350629058
0.04134356532962537
0.04897982059342699
0.01118017820710237
0.01212778775629211
-0.003522393633792475
-0.01404817726629661
-0.01405667736181737
-0.02849783125081881
-0.01690905567136029
0.03925446385858892
0.03510088875220229
0.01615256971541182
0.005126882893954169
0.01140140122522721
0.01197293489726271
0.01121371347607769
-0.0007664143321463459
0.009577061873888215
0.01308774690102088
0.05566561466712302
0.04836716085187309
0.03600649147707141
0.01910086471685089
0.04662244203853141
0.02562824608085023
0.004181396127783457
0.03382041080766703
0.1053876174141175
0.1148125283438816
0.1286482653945426
0.1535802871671903
0.1421496112978397
0.03409920053645327
0.02307211303964632
0.02404926416378614
0.03420972892133549
0.02201343201042532
0.009446178446046585
0.01490385891746798
0.00401162460126517
-0.0007896253804690826
-0.001997782004045417
0.02532501611783834
0.04105686555943483
0.04011874068343382
0.04256488395086966
0.1124708017560098
0.01277333240790302
0.02087951511690813
0.03109434969189282
0.1190480906577372
0.0142915896456114
0.01434669027698055
0.01161920676158933
0.05831518618752399
-0.008396870906317999
0.00797074598695067
0.01115467973321206
0.01706693391167279
0.01941760049233348
0.02595668489892542
0.02432188701962319
0.02051413960237952
0.01572516942170927
-0.009597169735869058
0.01752300703542183
0.01387181775185722
0.005507516720871629
-0.006728217959032059
-0.009865597604077641
-0.007376173488724128
-0.00111816634577252
-0.008393970874462919
-0.003114093558388437
-0.0001548454919392207
0.01444300724923058
0.008000961221211432
0.02917016298041989
-0.005796516897413417
0.01826993036688162
0.0171554744615826
0.02644750369230894
0.1553513790058953
0.1560251528146396
0.1513698274003192
0.1439519647956484
0.04017355230712014
0.02919005060384947
0.03033181148131188
0.03595409325667715
0.03789433179611323
0.0424022388322059
0.04814424176660857
-0.005099478086752558
-0.01757608316870238
0.004931879555884053
-0.0138587619191366
0.02233180833050749
0.02260810560128737
4.71595712337907e-05
0.03152859279536149
-0.007247348073234801
0.004437789223367739
0.06327687586757834
0.06289668752318242
0.05537175383313581
0.05393725656672194
0.03885558138395574
0.02351791396952329
0.0543633009321298
0.02639284473306212
0.01473643281329809
0.0186484890261129
0.0145697716465481
0.03697881806704771
0.03873068830810196
0.04500713359750132
0.01675601867222676
-0.007333990422461292
0.01057382926389323
0.13834299536374
0.1457833079133684
-0.0773595174536874
-0.01321872454260208
-0.05340711411853236
-0.05280878132283933
0.1265031968629371
0.1000772143807904
0.1346507145334085
0.1293388448442844
0.1540541824079295
0.1657101947453646
0.09947809648044502
-0.004301315556181365
0.04455401623294228
0.01211048308443979
0.01194290481830613
0.03760791469826521
0.03493343277461228
0.02338617661084585
-0.0436705270092345
-0.04868299676487849
-0.009578268895994436
-0.01363836511116749
0.03753876564432896
0.1037256726095717
0.0956591297198363
0.1150574041732367
0.00644619935777713
0.005189254096581119
-0.06730051106160939
-0.06145233266580176
-0.06327030690963016
-0.005591680189011465
0.0102161855318149
0.01123742853137738
-0.03016009772706647
0.09342217411893378
0.06213348176410036
0.01063744809666803
0.01945032674354234
0.01210661693343109
0.02994013289223306
0.01737396568127822
0.03773017170496901
0.02664810344187836
0.002157161230125107
0.0739992484353561
-0.005877308345074089
-0.005803644769023462
-0.03039363180427817
-0.03050582220445734
0.05670290868367169
0.049904179409559
0.01066520098679135
0.1439153056478892
0.136619860862133
0.03838665504961199
-0.004143524629688616
0.05931066617264326
0.01157165743898405
-0.003306303598773938
-0.01243495011301141
0.02878215735446122
0.003659151197122918
0.01648254269631058
0.06126192282105192
0.148093916031802
0.005732569986535779
0.01459990810389113
0.02429931206010902
0.1579422687314103
0.1350778264142372
0.1139733160701548
0.04281463918726432
-0.01094051789409631
0.1436696552872163
0.02001343908032758
0.01451284060903688
0.0100458525557357
