0.1629551405237408
0.175336553071075
-0.06656652976929935
0.2383074484715797
0.08894692474276097
0.1516748016974371
0.05380356856398775
0.101986265010275
0.06547059247885822
0.2702186119355586
0.09727716889672949
0.2582517624291145
0.1861571903353207
0.1461759520855023
0.2304251530575938
0.1653251863472838
0.2578919096534053
0.1747741227181363
0.08473539723920881
0.260693384958411
0.1962564721710783
0.2383511652281519
-0.06431367947950134
0.0667859393316433
-0.00646188192784653
0.2848742795196922
0.2156929165355772
0.153481375764031
0.1760291611411515
0.2633972446527575
0.2744034279179434
0.2074469588510972
0.2507253024049749
0.2278696627464548
0.1705921603533219
0.2579443018714924
0.2375346443623201
0.231259452632746
0.2713990344952341
0.09493692186632753
0.191031798592242
0.1941805116328999
0.1055087788072781
0.1813783482602123
0.155550329357597
0.2399296278181237
0.0343846881483689
0.2540600957764528
0.253959170194086
0.2301011508275557
0.2006449381274121
0.1138196414116424
0.0669083242949155
0.1072574442187775
0.1075380393294283
0.1425071151307554
-0.01780972933783961
0.03521497458731705
-0.02349324066611319
0.133100071360927
0.1962546844794515
0.1599542142365823
0.1542432626201787
0.2450758229054475
0.2358541676930213
0.2164244058808333
0.1999962847795879
0.174682165271792
0.17633386691335
0.1621530302103911
0.1905471964066396
0.2470834551905256
0.2404653461510107
0.08354998907741432
0.267447208449768
0.2453895960579322
0.04011058209756734
0.03423038243016169
0.03056658689958422
-0.004981270392608904
0.1029851541442206
0.1574147144266893
0.1726398097286143
0.08705104607915712
0.2033540226375284
0.01920949667471102
0.07505195123250173
0.02283521577386263
-0.0001067103460333438
-0.06490585468364626
-0.09117478248972469
-0.03708313484072783
0.05556130127201443
0.09000334451768702
-0.02480539787706681
-0.03021251846484308
-0.02063247624339775
-0.06800141109453629
-0.03767807564821024
0.2263225692998737
0.2512980639132307
0.246917627933277
0.2140483810780625
0.06671134469073831
0.05832816294428984
0.181017117396629
0.1586122521150398
0.1143637742740733
0.1103672882460486
0.0406895876942274
0.06653156264224214
0.1274056708068454
0.164259025098604
0.1266546585659075
0.1130343289369238
0.1488510307848086
0.0779017485389627
0.0920170141805144
0.1453560979177742
0.1762686681241894
0.01932296251338964
0.02397777635915849
0.03156617203045412
0.02504046657140079
0.0100369727934783
0.00324094646842194
0.03411632324831011
0.06711420650217617
0.09728704764185933
0.06969319821508781
-0.01200602464910035
0.02159175064630613
0.03094256194286328
0.000784593365311518
0.06396981247520898
0.05001115533859473
0.06768304431946727
0.05914065768603534
-0.02739522991838455
0.0002594676316236813
-0.0004017037554418356
-0.06309772996994353
-0.08509773152361241
0.1309250775199855
0.08904797514431334
0.07668785562372082
-0.004144402649956133
0.0352100867403824
0.02193992494706751
-0.04646177433915916
0.07568572965982712
0.09523582876866525
0.08211209993992973
0.1246466998138604
0.162334610594584
0.1558544868318782
0.1631106528673683
0.1345608364899287
0.08586522783954544
0.1457480233169215
0.1441504142144766
0.1773759198591104
0.1300362162934406
0.08284659714763849
0.06316614944850515
0.175687127735379
0.1784963621637264
0.1607705608058299
0.1409636247870728
0.08193586611213549
0.1643254858817425
0.2024326735902798
0.2378770071467656
0.2055170806979244
0.1448659827614187
0.0779283054183408
0.0307670402358967
0.08178638497504283
0.07295099465131362
0.01119906595872686
-0.02779233641253967
-0.08052750306295932
-0.08035022618992517
0.1074683385566266
0.1305256677089196
0.001289026838081227
-0.09408003748448907
0.1691349339165316
-0.04511733931052768
-0.07480731516326804
0.08767147223146123
-0.0882542637255416
0.07811469027111621
0.1829162924376021
0.1327651214287995
0.1843432256868098
0.09206467731014778
0.1189756740712237
0.1306899905177956
0.07868572035083157
0.04185329385583317
0.0378428185130906
0.1395129900417385
0.0921109244457033
0.106555962836934
0.04342943287374893
0.1267235808069498
0.1784955976776505
0.1724001392960922
0.1336713674696482
0.1273119639177217
0.01916332042579011
0.1307705088909788
0.06704780889025345
0.1447083143518822
0.08486941021996208
0.04553668926252648
0.03864563419385256
0.01759273017773196
0.1637343041330678
0.1875102608501419
0.1629278639692446
0.07843126685598606
0.05804430364446048
0.1312986819511297
-0.04146505489472328
-0.037766237889536
-0.05549182915373613
-0.07913086749097513
-0.04976128335642547
-0.02887747652310411
-0.01271755157553859
-0.02522682896680547
-0.06669408210531386
0.001485008078541917
0.03373992392685034
0.05524628131283484
0.008964878070363173
0.01414403030923677
0.0496564409477679
0.05710626846492343
0.1111680898369645
0.07649868345146796
0.1126172699771191
0.1104221145628049
0.07956779889615739
0.08213411892901953
-0.06851675778789419
-0.0274385526985956
0.05809667376558338
-0.05682703087593898
-0.07889574420715748
-0.08254583349762445
-0.083434257198277
-0.07540839964162796
-0.0827307172785982
-0.07596659859769607
-0.08493948614660092
-0.09663658853140171
-0.08869351849168104
-0.08729677518927891
-0.08232045316992997
-0.08434049547040752
-0.08164898842636903
-0.0837429861935564
-0.09682822848296062
0.04834068959784654
0.09536031341389564
0.1617987470409971
0.1916488796813884
0.1825965999219779
0.1610182916691421
0.1590407112188587
0.1393980063721127
0.110028128553721
0.09941579457435412
0.08408338636245719
0.07286277535641233
0.07879223296999813
0.1338238889107733
0.1042295280975764
0.1004158228292968
0.06811412546308537
0.02134426971253624
0.1426575482016128
0.1225919240712727
0.1183131088098527
0.1467097514749918
0.1809035412692773
0.1134313295784723
0.1035159571621778
0.1062081654888916
0.09474049331240655
0.06601209559186336
0.04356979452944787
0.04849435387459407
0.07819793318179763
0.04369710977446975
0.05864273263641551
0.06634872377460441
0.06024007589826232
0.05396787032657434
0.08828906355418942
0.0451215579716027
0.009934092962988651
0.08860364226554407
0.05025446598679421
-0.004361189299767144
0.03157748063824383
0.1065391549083604
0.08666412413770064
0.08585266101893649
0.09195084229393405
0.1694861622918501
0.140922278067675
0.1476983577181093
-0.03332557343698054
0.157203898330015
0.122875710071092
0.1002061512573301
0.07189561103861999
0.08525942775660525
0.09575308972519297
0.1101991153464739
0.1047740008901696
0.106224974389455
0.1034973226927626
0.09874313799936488
0.09318027295575411
0.07422221071551777
0.1001095873136284
0.07391363622589421
0.04329034060726202
0.03206136424856191
0.03863522978197764
0.09083504156137903
0.0933140023605304
0.09641452567888498
0.08791027094573435
0.07851568373227617
0.0823049721534499
0.07484777843325513
0.06269178794822775
0.04590975918196518
0.02670449060637927
0.02383596709764036
0.01149211557356597
0.01974404975233358
-0.002959836198857189
0.0007484248392894755
-0.008339744122231825
-0.02934488479421173
0.06799359098788751
0.06639666481420371
0.08961875596543509
0.05268443870593026
0.09014745361357163
0.09082609782541459
0.08671295531847582
0.05956795339107222
0.05557112847495805
0.07404540519528759
0.08281009007134017
0.03970093881685735
0.06305390854466875
0.06099260789608052
0.05366491635353772
0.05475698101705816
0.0676965102235485
0.07040040865725662
0.08456197058685917
0.07802951902611277
0.06444505736545715
0.06294465435173385
0.06163615341064747
0.03647116390879783
0.0484882542590557
0.0264195179328279
0.01588015570235179
0.008195103002915417
0.03797796118516952
0.06917476680476133
0.0844081187184574
0.0950532617404025
0.08095487906624113
0.05829962335743494
0.04377540392843837
0.05489543053808012
0.06525538261392141
0.04383796224615935
0.05103681883657531
0.03042781005400719
0.05846826591108661
0.03588739226517629
0.02501536309262514
0.009329127512665555
0.0187747350647609
-0.007394238347010191
-0.005843947017489816
0.03276434237511455
0.007418062803655089
-0.03615555778911064
-0.0209257060995021
-0.02376788647277889
-0.02433400260892659
-0.02222949904880118
-0.03902949375601115
-0.01698803833875068
-0.009316030203831488
-0.0307035969259218
-0.01730552510781162
-0.0006690351008561603
0.02527842069725443
0.03315739471779249
0.03638729178206268
0.03553244968601552
0.01125297887733283
0.01141285729096975
-0.01737295086506974
-0.00596801264887914
-0.01253805219894742
-0.03304579058254998
0.09759681290420355
0.1587572397895039
0.05141307827168579
0.04062274791059119
0.02262765354918292
0.01242155733180761
0.02057827213634492
0.01017924913516927
0.03368597972080279
0.03811918319107777
0.006067043303349324
-0.009767277780560992
0.0709949992200789
0.07273267600841682
0.1100487289472534
0.02561344016005065
0.02900974889124694
0.05055748890377368
0.05103967839364279
0.06754053211810671
0.05911524060606074
0.05407634199691942
0.07190226434714275
0.06590957151705842
-0.02618962800046132
-0.007363733746187208
0.007882500782695086
0.03018205722676551
-0.004192703512575547
-0.0146681304853279
0.01833842545903517
-0.006725617751725511
-0.006407472333746691
-0.03186342669900149
-0.0622817684373063
-0.0590732896309773
-0.06883796655901188
-0.05907949361087879
-0.04671568760240442
-0.08729344797683536
-0.03781578069508402
-0.06688711197733205
-0.08590094497529002
-0.07969149107830228
-0.0569312996227504
-0.03620365211939838
-0.04966260295352101
-0.02270866117277699
-0.04196678645533614
8.781760215910187e-05
0.04288559683265233
0.08425209322927661
0.06181667012285397
0.1162943010742797
0.1202544527173156
0.06654435586676265
0.09509622077609628
0.00837596388102815
0.0431625188290789
0.03749558582083848
0.01413788868418238
0.02323882084863963
0.03572499614750908
0.02789925946289136
0.03397672156490884
0.07809096130611104
0.09077759546106526
-0.006351222556393205
-0.02716108587390183
-0.04764288041429181
-0.01039722285133502
0.002218084154925351
0.005802421613751625
0.01966444783819912
-0.00640162638103154
-0.03378242119501817
0.02451584328967501
0.05207568141125448
0.06315105898691599
0.07903604901818796
0.1073963536492211
0.1169396534663312
0.01363079317346109
0.01342692247579967
0.08737224331004592
0.1227251162313544
0.1194103542326141
0.1517794256746233
0.1573019807248295
0.1420647145925389
0.1400475293360632
0.1228991348753126
0.1187539615481551
0.03802363002666326
0.02214033402135106
0.02901719471169596
0.04298916517114922
0.0419880638697403
0.01316249224150649
0.08066505629325206
0.262197635188836
0.06309449796028498
0.05122717804369289
0.04961223351605439
0.04026284619395015
0.0502653434098279
0.1606292876679038
0.2059100613303651
0.2418640332169824
0.235720550116168
0.2544069134518777
0.2040473925598857
0.2521589286808648
0.227470954581053
0.1946043748771724
0.1966931523934596
0.1652649632528964
0.0865502425510643
0.05455377806612183
0.03827098590775897
-0.01523517427389854
0.1420082787731942
-0.07401897059113888
0.08457632999232256
0.06207057583535847
0.0432655277375894
0.06600789558185359
0.04478917312029321
-0.06375303929657669
-0.03001805441524674
-0.007886484117118307
0.03457574365477663
0.02253085217334149
0.05310538728958864
0.04215140237869571
0.1594123163911582
0.1731848006668766
0.1583885103049266
-0.01054985722508929
0.06956921769885686
0.07967600009758402
0.08144651804139717
0.1113519831452019
0.1270139706718263
0.1363617724872432
0.1547222112176431
0.1409343574441847
0.1295292706419404
0.1136035831237422
0.06962719351670438
0.07208147060744295
0.01807124503589523
0.1198024026105579
0.09322818825463265
0.1518519289921537
0.1282058759360792
0.05890662281755482
0.07002031536053679
0.07963728729938631
0.05631218424685386
-0.04579480825342033
-0.03354012523244669
0.2366385222013803
0.2156411260292425
0.1905349613840701
0.2482096567851681
0.2400687497648613
0.129073056277972
0.1462690208725724
0.09913965135280493
-0.02518703980976176
0.00802411467945336
0.05407543296851277
0.1945553992365436
0.05492772333829356
0.005056059490301482
0.034993396693649
-0.05092041248358465
-0.04718279291793305
-0.04320289957175009
-0.02517040447771372
0.001236598671363501
0.03041837578409476
-0.0005277310087838595
0.05496313295038116
0.05897136222232194
0.09277172085655222
0.09187630282584933
0.1219286992987243
0.08309560207094564
0.1087581353644805
0.1696495656599601
0.1032341769736674
0.09129799382565354
0.05708727486641399
0.04878355436224914
-0.09320058416984787
0.05696815583933543
0.001482723348301336
-0.02496700856701414
0.04453562917338093
0.06157739250956738
0.0403086618621936
0.03979870479856103
0.03357488380069551
0.01971772359098022
0.05046174242152809
0.09845725928772937
0.0900406067014009
0.123068174361421
0.1236060066245928
0.01391296541391326
0.03568903801451359
0.0661871169356978
0.04608129080435909
0.04763031493085304
0.1726877440343139
0.159823898030971
0.05736587578339797
0.04391246855716548
0.1105137098959277
0.08802537438641871
0.06020873095991242
0.04450644916186148
-0.04780969800691035
-0.02317198199890263
-0.0006178672050919747
0.07467888840908049
0.1271770355708537
0.09669614758796678
0.1191573371766372
0.05971776136227573
-0.01299987178256728
0.02271080525379932
0.01060018164578815
-0.003507408798739067
0.006494261721045856
0.09381274352535554
0.2216034064968655
0.1624557553825409
0.1525474124424993
0.05935932601862126
0.03899964145629514
0.0216279749314251
0.07149014382080245
0.05635684442512095
-0.02409358779850898
-0.001580239798724045
0.2165505753496032
0.0714487306278879
0.08843350769881402
0.07955406815841605
0.1092880963629276
-0.06140668728448173
0.1592783015301289
0.2712654685448634
0.04707022331817472
-0.02021787605098787
0.1216268097256686
0.1676117251744198
-0.06867452519340504
0.009825970644144413
0.182765618397491
0.1818416527184656
0.06369324454809082
0.02819969254910686
0.01173078483244115
0.03936154675423486
0.01217265806287467
0.03015271342234989
0.09883774473836368
0.1189810374696434
0.03038074081207885
-0.01652850430270539
